도로명,도로 종류,시작점_위도,시작점_경도,종료점_위도,종료점_경도,중앙점_위도,중앙점_경도,도로_길이,터널 여부,교량 여부,서비스 도로 여부,도로 ID,속도 제한,차선 수,일방통행 여부,교차로 여부,행정동
화랑로51가길,주거지 도로,37.623787,127.0905894,37.6239621,127.0904446,37.62387455,127.090517,23.356620190841575,,,,82079134,,,,,공릉2동
화랑로51가길,주거지 도로,37.6249957,127.0921995,37.6242461,127.0908975,37.6246209,127.0915485,141.76022808880623,,,,82079340,,2,,,공릉2동
"['화랑로51가길', '화랑로51나길']",주거지 도로,37.6249957,127.0921995,37.6258008,127.0914785,37.62539825,127.091839,297.1911927553639,,,,"[183272424, 82079340]",,2,,,공릉2동
화랑로51가길,주거지 도로,37.6249957,127.0921995,37.6258008,127.0914785,37.62539825,127.091839,109.7557597870069,,,,82083640,,,,,공릉2동
화랑로51가길,주거지 도로,37.6249957,127.0921995,37.6248408,127.0923262,37.62491825,127.09226285,20.522657912307636,,,,82083640,,,,,공릉2동
화랑로51길,주거지 도로,37.624958,127.086212,37.6252426,127.088182,37.6251003,127.087197,176.69467297482703,,,,551973533,,,,,공릉2동
공릉로,주거지 도로,37.6255,127.07988,37.6255002,127.0794843,37.6255001,127.07968215,34.84871622597769,,,,414535771,,,,,공릉2동
공릉로34길,주거지 도로,37.6255,127.07988,37.6256572,127.0805968,37.6255786,127.0802384,65.58029880362395,,,,381034871,,,,,공릉2동
공릉로,3차로,37.6255,127.07988,37.626,127.07973,37.62575,127.079805,58.77766238042189,,,,519948361,,,,,공릉2동
공릉로,3차로,37.6255,127.07988,37.6250568,127.0797952,37.6252784,127.0798376,49.875266088184446,,,,519948361,,,,,공릉2동
수표로,3차로,37.5614453,126.9905714,37.5616186,126.9905342,37.56153195,126.9905528,19.54708878437452,,,,1205679418,,,,,필동
수표로,3차로,37.5614453,126.9905714,37.5612357,126.9904169,37.5613405,126.99049415,27.4262678902241,,,,420361195,,,True,,명동
수표로,3차로,37.5620709,126.9904613,37.5624239,126.9903663,37.5622474,126.9904138,40.13510221166196,,,,1205679418,,,,,필동
수표로,3차로,37.5620709,126.9904613,37.5616186,126.9905342,37.561844750000006,126.99049775,50.70235963120819,,,,1205679418,,,,,필동
수표로2길,주거지 도로,37.5620709,126.9904613,37.5621394,126.9914818,37.56210515,126.99097155,90.27630610220945,,,,420383143,,,,,필동
수표로12길,주거지 도로,37.5640537,126.9901419,37.5641393,126.9911738,37.564096500000005,126.99065785,91.49116686682254,,,,228795472,,,True,,을지로동
수표로,3차로,37.5640537,126.9901419,37.5647897,126.9899629,37.5644217,126.9900524,83.34680087088059,,,,1205679418,,,,,을지로동
수표로,3차로,37.5640537,126.9901419,37.5635237,126.9902255,37.5637887,126.9901837,59.39717410742512,,,,1205679418,,,,,을지로동
수표로,주거지 도로,37.5654302,126.982557,37.5654042,126.9835397,37.5654172,126.98304835,86.66306787834507,,,,198691066,,,,,명동
을지로17길,주거지 도로,37.5665218,126.99451,37.5677682,126.994615,37.567145,126.9945625,138.91993064380964,,,,170403804,,,,,을지로동
을지로19길,주거지 도로,37.5665821,126.9957331,37.5668919,126.9957095,37.566737,126.9957213,34.51097901904701,yes,,,1283637457,,,True,,을지로동
을지로39길,3차로,37.5666359,127.0044869,37.5683199,127.0053587,37.5674779,127.0049228,202.42304220804607,,,,420334155,30.0,5,,,광희동
을지로27길,주거지 도로,37.566751,126.9991609,37.5670056,126.9991457,37.5668783,126.9991533,28.341953629294327,,,,1283637469,,1,True,,을지로동
을지로35길,주거지 도로,37.5668157,127.0004729,37.5679058,127.0011269,37.56736075,127.0007999,136.22604211574452,,,,"[420348540, 1283637471]",,,True,,을지로동
수표로,주거지 도로,37.5675945,126.9896023,37.5676125,126.990282,37.5676035,126.98994215,59.94018640352889,,,,228795484,,,,,명동
수표로,3차로,37.5675945,126.9896023,37.5680036,126.9895844,37.56779905,126.98959335,45.51725799468254,,,,329995230,,,,,명동
수표로,3차로,37.5675945,126.9896023,37.5672074,126.989628,37.56740095,126.98961515,43.10317580237342,,,,329995230,,,,,명동
종로10길,주거지 도로,37.5701601,126.9844582,37.5695645,126.9844468,37.5698623,126.9844525,66.29081650083435,,,,360113081,,,,,종로1·2·3·4가동
수표로,3차로,37.5702209,126.9894811,37.5698609,126.9894978,37.5700409,126.98948945,40.0587176445146,,,,215843535,,,,,종로1·2·3·4가동
수표로,,37.570288,126.9876379,37.5702413,126.9873621,37.57026465,126.9875,24.855818412716516,,,,1205728392,,,True,,종로1·2·3·4가동
동순라길,주거지 도로,37.5707088,126.9964319,37.573362,126.9966047,37.5720354,126.9965183,306.01226414952924,,,,"[184083131, 170403780]",,,,,종로1·2·3·4가동
언주로135길,주거지 도로,37.5170797,127.0353171,37.5169804,127.0344674,37.51703005,127.03489225,75.74994212654973,,,,184391024,,,,,논현2동
동교로25길,주거지 도로,37.5598705,126.9195033,37.56024,126.9187185,37.560055250000005,126.9191109,89.77804148180762,,,,184432624,,,True,,연남동
연남로3길,주거지 도로,37.5598705,126.9195033,37.5606092,126.9207286,37.56023985,126.92011595,135.69454961127212,,,,184432626,,,True,,연남동
동교로23길,주거지 도로,37.5589845,126.9183552,37.5585717,126.9187276,37.5587781,126.9185414,56.43222089746784,,,,184432623,,,True,,연남동
월드컵북로8길,주거지 도로,37.5589845,126.9183552,37.5593658,126.9185642,37.55917515,126.9184597,46.53923062525201,,,,184436165,,,,,연남동
월드컵북로8길,주거지 도로,37.5589845,126.9183552,37.5585777,126.9178289,37.5587811,126.91809205,65.50859480075286,,,,184436165,,,,,연남동
연남로3길,주거지 도로,37.5606092,126.9207286,37.5612904,126.9218631,37.5609498,126.92129585,125.46446690396678,,,,184432626,,,True,,연남동
동교로27길,주거지 도로,37.5606092,126.9207286,37.5600724,126.92124,37.560340800000006,126.9209843,74.79866058667433,,,,184436160,,,True,,연남동
월드컵북로4길,주거지 도로,37.5578924,126.9214859,37.5589319,126.9225577,37.558412149999995,126.9220218,149.28645102178584,,,,184432622,,,True,,서교동
동교로25길,주거지 도로,37.5578924,126.9214859,37.5582429,126.9211034,37.55806765,126.92129465,51.536514229462014,,,,184432624,,,True,,서교동
성미산로,3차로,37.5606304,126.9168645,37.560934,126.9173682,37.560782200000006,126.91711635,55.77547149367515,,,,515592175,,,,,성산1동
성미산로,3차로,37.5606304,126.9168645,37.5602966,126.9162967,37.5604635,126.9165806,62.31027229495092,,,,515592175,,,,,성산1동
동교로23길,주거지 도로,37.5606304,126.9168645,37.559121,126.9182124,37.5598757,126.91753845,206.2147276141509,,,,184432623,,,True,,성산1동
동교로23길,주거지 도로,37.5569183,126.9204896,37.5562392,126.9212742,37.55657875,126.9208819,102.39927366407484,,,,184432623,,,True,,서교동
월드컵북로4길,주거지 도로,37.5569183,126.9204896,37.5574217,126.921008,37.55717,126.9207488,72.2643388292052,,,,184432622,,,True,,서교동
연남로3길,주거지 도로,37.5593658,126.9185642,37.5598705,126.9195033,37.559618150000006,126.91903375,101.13533246469363,,,,184432626,,,True,,연남동
월드컵북로8길,주거지 도로,37.5593658,126.9185642,37.56024,126.9187185,37.5598029,126.91864135,98.41827239182224,,,,184436165,,,,,연남동
월드컵북로8길,주거지 도로,37.5593658,126.9185642,37.5589845,126.9183552,37.55917515,126.9184597,46.53923062525202,,,,184436165,,,,,연남동
동교로25길,주거지 도로,37.5582429,126.9211034,37.5587455,126.9205677,37.5584942,126.92083555,73.16524522960373,,,,184432624,,,True,,서교동
동교로23길,주거지 도로,37.5582429,126.9211034,37.5577837,126.9204369,37.5580133,126.92077015,77.83895317603574,,,,300746323,,,,,서교동
동교로23길,주거지 도로,37.5579076,126.91934,37.5574227,126.9198969,37.55766515,126.91961845,72.9180354768982,,,,184432623,,,True,,서교동
월드컵북로6길,주거지 도로,37.5579076,126.91934,37.5575284,126.9187818,37.557718,126.9190609,64.79967764936868,,,,184436172,,,,,서교동
월드컵북로6길,주거지 도로,37.5579076,126.91934,37.5582929,126.9199046,37.558100249999995,126.9196223,65.67059773814582,,,,184436172,,,,,서교동
동교로25길,주거지 도로,37.5587455,126.9205677,37.5593349,126.9200139,37.5590402,126.9202908,81.72207470927034,,,,184432624,,,True,,연남동
월드컵북로6길,주거지 도로,37.5587455,126.9205677,37.5595477,126.9217436,37.559146600000005,126.92115565,136.75023879872796,,,,184436172,,,,,서교동
월드컵북로6길,주거지 도로,37.5587455,126.9205677,37.5582929,126.9199046,37.5585192,126.92023615,77.13186983570503,,,,184436172,,,,,서교동
동교로27길,주거지 도로,37.5589319,126.9225577,37.5585351,126.9230761,37.5587335,126.9228169,63.53955957136918,,,,184436160,,,True,,서교동
월드컵북로4길,주거지 도로,37.5589319,126.9225577,37.5593384,126.9229654,37.55913515,126.92276155,57.74827332299557,,,,300746324,,,True,,서교동
월드컵북로8길,주거지 도로,37.5605699,126.9187344,37.5617068,126.9186731,37.56113835,126.91870375,127.38544657746542,,,,184436165,,,,,연남동
월드컵북로8길,주거지 도로,37.5605699,126.9187344,37.56024,126.9187185,37.56040495,126.91872645,36.768065616329885,,,,184436165,,,,,연남동
동교로25길,주거지 도로,37.5593349,126.9200139,37.5598705,126.9195033,37.5596027,126.9197586,74.65009962124849,,,,184432624,,,True,,연남동
연남로1길,주거지 도로,37.5593349,126.9200139,37.5585717,126.9187276,37.5589533,126.91937075,141.62892667842854,,,,184436177,,,True,,연남동
연남로,3차로,37.5616254,126.9224347,37.5610595,126.9228985,37.56134245,126.9226666,75.03920536744832,,,,37401914,,,,,연남동
연남로,3차로,37.5616254,126.9224347,37.5624066,126.9218075,37.562016,126.9221211,102.9714221400334,,,,37401914,,,,,연남동
동교로23길,주거지 도로,37.5585717,126.9187276,37.5579076,126.91934,37.55823965,126.9190338,91.47174874031094,,,,184432623,,,True,,연남동
동교로27길,주거지 도로,37.5600724,126.92124,37.5595477,126.9217436,37.55981005,126.9214918,73.31163736339195,,,,184436160,,,True,,연남동
연남로1길,주거지 도로,37.5600724,126.92124,37.5593349,126.9200139,37.55970365,126.92062695,135.66970057918394,,,,184436177,,,True,,연남동
월드컵북로8길,주거지 도로,37.56024,126.9187185,37.5605699,126.9187344,37.56040495,126.91872645,36.76806561632989,,,,184436165,,,,,연남동
월드컵북로8길,주거지 도로,37.56024,126.9187185,37.5593658,126.9185642,37.5598029,126.91864135,98.41827239182224,,,,184436165,,,,,연남동
동교로27길,주거지 도로,37.5595477,126.9217436,37.5589319,126.9225577,37.5592398,126.92215065,99.19498205919606,,,,184436160,,,True,,서교동
월드컵북로6길,주거지 도로,37.5595477,126.9217436,37.5602337,126.9227524,37.5598907,126.922248,117.15712290300422,,,,184436172,,,,,서교동
월드컵북로6길,주거지 도로,37.5595477,126.9217436,37.5587455,126.9205677,37.559146600000005,126.92115565,136.75023879872796,,,,184436172,,,,,서교동
성미산로,3차로,37.5617068,126.9186731,37.5620987,126.9193356,37.56190275,126.91900435,72.86283973258885,,,,515592175,,,,,연남동
성미산로,3차로,37.5617068,126.9186731,37.5615349,126.9183797,37.56162085,126.9185264,32.15864279476766,,,,515592175,,,,,연남동
월드컵북로8길,주거지 도로,37.5617068,126.9186731,37.5605699,126.9187344,37.56113835,126.91870375,127.38544657746544,,,,184436165,,,,,연남동
성미산로,3차로,37.5620987,126.9193356,37.5617068,126.9186731,37.56190275,126.91900435,72.86283973258885,,,,515592175,,,,,연남동
동교로27길,주거지 도로,37.5620987,126.9193356,37.5613467,126.9200378,37.5617227,126.9196867,104.03433027407075,,,,184436160,,,True,,연남동
성미산로,3차로,37.5620987,126.9193356,37.5627755,126.9204628,37.5624371,126.9198992,124.64109369384082,,,,515592175,,,,,연남동
연남로,3차로,37.5605891,126.9232735,37.5600633,126.9237011,37.560326200000006,126.9234873,69.56245526147555,,,,37401914,,,,,연남동
연남로,3차로,37.5605891,126.9232735,37.5610595,126.9228985,37.5608243,126.923086,61.87827867318021,,,,37401914,,,,,연남동
월드컵북로6길,주거지 도로,37.5605891,126.9232735,37.5602337,126.9227524,37.5604114,126.92301295,60.593227132136285,,,,184436172,,,,,서교동
성미산로,3차로,37.5611784,126.9177721,37.5611953,126.9177994,37.56118685,126.91778575,3.0531781189363336,,,,515592175,,,,,성산1동
성미산로16길,주거지 도로,37.5611784,126.9177721,37.5602049,126.9182781,37.56069165,126.9180251,117.48526617777851,,,,463773975,,,,,성산1동
성미산로,3차로,37.5611784,126.9177721,37.560934,126.9173682,37.5610562,126.91757015,44.78939129175855,,,,515592175,,,,,성산1동
월드컵로16길,주거지 도로,37.5579592,126.9133412,37.557582,126.9123717,37.5577706,126.91285645,96.08081996391874,,,,224133001,,,True,,서교동
동교로18길,주거지 도로,37.555056,126.9164513,37.5540685,126.9174989,37.55456225,126.9169751,144.10988354575986,,,,370682530,,,,,서교동
성미산로,3차로,37.5600399,126.9158814,37.5602966,126.9162967,37.56016825,126.91608905,46.42001566631992,,,,515833698,,,,,성산1동
동교로19길,주거지 도로,37.5600399,126.9158814,37.5594832,126.9161682,37.559761550000005,126.9160248,66.86574132419489,,,,182810414,,,,,성산1동
성미산로,3차로,37.5600399,126.9158814,37.55939,126.91473,37.55971495,126.9153057,124.72160537528806,,,,515833698,,,,,성산1동
월드컵북로5길,주거지 도로,37.556086,126.9156264,37.55582,126.91506,37.555953,126.9153432,58.03206550129828,,,,182809846,,,True,,서교동
동교로17길,주거지 도로,37.556086,126.9156264,37.5552741,126.9162801,37.55568005,126.91595325,107.10242423819032,,,,370682541,,,True,,서교동
녹사평대로40길,주거지 도로,37.5344101,126.9889189,37.5341967,126.9894425,37.5343034,126.9891807,67.66827461236764,,,,184441588,,,True,,이태원1동
녹사평대로40길,주거지 도로,37.5344101,126.9889189,37.535025,126.9888245,37.53471755,126.9888717,95.05215161136236,,,,239286872,,,,,이태원1동
녹사평대로40길,주거지 도로,37.5344101,126.9889189,37.5342286,126.9899167,37.53431935,126.9894178,126.47549138058368,,,,239286872,,,,,이태원1동
녹사평대로40길,주거지 도로,37.5370961,126.9867524,37.5366435,126.9870148,37.5368698,126.9868836,55.42098661959258,,,,184441588,,,True,,용산2가동
녹사평대로,주거지 도로,37.5328105,126.9892955,37.5330399,126.9905889,37.532925199999994,126.9899422,135.85994731287676,,,,33803218,,,True,,이태원1동
회나무로26길,주거지 도로,37.5397755,126.9915991,37.5398976,126.9919729,37.53983655,126.991786,35.64486813371603,,,,330306028,,,,,이태원2동
회나무로26길,주거지 도로,37.5397755,126.9915991,37.5396046,126.9917536,37.53969005,126.99167635,23.381393417617392,,,,330306028,,,,,이태원2동
우정국로2길,주거지 도로,37.5695645,126.9844468,37.5695556,126.98398,37.56956005,126.9842134,41.153200058220094,,,,184443141,,,,,종로1·2·3·4가동
종로10길,주거지 도로,37.5695645,126.9844468,37.5691915,126.9844472,37.569378,126.984447,41.47578121178421,,,,360113078,,,,,종로1·2·3·4가동
우정국로2길,주거지 도로,37.5695645,126.9844468,37.569559,126.9857526,37.56956175,126.9850997,115.08821072499312,,,,184443141,,,,,종로1·2·3·4가동
종로10길,주거지 도로,37.5695645,126.9844468,37.5701601,126.9844582,37.5698623,126.9844525,66.29081650083437,,,,360113081,,,,,종로1·2·3·4가동
우정국로2길,주거지 도로,37.5695301,126.9828538,37.5695556,126.98398,37.569542850000005,126.9834169,99.3335884844404,,,,184443141,,,,,종로1·2·3·4가동
종로12길,주거지 도로,37.569559,126.9857526,37.5691737,126.9857549,37.56936635,126.98575375,42.843945309895865,,,,233652295,,,,,종로1·2·3·4가동
삼일대로19길,주거지 도로,37.569559,126.9857526,37.5695694,126.9869109,37.5695642,126.98633175,102.0930196489542,,,,344663892,,,,,종로1·2·3·4가동
우정국로2길,주거지 도로,37.569559,126.9857526,37.5695645,126.9844468,37.56956175,126.9850997,115.08821072499312,,,,184443141,,,,,종로1·2·3·4가동
종로12길,주거지 도로,37.569559,126.9857526,37.5701608,126.9857574,37.5698599,126.985755,66.94610306145889,,,,"[233652296, 1212435161]",,,,,종로1·2·3·4가동
율곡로6길,주거지 도로,37.5773717,126.9893297,37.5771444,126.9893293,37.57725805,126.9893295,25.27466711212028,,,,419812285,,,,,종로1·2·3·4가동
창덕궁길,3차로,37.5773717,126.9893297,37.5787547,126.9891888,37.5780632,126.98925925,154.50778006774263,,,,37400958,,,,,가회동
종로17길,생활도로,37.570345,126.9887982,37.5713936,126.9888211,37.5708693,126.98880965,116.65294724402791,,,,184444068,,,,,종로1·2·3·4가동
삼일대로30길,주거지 도로,37.5735175,126.9876248,37.5735701,126.9877315,37.5735438,126.98767815,11.074046644453452,,,,329261504,,,,,종로1·2·3·4가동
인사동5길,주거지 도로,37.5735175,126.9876248,37.5729775,126.9862331,37.5732475,126.98692895,136.63624496908318,,,,217514805,,,,,종로1·2·3·4가동
수표로,주거지 도로,37.5714584,126.9892168,37.5711044,126.9893256,37.5712814,126.9892712,40.514149272594096,,,,184444067,,,,,종로1·2·3·4가동
수표로,주거지 도로,37.5714584,126.9892168,37.5715615,126.9891853,37.57150995,126.98920105,11.795563258523162,,,,184444067,,,,,종로1·2·3·4가동
수표로,생활도로,37.5714584,126.9892168,37.5713936,126.9888211,37.571426,126.98901895,35.61063608961094,,,,419812904,,,,,종로1·2·3·4가동
돈화문로11가길,주거지 도로,37.5762871,126.990116,37.5760525,126.9901778,37.5761698,126.9901469,26.648829182932342,,,,419812286,,,,,종로1·2·3·4가동
돈화문로11가길,주거지 도로,37.5762871,126.990116,37.5770195,126.989904,37.5766533,126.99001,83.55478876809168,,,,419812286,,,,,종로1·2·3·4가동
돈화문로11가길,주거지 도로,37.5762871,126.990116,37.5762454,126.9899221,37.57626625,126.99001905,17.705726433843676,,,,419812288,,,,,종로1·2·3·4가동
수표로28길,주거지 도로,37.5734348,126.9909963,37.5733099,126.9907579,37.57337235,126.9908771,25.30851217266436,,,,184445043,,,,,종로1·2·3·4가동
돈화문로11가길,주거지 도로,37.5734348,126.9909963,37.5729047,126.9911345,37.573169750000005,126.9910654,60.189836378110655,,,,419812286,,,,,종로1·2·3·4가동
돈화문로11가길,주거지 도로,37.5734348,126.9909963,37.5743876,126.9907009,37.5739112,126.9908486,109.22804096714546,,,,419812286,,,,,종로1·2·3·4가동
돈화문로11가길,주거지 도로,37.5770195,126.989904,37.5762871,126.990116,37.5766533,126.99001,83.55478876809168,,,,419812286,,,,,종로1·2·3·4가동
돈화문로11가길,주거지 도로,37.5770195,126.989904,37.5770949,126.9901682,37.5770572,126.9900361,25.067035208751115,,,,419812287,,,,,종로1·2·3·4가동
돈화문로11가길,주거지 도로,37.5770195,126.989904,37.5771444,126.9893293,37.57708195,126.98961665,52.93168674742896,,,,419812287,,,,,종로1·2·3·4가동
삼일대로30길,주거지 도로,37.5743876,126.9907009,37.5744485,126.9909782,37.574418050000006,126.99083955,25.359045765548032,,,,117784412,,,,,종로1·2·3·4가동
삼일대로30길,주거지 도로,37.5743876,126.9907009,37.5742987,126.9900832,37.57434315,126.99039205,55.38742929128912,,,,117784412,,,,,종로1·2·3·4가동
돈화문로11가길,주거지 도로,37.5743876,126.9907009,37.5734348,126.9909963,37.5739112,126.9908486,109.22804096714546,,,,419812286,,,,,종로1·2·3·4가동
돈화문로11가길,주거지 도로,37.5743876,126.9907009,37.5748597,126.9905414,37.57462365,126.99062115,54.39914475770559,,,,419812286,,,,,종로1·2·3·4가동
삼일대로30길,주거지 도로,37.5744485,126.9909782,37.5743876,126.9907009,37.574418050000006,126.99083955,25.359045765548032,,,,117784412,,,,,종로1·2·3·4가동
삼일대로30길,주거지 도로,37.5726675,126.9885717,37.5725442,126.9887084,37.57260585,126.98864005,18.570304682101344,,,,184445044,,,,,종로1·2·3·4가동
삼일대로28길,주거지 도로,37.5726675,126.9885717,37.5736917,126.9891901,37.5731796,126.9888809,208.21642997247187,,,,"[233651264, 184445044]",,,,,종로1·2·3·4가동
수표로28길,주거지 도로,37.5726675,126.9885717,37.572847,126.9895365,37.57275725,126.9890541,90.86985958260956,,,,329261513,,,,,종로1·2·3·4가동
돈화문로11길,3차로,37.5725595,126.9912389,37.5725692,126.9915676,37.57256434999999,126.99140325,28.988794893630505,,,,37403263,30.0,,,,종로1·2·3·4가동
돈화문로5가길,주거지 도로,37.5725595,126.9912389,37.572378,126.9913248,37.57246875,126.99128185,21.55508176566881,,,,233651294,,,,,종로1·2·3·4가동
돈화문로11길,3차로,37.5725595,126.9912389,37.5725629,126.9903851,37.5725612,126.990812,75.25395033429817,,,,37403263,30.0,,,,종로1·2·3·4가동
돈화문로11가길,주거지 도로,37.5725595,126.9912389,37.5729047,126.9911345,37.5727321,126.9911867,39.486997317328985,,,,419812286,,,,,종로1·2·3·4가동
경인로8길,주거지 도로,37.4925993,126.8406262,37.4919918,126.8389968,37.49229555,126.8398115,159.01917605737393,,,,184570478,,,,,오류2동
서해안로,주거지 도로,37.4925993,126.8406262,37.4924822,126.8417985,37.49254075,126.84121235,115.26795592261148,,,,465735434,,,,,오류2동
서해안로,주거지 도로,37.4924822,126.8417985,37.4925993,126.8406262,37.49254075,126.84121235,115.26795592261148,,,,465735434,,,,,오류2동
경인로8길,주거지 도로,37.4919918,126.8389968,37.4925993,126.8406262,37.49229555,126.8398115,159.01917605737393,,,,184570478,,,,,오류2동
경인로8길,주거지 도로,37.4919918,126.8389968,37.4923714,126.8353312,37.4921816,126.837164,356.4222353195728,,,,184570478,,,,,오류2동
경인로8길,주거지 도로,37.4919918,126.8389968,37.4915619,126.8392744,37.49177685,126.8391356,54.05613444799769,,,,"[184575396, 184575420]",,,,,오류2동
경인로8길,주거지 도로,37.4915619,126.8392744,37.4919918,126.8389968,37.49177685,126.8391356,54.05613444799769,,,,"[184575420, 184575396]",,,,,오류2동
서해안로21길,주거지 도로,37.4910323,126.8395547,37.4912754,126.8393798,37.49115385,126.83946725,50.33820551997079,,,,184575399,,,,,오류2동
서해안로24길,주거지 도로,37.4896409,126.8392488,37.489609,126.8398739,37.48962495,126.83956135,55.2660517705633,,,,184575401,,,,,오류2동
"['서해안로24길', '오리로10길']",주거지 도로,37.4896409,126.8392488,37.488314,126.8367915,37.48897745,126.83802015,307.12689641875295,,,,"[184575405, 465732799]",,,,,오류2동
서해안로24길,주거지 도로,37.4896409,126.8392488,37.4907297,126.8390873,37.4901853,126.83916805,122.5128069707225,,,,520931555,,,,,오류2동
서해안로21길,주거지 도로,37.4921087,126.8406839,37.4912754,126.8393798,37.49169205,126.84003185,150.86281189391192,,,,184575410,,,,,오류2동
"['오리로10길', '서해안로24길']",주거지 도로,37.488314,126.8367915,37.4896409,126.8392488,37.48897745,126.83802015,307.126896418753,,,,"[184575405, 465732799]",,,,,오류2동
서해안로21길,주거지 도로,37.4912754,126.8393798,37.4910323,126.8395547,37.49115385,126.83946725,50.33820551997079,,,,184575399,,,,,오류2동
서해안로21길,주거지 도로,37.4912754,126.8393798,37.4901765,126.8377321,37.49072595,126.83855595,234.39197992113637,,,,184575399,,,,,오류2동
서해안로21길,주거지 도로,37.4912754,126.8393798,37.4921087,126.8406839,37.49169205,126.84003185,150.86281189391192,,,,184575410,,,,,오류2동
서해안로24길,주거지 도로,37.489609,126.8398739,37.4896409,126.8392488,37.48962495,126.83956135,55.2660517705633,,,,184575401,,,,,오류2동
경인로8길,주거지 도로,37.4923714,126.8353312,37.4919918,126.8389968,37.4921816,126.837164,356.42223531957285,,,,184570478,,,,,오류2동
경인로19길,주거지 도로,37.4974198,126.8423908,37.4974033,126.8417268,37.49741155,126.8420588,58.60683807354244,,,,185580421,,,,,오류1동
경인로19길,주거지 도로,37.4974198,126.8423908,37.4978282,126.8430947,37.497624,126.84274275,86.29353497679227,,,,185580419,,,,,오류1동
경인로19길,주거지 도로,37.4974198,126.8423908,37.4962906,126.842569,37.4968552,126.8424799,128.30370608669853,,,,185580419,,,,,오류1동
경인로19길,주거지 도로,37.4974198,126.8423908,37.4974033,126.8434106,37.49741155,126.8429007,90.69426800484356,,,,185580421,,,,,오류1동
고척로6길,주거지 도로,37.4969013,126.8405055,37.4975191,126.8402633,37.4972102,126.8403844,73.24564088879498,,,,185580433,,,,,오류1동
고척로6길,주거지 도로,37.4969013,126.8405055,37.4966928,126.8409079,37.49679705,126.8407067,42.401246349989954,,,,185580433,,,,,오류1동
고척로,주거지 도로,37.4969013,126.8405055,37.4968785,126.8397541,37.4968899,126.8401298,78.79232737286304,,,,465767263,,,,,오류1동
경인로27길,주거지 도로,37.4968363,126.8456949,37.4972486,126.8451148,37.497042449999995,126.84540485,68.73081086196949,,,,185580429,,,,,오류1동
개봉로17나길,주거지 도로,37.4950052,126.8497411,37.4945392,126.8501803,37.4947722,126.8499607,64.70216167411529,,,,249998712,,,,,개봉2동
오류로8길,주거지 도로,37.4927566,126.8441886,37.4926595,126.8440559,37.492708050000005,126.84412225,15.926159976172034,,,,520936655,,,,,오류2동
서해안로30길,주거지 도로,37.4927566,126.8441886,37.4930284,126.8440768,37.4928925,126.8441327,31.807890323249616,,,,185580435,,,,,오류2동
오류로8길,주거지 도로,37.4927566,126.8441886,37.4930055,126.8447089,37.49288105,126.84444875,53.60734773971039,,,,465739425,,,,,오류2동
서해안로28길,주거지 도로,37.493096,126.8427624,37.4926954,126.8431282,37.492895700000005,126.8429453,55.89048882082044,,,,185580423,,,,,오류2동
고척로4길,주거지 도로,37.4961884,126.8423804,37.495849,126.8415654,37.4960187,126.8419729,81.20336325968103,,,,185580422,,,,,오류1동
고척로6길,주거지 도로,37.4961884,126.8423804,37.4962552,126.842202,37.4962218,126.8422912,17.403436327492848,,,,185580433,,,,,오류1동
고척로6길,주거지 도로,37.4961884,126.8423804,37.4961649,126.842602,37.496176649999995,126.8424912,19.723748611533473,,,,185580433,,,,,오류1동
경인로25길,주거지 도로,37.4965094,126.8450126,37.4970438,126.8441163,37.4967766,126.84456445,98.9114788736742,,,,185580442,,,,,오류1동
개봉로17나길,주거지 도로,37.4945392,126.8501803,37.4942592,126.8505031,37.4943992,126.8503417,42.19471918536945,,,,249998712,,,,,개봉2동
개봉로17나길,주거지 도로,37.4945392,126.8501803,37.4950052,126.8497411,37.4947722,126.8499607,64.70216167411529,,,,249998712,,,,,개봉2동
개봉로17나길,주거지 도로,37.4945392,126.8501803,37.4946719,126.8507438,37.49460555,126.85046205,51.857456498303264,,,,250375651,,,,,개봉2동
오류로8길,주거지 도로,37.4945392,126.8501803,37.4941628,126.8483884,37.494350999999995,126.84928435,163.53526416608884,,,,465739425,,,,,개봉2동
고척로4길,주거지 도로,37.4966928,126.8409079,37.4964022,126.841142,37.4965475,126.84102495,38.37757547128187,,,,185580426,,,,,오류1동
고척로6길,주거지 도로,37.4966928,126.8409079,37.4969013,126.8405055,37.49679705,126.8407067,42.401246349989954,,,,185580433,,,,,오류1동
고척로6길,주거지 도로,37.4966928,126.8409079,37.4962552,126.842202,37.496474,126.84155495,124.47818891202608,,,,185580433,,,,,오류1동
경인로19길,주거지 도로,37.4974033,126.8417268,37.4974198,126.8423908,37.49741155,126.8420588,58.60683807354244,,,,185580421,,,,,오류1동
고척로10길,주거지 도로,37.4974033,126.8417268,37.4978363,126.8416587,37.4976198,126.84169275,48.52084368045274,,,,465767260,,,,,오류1동
고척로10길,주거지 도로,37.4974033,126.8417268,37.4962552,126.842202,37.496829250000005,126.8419644,136.904949011479,,,,465767260,,,,,오류1동
경인로19가길,주거지 도로,37.4975311,126.8451665,37.497365,126.8448084,37.49744805,126.84498745,36.594408649963135,,,,185580413,,,,,오류1동
고척로18길,주거지 도로,37.4975311,126.8451665,37.4972486,126.8451148,37.497389850000005,126.84514065,31.74200148851345,,,,465772810,,,,,오류1동
고척로18길,주거지 도로,37.4975311,126.8451665,37.4979954,126.8461173,37.497763250000006,126.8456419,98.70978075856664,,,,249665848,,,,,오류1동
고척로18길,주거지 도로,37.4975311,126.8451665,37.4980525,126.845363,37.4977918,126.84526475,75.48237154182468,,,,465772810,,,,,오류1동
고척로16길,주거지 도로,37.4974375,126.843456,37.4975796,126.8435471,37.49750855,126.84350155,17.7272866020502,,,,185580418,,,,,오류1동
경인로25길,주거지 도로,37.4974375,126.843456,37.4970438,126.8441163,37.497240649999995,126.84378615,72.8680025563826,,,,185580442,,,,,오류1동
경인로25길,주거지 도로,37.4974375,126.843456,37.4974033,126.8434106,37.4974204,126.8434333,5.522986453646803,,,,465767259,,,,,오류1동
경인로25길,주거지 도로,37.4974375,126.843456,37.4978282,126.8430947,37.49763285,126.84327535,55.55494296973469,,,,185580442,,,,,오류1동
서해안로30길,주거지 도로,37.4935862,126.8439123,37.4930284,126.8440768,37.4933073,126.84399455,63.70111051213873,,,,185580435,,,,,오류2동
서해안로32길,주거지 도로,37.4939778,126.8456021,37.493266,126.8452997,37.4936219,126.8454509,84.74164877509976,,,,185580438,,,,,오류2동
고척로,3차로,37.4979265,126.839517,37.4986398,126.840194,37.49828315,126.8398555,101.78485609585653,,,,37399208,,,,,오류1동
고척로,3차로,37.4979265,126.839517,37.4968785,126.8397541,37.4974025,126.83963555,122.13372574492637,,,,37399208,,,,,오류1동
고척로6길,주거지 도로,37.4979265,126.839517,37.4975191,126.8402633,37.4977228,126.83989015,83.68474165196284,,,,185580433,,,,,오류1동
고척로18길,주거지 도로,37.4980525,126.845363,37.4975311,126.8451665,37.4977918,126.84526475,75.48237154182468,,,,465772810,,,,,오류1동
오류로8길,주거지 도로,37.493266,126.8452997,37.4932463,126.8452479,37.49325615,126.8452738,5.067924826546747,,,,465739425,,,,,오류2동
서해안로32길,주거지 도로,37.493266,126.8452997,37.4939778,126.8456021,37.4936219,126.8454509,84.74164877509976,,,,185580438,,,,,오류2동
오류로8길,주거지 도로,37.493266,126.8452997,37.4932897,126.8454315,37.49327785,126.8453656,11.936499540922556,,,,465739425,,,,,오류2동
오류로8길,주거지 도로,37.4925376,126.8438895,37.4921919,126.8434183,37.49236475,126.8436539,56.62052269189721,,,,520936655,,,,,오류2동
오류로8라길,주거지 도로,37.4925376,126.8438895,37.4922494,126.8442621,37.4923935,126.8440758,45.908684346865414,,,,799721518,,,,,오류2동
오류로8길,주거지 도로,37.4925376,126.8438895,37.4926595,126.8440559,37.49259855,126.8439727,19.98135148919403,,,,520936655,,,,,오류2동
오류로8길,주거지 도로,37.4916328,126.8449545,37.4922494,126.8442621,37.4919411,126.8446083,92.88283081165984,,,,185580437,,,,,오류2동
고척로18길,주거지 도로,37.4972486,126.8451148,37.4975311,126.8451665,37.497389850000005,126.84514065,31.74200148851345,,,,465772810,,,,,오류1동
경인로27길,주거지 도로,37.4972486,126.8451148,37.4968363,126.8456949,37.497042449999995,126.84540485,68.73081086196949,,,,185580429,,,,,오류1동
경인로27길,주거지 도로,37.4972486,126.8451148,37.497365,126.8448084,37.4973068,126.8449616,31.488629650014232,,,,465772812,,,,,오류1동
고척로,3차로,37.4954927,126.8407102,37.4960103,126.8403488,37.4957515,126.8405295,65.79576381728046,,,,37399208,,,,,오류1동
고척로4길,주거지 도로,37.4954927,126.8407102,37.495849,126.8415654,37.49567085,126.8411378,85.21726326024259,,,,185580422,,,,,오류1동
고척로1길,주거지 도로,37.4954927,126.8407102,37.4954279,126.8405768,37.495460300000005,126.8406435,13.799438396091755,,,,250073648,,,,,오류1동
고척로,3차로,37.4954927,126.8407102,37.4948916,126.8411252,37.49519215,126.8409177,76.21016048216907,,,,37399208,,,,,오류1동
고척로8길,주거지 도로,37.4978605,126.8406064,37.4986398,126.840194,37.49825015,126.8404002,98.67475165175767,,,,185580420,,,,,오류1동
고척로8길,주거지 도로,37.4978605,126.8406064,37.4978363,126.8416587,37.4978484,126.84113255,99.85684414197078,,,,185580420,,,,,오류1동
고척로6길,주거지 도로,37.4978605,126.8406064,37.4975191,126.8402633,37.4976898,126.84043485,49.052594167912474,,,,465767261,,,,,오류1동
경인로19가길,주거지 도로,37.4962906,126.842569,37.4968888,126.8437859,37.4965897,126.84317745,126.2926869901681,,,,185580413,,,,,오류1동
경인로19길,주거지 도로,37.4962906,126.842569,37.4961649,126.842602,37.49622775,126.8425855,14.277200301594185,,,,185580419,,,,,오류1동
경인로19길,주거지 도로,37.4962906,126.842569,37.4974198,126.8423908,37.4968552,126.8424799,128.30370608669853,,,,185580419,,,,,오류1동
고척로22길,주거지 도로,37.5004459,126.8469183,37.5001374,126.8470546,37.50029165,126.84698645,36.349932004544954,,,,249665852,,,,,개봉1동
고척로22길,주거지 도로,37.5004459,126.8469183,37.5015148,126.8464161,37.500980350000006,126.8466672,126.84445668529284,,,,249665852,,,,,개봉1동
고척로18가길,주거지 도로,37.5004459,126.8469183,37.5004223,126.8468415,37.5004341,126.8468799,7.265494988278898,,,,465772804,,,,,개봉1동
서해안로21길,주거지 도로,37.4895766,126.8373062,37.4901765,126.8377321,37.48987655,126.83751915,104.61907493455436,,,,185580436,,,,,오류2동
고척로18가길,주거지 도로,37.4997442,126.844612,37.499929,126.8452197,37.4998366,126.84491585,57.41291375074858,,,,465772804,,,,,개봉1동
고척로18가길,주거지 도로,37.4997442,126.844612,37.4997187,126.8445664,37.49973145,126.8445892,4.9215958996701925,,,,465772804,,,,,개봉1동
고척로,주거지 도로,37.4997442,126.844612,37.500877,126.8446042,37.500310600000006,126.8446081,129.53952547414744,,,,465772825,,,,,개봉1동
고척로16가길,주거지 도로,37.49861,126.8442097,37.4986764,126.8452103,37.4986432,126.84471,88.57977235926533,,,,249998697,,,,,오류1동
고척로16길,주거지 도로,37.49861,126.8442097,37.4995158,126.844473,37.4990629,126.84434135,103.5163219026264,,,,185580418,,,,,오류1동
고척로16길,주거지 도로,37.49861,126.8442097,37.4982726,126.8439977,37.4984413,126.8441037,41.96145787237788,,,,185580418,,,,,오류1동
고척로16길,주거지 도로,37.49861,126.8442097,37.4985639,126.8431172,37.49858695,126.84366345,97.80487590881876,,,,249998686,,,,,오류1동
고척로6길,주거지 도로,37.4975191,126.8402633,37.4979265,126.839517,37.4977228,126.83989015,83.68474165196284,,,,185580433,,,,,오류1동
고척로6길,주거지 도로,37.4975191,126.8402633,37.4969013,126.8405055,37.4972102,126.8403844,73.24564088879498,,,,185580433,,,,,오류1동
고척로6길,주거지 도로,37.4975191,126.8402633,37.4978605,126.8406064,37.4976898,126.84043485,49.052594167912474,,,,465767261,,,,,오류1동
고척로4길,주거지 도로,37.495849,126.8415654,37.4961884,126.8423804,37.4960187,126.8419729,81.20336325968103,,,,185580422,,,,,오류1동
고척로4길,주거지 도로,37.495849,126.8415654,37.4954927,126.8407102,37.49567085,126.8411378,85.21726326024259,,,,185580422,,,,,오류1동
고척로4길,주거지 도로,37.495849,126.8415654,37.4964022,126.841142,37.4961256,126.8413537,71.96604391056765,,,,185580426,,,,,오류1동
서해안로21길,주거지 도로,37.4899168,126.8378317,37.4901765,126.8377321,37.49004665,126.8377819,30.37731664430507,,,,184575399,,,,,오류2동
고척로6길,주거지 도로,37.4962552,126.842202,37.4961884,126.8423804,37.4962218,126.8422912,17.403436327492848,,,,185580433,,,,,오류1동
고척로6길,주거지 도로,37.4962552,126.842202,37.4966928,126.8409079,37.496474,126.84155495,124.47818891202608,,,,185580433,,,,,오류1동
고척로10길,주거지 도로,37.4962552,126.842202,37.4974033,126.8417268,37.496829250000005,126.8419644,136.904949011479,,,,465767260,,,,,오류1동
고척로10길,주거지 도로,37.4978363,126.8416587,37.4974033,126.8417268,37.4976198,126.84169275,48.52084368045274,,,,465767260,,,,,오류1동
고척로8길,주거지 도로,37.4978363,126.8416587,37.4978605,126.8406064,37.4978484,126.84113255,99.8568441419708,,,,185580420,,,,,오류1동
고척로10길,주거지 도로,37.4978363,126.8416587,37.4986839,126.8420446,37.4982601,126.84185165,115.72266727909226,,,,"[249998688, 465767260]",,,,,오류1동
서해안로21길,주거지 도로,37.4901765,126.8377321,37.4912754,126.8393798,37.49072595,126.83855595,234.39197992113637,,,,184575399,,,,,오류2동
서해안로21길,주거지 도로,37.4901765,126.8377321,37.4899168,126.8378317,37.49004665,126.8377819,30.377316644305065,,,,184575399,,,,,오류2동
서해안로21길,주거지 도로,37.4901765,126.8377321,37.4895766,126.8373062,37.48987655,126.83751915,104.61907493455436,,,,185580436,,,,,오류2동
서해안로34가길,주거지 도로,37.4941628,126.8483884,37.4940668,126.8496512,37.4941148,126.8490198,160.1158292565136,,,,250375649,,,,,개봉2동
서해안로34가길,주거지 도로,37.4941628,126.8483884,37.4946955,126.8484305,37.49442915,126.84840945,60.04629243760309,,,,250375649,,,,,오류2동
오류로8길,주거지 도로,37.4941628,126.8483884,37.4934819,126.846243,37.49382235,126.8473157,210.99881706864107,,,,465739425,,,,,오류2동
오류로8길,주거지 도로,37.4941628,126.8483884,37.4945392,126.8501803,37.494350999999995,126.84928435,163.53526416608884,,,,465739425,,,,,개봉2동
경인로19길,주거지 도로,37.4956353,126.8428847,37.4961649,126.842602,37.4959001,126.84274335,64.18644598494537,,,,185580419,,,,,오류1동
경인로19길,주거지 도로,37.4974033,126.8434106,37.4974375,126.843456,37.4974204,126.8434333,5.522986453646803,,,,465767259,,,,,오류1동
경인로19길,주거지 도로,37.4974033,126.8434106,37.4974198,126.8423908,37.49741155,126.8429007,90.69426800484356,,,,185580421,,,,,오류1동
경인로23길,주거지 도로,37.4974033,126.8434106,37.4968888,126.8437859,37.49714605,126.84359825,66.10022653846309,,,,185580432,,,,,오류1동
서해안로,주거지 도로,37.4936689,126.8442336,37.4932774,126.8445202,37.49347315,126.8443769,50.34859943913632,,,,185580431,,,,,오류2동
오류로8길,주거지 도로,37.4932463,126.8452479,37.4930055,126.8447089,37.4931259,126.8449784,54.57345400375127,,,,465739425,,,,,오류2동
오류로8길,주거지 도로,37.4932463,126.8452479,37.493266,126.8452997,37.49325615,126.8452738,5.067924826546747,,,,465739425,,,,,오류2동
오류로8길,주거지 도로,37.4932463,126.8452479,37.4922654,126.845052,37.49275585,126.84514995,111.15671987668664,,,,465739421,,,,,오류2동
경인로19가길,주거지 도로,37.4968888,126.8437859,37.4962906,126.842569,37.4965897,126.84317745,126.2926869901681,,,,185580413,,,,,오류1동
경인로19가길,주거지 도로,37.4968888,126.8437859,37.4970438,126.8441163,37.4969663,126.8439511,33.86242813487942,,,,185580413,,,,,오류1동
경인로23길,주거지 도로,37.4968888,126.8437859,37.4962272,126.8443087,37.496558,126.8440473,86.83003683280378,,,,185580432,,,,,오류1동
경인로23길,주거지 도로,37.4968888,126.8437859,37.4974033,126.8434106,37.49714605,126.84359825,66.10022653846309,,,,185580432,,,,,오류1동
오류로8길,주거지 도로,37.4930055,126.8447089,37.4932463,126.8452479,37.4931259,126.8449784,54.57345400375127,,,,465739425,,,,,오류2동
서해안로,주거지 도로,37.4930055,126.8447089,37.4932774,126.8445202,37.49314145,126.84461455,34.51925569069268,,,,185580431,,,,,오류2동
오류로8길,주거지 도로,37.4930055,126.8447089,37.4927566,126.8441886,37.49288105,126.84444875,53.60734773971039,,,,465739425,,,,,오류2동
경인로23길,주거지 도로,37.4962272,126.8443087,37.4968888,126.8437859,37.496558,126.8440473,86.83003683280378,,,,185580432,,,,,오류1동
경인로19가길,주거지 도로,37.4970438,126.8441163,37.497365,126.8448084,37.4972044,126.84446235,70.73621682792701,,,,185580413,,,,,오류1동
경인로25길,주거지 도로,37.4970438,126.8441163,37.4965094,126.8450126,37.4967766,126.84456445,98.9114788736742,,,,185580442,,,,,오류1동
경인로25길,주거지 도로,37.4970438,126.8441163,37.4974375,126.843456,37.497240649999995,126.84378615,72.8680025563826,,,,185580442,,,,,오류1동
경인로19가길,주거지 도로,37.4970438,126.8441163,37.4968888,126.8437859,37.4969663,126.8439511,33.86242813487942,,,,185580413,,,,,오류1동
고척로16길,주거지 도로,37.4997187,126.8445664,37.4996811,126.8445491,37.4996999,126.84455775,4.450773338324251,,,,185580418,,,,,개봉1동
고척로18가길,주거지 도로,37.4997187,126.8445664,37.4997442,126.844612,37.49973145,126.8445892,4.9215958996701925,,,,465772804,,,,,개봉1동
고척로16길,주거지 도로,37.4997187,126.8445664,37.5008101,126.8444142,37.500264400000006,126.8444903,122.54520064944045,,,,185580418,,,,,개봉1동
경인로19길,주거지 도로,37.4961649,126.842602,37.4962906,126.842569,37.49622775,126.8425855,14.277200301594185,,,,185580419,,,,,오류1동
고척로6길,주거지 도로,37.4961649,126.842602,37.4961884,126.8423804,37.496176649999995,126.8424912,19.723748611533473,,,,185580433,,,,,오류1동
경인로19길,주거지 도로,37.4961649,126.842602,37.4956353,126.8428847,37.4959001,126.84274335,64.18644598494538,,,,185580419,,,,,오류1동
서초중앙로31길,주거지 도로,37.4989664,127.0118431,37.4997092,127.0116707,37.4993378,127.0117569,83.98426584598616,,,,185582679,,,,,반포4동
서초중앙로29길,주거지 도로,37.4989664,127.0118431,37.4987971,127.0105465,37.498881749999995,127.0111948,115.92265188264378,,,,185582682,,,,,반포4동
서초중앙로29길,주거지 도로,37.4989664,127.0118431,37.4990466,127.0124577,37.4990065,127.0121504,54.94738814951993,,,,185582682,,,,,반포4동
고무래로10길,주거지 도로,37.5020085,127.0107385,37.5019187,127.010677,37.5019636,127.01070775,11.36395202716208,,,,185582677,,,,,반포4동
고무래로10길,주거지 도로,37.5020085,127.0107385,37.5022697,127.0108823,37.5021391,127.0108104,31.693505666229925,,,,185582677,,,,,반포4동
서초중앙로31길,주거지 도로,37.5020085,127.0107385,37.5012701,127.0113085,37.5016393,127.0110235,96.2798377254984,,,,185582679,,,,,반포4동
서초중앙로31길,주거지 도로,37.5021184,127.010175,37.5019187,127.010677,37.50201855,127.010426,49.539279432870565,,,,185582675,,,,,반포4동
고무래로8길,주거지 도로,37.5021184,127.010175,37.5008791,127.0093502,37.50149875,127.0097626,165.35180261564142,,,,185582678,,,,,반포4동
고무래로8길,주거지 도로,37.5021184,127.010175,37.5024929,127.0104414,37.50230565,127.0103082,47.90160539819619,,,,185582678,,,,,반포4동
고무래로,3차로,37.5036219,127.0103622,37.5033457,127.0105114,37.5034838,127.0104368,33.413371734249495,,,,185582670,,,,,반포4동
고무래로,3차로,37.5036219,127.0103622,37.503944,127.0101882,37.50378295,127.0102752,38.966298950810994,,,,185582670,,,,,반포4동
고무래로,주거지 도로,37.5036219,127.0103622,37.5037131,127.0093392,37.5036675,127.0098507,124.32542842550146,,,,185582673,,,,,반포4동
서초중앙로31길,주거지 도로,37.4997092,127.0116707,37.4989664,127.0118431,37.4993378,127.0117569,83.98426584598616,,,,185582679,,,,,반포4동
서초중앙로31길,주거지 도로,37.4997092,127.0116707,37.5012701,127.0113085,37.50048965,127.0114896,176.48096899418513,,,,185582679,,,,,반포4동
서초중앙로31길,주거지 도로,37.4997092,127.0116707,37.4998174,127.0122907,37.4997633,127.0119807,56.0023521051848,,,,185582681,,,,,반포4동
서초중앙로31길,주거지 도로,37.4997092,127.0116707,37.499595,127.0106018,37.4996521,127.01113625,95.14677073529288,,,,185582681,,,,,반포4동
서초중앙로29길,주거지 도로,37.4987971,127.0105465,37.4987208,127.009962,37.49875895,127.01025425,52.2570123820402,,,,185582682,,,,,반포4동
서초중앙로29길,주거지 도로,37.4987971,127.0105465,37.4989664,127.0118431,37.498881749999995,127.0111948,115.92265188264378,,,,185582682,,,,,반포4동
서초중앙로31길,주거지 도로,37.4987971,127.0105465,37.499595,127.0106018,37.499196049999995,127.01057415,88.85657808926481,,,,418110867,,,,,반포4동
서초중앙로29길,주거지 도로,37.49864,127.0091466,37.4986412,127.0091974,37.4986406,127.009172,4.483490753541117,,,,185582682,,,,,반포4동
서초중앙로31길,주거지 도로,37.499595,127.0106018,37.4995893,127.0099907,37.49959215,127.01029625,53.913423424436736,,,,185582681,,,,,반포4동
서초중앙로31길,주거지 도로,37.499595,127.0106018,37.4987971,127.0105465,37.499196049999995,127.01057415,88.85657808926481,,,,418110867,,,,,반포4동
서초중앙로31길,주거지 도로,37.499595,127.0106018,37.5008873,127.0106412,37.50024115,127.0106215,143.73943595197994,,,,418110867,,,,,반포4동
서초중앙로31길,주거지 도로,37.499595,127.0106018,37.4997092,127.0116707,37.4996521,127.01113625,95.14677073529288,,,,185582681,,,,,반포4동
서초중앙로33길,주거지 도로,37.5012701,127.0113085,37.5008873,127.0106412,37.5010787,127.01097485,72.64342239229181,,,,185582672,,,,,반포4동
서초중앙로31길,주거지 도로,37.5012701,127.0113085,37.4997092,127.0116707,37.50048965,127.0114896,176.48096899418513,,,,185582679,,,,,반포4동
서초중앙로33길,주거지 도로,37.5012701,127.0113085,37.5016,127.01186,37.50143505,127.01158425,60.93074348770287,,,,185582672,,,,,반포4동
서초중앙로31길,주거지 도로,37.5012701,127.0113085,37.5020085,127.0107385,37.5016393,127.0110235,96.2798377254984,,,,185582679,,,,,반포4동
서초중앙로29길,주거지 도로,37.4990466,127.0124577,37.4989664,127.0118431,37.4990065,127.0121504,54.94738814951993,,,,185582682,,,,,반포4동
고무래로,3차로,37.5029367,127.0107997,37.5029889,127.0107488,37.5029628,127.01077425,7.338362557980294,,,,185582670,,,,,반포4동
고무래로8길,주거지 도로,37.5029367,127.0107997,37.5024929,127.0104414,37.5027148,127.01062055,58.60260055605156,,,,185582678,,,,,반포4동
고무래로,3차로,37.5029367,127.0107997,37.5026988,127.0111519,37.50281775,127.0109758,41.48601884547938,,,,185582670,,,,,반포4동
서초중앙로31길,주거지 도로,37.4998174,127.0122907,37.4997092,127.0116707,37.4997633,127.0119807,56.0023521051848,,,,185582681,,,,,반포4동
서초중앙로29길,주거지 도로,37.4986412,127.0091974,37.49864,127.0091466,37.4986406,127.009172,4.483490753541117,,,,185582682,,,,,반포4동
서초중앙로29길,주거지 도로,37.4986412,127.0091974,37.4987208,127.009962,37.498681000000005,127.0095797,68.03015271383174,,,,185582682,,,,,반포4동
고무래로8길,주거지 도로,37.4986412,127.0091974,37.4995452,127.0094102,37.4990932,127.0093038,119.71030137385948,,,,185582678,,,,,반포4동
고무래로,3차로,37.5042899,127.0099802,37.503944,127.0101882,37.50411695,127.0100842,42.74552511467343,,,,185582670,,,,,반포4동
고무래로,주거지 도로,37.5042899,127.0099802,37.5038193,127.008857,37.5040546,127.0094186,117.43996438019994,,,,185582676,,,,,반포4동
서초중앙로31길,주거지 도로,37.5008791,127.0093502,37.5008999,127.0100363,37.5008895,127.00969325,60.56913140073589,,,,185582674,,,,,반포4동
고무래로8길,주거지 도로,37.5008791,127.0093502,37.4995452,127.0094102,37.50021215,127.0093802,153.94775125028244,,,,185582678,,,,,반포4동
고무래로8길,주거지 도로,37.5008791,127.0093502,37.5021184,127.010175,37.50149875,127.0097626,165.35180261564142,,,,185582678,,,,,반포4동
고무래로,3차로,37.5029889,127.0107488,37.5029367,127.0107997,37.5029628,127.01077425,7.338362557980294,,,,185582670,,,,,반포4동
고무래로,3차로,37.5029889,127.0107488,37.5033457,127.0105114,37.5031673,127.0106301,45.17660702318551,,,,185582670,,,,,반포4동
고무래로,주거지 도로,37.5029889,127.0107488,37.5024929,127.0104414,37.5027409,127.0105951,103.27617302324197,,,,"[799014356, 185582671]",,,,,반포4동
고무래로,주거지 도로,37.5037131,127.0093392,37.5036219,127.0103622,37.5036675,127.0098507,124.32542842550146,,,,185582673,,,,,반포4동
고무래로,주거지 도로,37.5037131,127.0093392,37.5038193,127.008857,37.5037662,127.0090981,44.39928039074776,,,,185582676,,,,,반포4동
고무래로,주거지 도로,37.5037131,127.0093392,37.503944,127.0101882,37.503828549999994,127.0097637,79.785681196211,,,,185582676,,,,,반포4동
서초중앙로31길,주거지 도로,37.4995452,127.0094102,37.4995893,127.0099907,37.49956725,127.00970045,51.44450453155488,,,,185582681,,,,,반포4동
고무래로8길,주거지 도로,37.4995452,127.0094102,37.4986412,127.0091974,37.4990932,127.0093038,119.71030137385948,,,,185582678,,,,,반포4동
고무래로8길,주거지 도로,37.4995452,127.0094102,37.5008791,127.0093502,37.50021215,127.0093802,153.94775125028244,,,,185582678,,,,,반포4동
고무래로8길,주거지 도로,37.5024929,127.0104414,37.5029367,127.0107997,37.5027148,127.01062055,58.60260055605156,,,,185582678,,,,,반포4동
고무래로8길,주거지 도로,37.5024929,127.0104414,37.5022697,127.0108823,37.5023813,127.01066185,46.137669161975595,,,,185582680,,,,,반포4동
고무래로,주거지 도로,37.5024929,127.0104414,37.5029889,127.0107488,37.5027409,127.0105951,103.27617302324197,,,,"[799014356, 185582671]",,,,,반포4동
고무래로8길,주거지 도로,37.5024929,127.0104414,37.5021184,127.010175,37.50230565,127.0103082,47.90160539819619,,,,185582678,,,,,반포4동
고무래로,3차로,37.503944,127.0101882,37.5036219,127.0103622,37.50378295,127.0102752,38.966298950810994,,,,185582670,,,,,반포4동
고무래로,3차로,37.503944,127.0101882,37.5042899,127.0099802,37.50411695,127.0100842,42.74552511467343,,,,185582670,,,,,반포4동
고무래로,주거지 도로,37.503944,127.0101882,37.5037131,127.0093392,37.503828549999994,127.0097637,79.785681196211,,,,185582676,,,,,반포4동
고무래로10길,주거지 도로,37.5026988,127.0111519,37.5022697,127.0108823,37.502484249999995,127.0110171,53.31243254406721,,,,185582677,,,,,반포4동
고무래로,3차로,37.5026988,127.0111519,37.5024989,127.0115903,37.50259885,127.0113711,44.614357482313466,,,,185582670,,,,,반포4동
고무래로,3차로,37.5026988,127.0111519,37.5029367,127.0107997,37.50281775,127.0109758,41.48601884547938,,,,185582670,,,,,반포4동
고무래로10길,주거지 도로,37.5022697,127.0108823,37.5020085,127.0107385,37.5021391,127.0108104,31.693505666229925,,,,185582677,,,,,반포4동
고무래로10길,주거지 도로,37.5022697,127.0108823,37.5026988,127.0111519,37.502484249999995,127.0110171,53.31243254406721,,,,185582677,,,,,반포4동
고무래로10길,주거지 도로,37.5022697,127.0108823,37.5024929,127.0104414,37.5023813,127.01066185,46.137669161975595,,,,185582680,,,,,반포4동
고무래로10길,주거지 도로,37.5019187,127.010677,37.5021184,127.010175,37.50201855,127.010426,49.539279432870565,,,,185582675,,,,,반포4동
고무래로10길,주거지 도로,37.5019187,127.010677,37.5020085,127.0107385,37.5019636,127.01070775,11.36395202716208,,,,185582677,,,,,반포4동
고무래로10길,주거지 도로,37.5019187,127.010677,37.5008999,127.0100363,37.5014093,127.01035665,126.60329349962768,,,,185582677,,,,,반포4동
고무래로,주거지 도로,37.5038193,127.008857,37.5042899,127.0099802,37.5040546,127.0094186,117.43996438019994,,,,185582676,,,,,반포4동
고무래로,주거지 도로,37.5038193,127.008857,37.5037131,127.0093392,37.5037662,127.0090981,44.39928039074776,,,,185582676,,,,,반포4동
고무래로,주거지 도로,37.5038193,127.008857,37.5031935,127.0078073,37.503506400000006,127.00833215,130.52646581207412,,,,308001633,,,,,반포4동
고무래로10길,주거지 도로,37.4995893,127.0099907,37.4987208,127.009962,37.49915505,127.00997635,96.60611340115858,,,,185582677,,,,,반포4동
서초중앙로31길,주거지 도로,37.4995893,127.0099907,37.4995452,127.0094102,37.49956725,127.00970045,51.44450453155488,,,,185582681,,,,,반포4동
서초중앙로31길,주거지 도로,37.4995893,127.0099907,37.499595,127.0106018,37.49959215,127.01029625,53.913423424436736,,,,185582681,,,,,반포4동
고무래로10길,주거지 도로,37.4995893,127.0099907,37.5008999,127.0100363,37.5002446,127.0100135,145.7879845284848,,,,185582677,,,,,반포4동
서초중앙로31길,주거지 도로,37.5008999,127.0100363,37.5008791,127.0093502,37.5008895,127.00969325,60.56913140073589,,,,185582674,,,,,반포4동
서초중앙로31길,주거지 도로,37.5008999,127.0100363,37.5008873,127.0106412,37.5008936,127.01033875,53.38020908805403,,,,185582674,,,,,반포4동
고무래로10길,주거지 도로,37.5008999,127.0100363,37.4995893,127.0099907,37.5002446,127.0100135,145.7879845284848,,,,185582677,,,,,반포4동
고무래로10길,주거지 도로,37.5008999,127.0100363,37.5019187,127.010677,37.5014093,127.01035665,126.60329349962768,,,,185582677,,,,,반포4동
고무래로10길,주거지 도로,37.4987208,127.009962,37.4995893,127.0099907,37.49915505,127.00997635,96.60611340115858,,,,185582677,,,,,반포4동
서초중앙로29길,주거지 도로,37.4987208,127.009962,37.4986412,127.0091974,37.498681000000005,127.0095797,68.03015271383174,,,,185582682,,,,,반포4동
서초중앙로29길,주거지 도로,37.4987208,127.009962,37.4987971,127.0105465,37.49875895,127.01025425,52.2570123820402,,,,185582682,,,,,반포4동
효령로53길,주거지 도로,37.4878003,127.0127345,37.4872731,127.0129866,37.48753670000001,127.01286055,62.700120745346766,,,,185884887,,,,,서초3동
서초대로48길,주거지 도로,37.4878003,127.0127345,37.4883427,127.0124985,37.4880715,127.0126165,63.805493998463845,,,,228171773,,,,,서초3동
반포대로16길,주거지 도로,37.4861305,127.0112826,37.4859256,127.0106038,37.48602805,127.0109432,64.08013677008508,,,,185884888,,,,,서초3동
반포대로16길,주거지 도로,37.4861305,127.0112826,37.4863262,127.0119258,37.486228350000005,127.0116042,60.78061823142034,,,,185884888,,,,,서초3동
반포대로16길,주거지 도로,37.4861305,127.0112826,37.4872228,127.0108116,37.48667665,127.0110471,128.3712424932049,,,,939568551,,,,,서초3동
효령로55길,주거지 도로,37.4876238,127.0140523,37.4881672,127.0139583,37.4878955,127.0140053,60.98995358287151,,,,418118880,,,,,서초3동
효령로55길,주거지 도로,37.4876238,127.0140523,37.4874294,127.0140847,37.4875266,127.0140685,21.80453361285546,,,,418118880,,,,,서초3동
반포대로18길,주거지 도로,37.4876238,127.0140523,37.4872731,127.0129866,37.48744845,127.01351945,101.79432079283303,,,,939568550,,,,,서초3동
효령로53길,주거지 도로,37.4851642,127.0138006,37.4860411,127.0135753,37.48560265,127.01368795,99.51275490231752,,,,185884887,,,,,서초3동
효령로53길,주거지 도로,37.4851642,127.0138006,37.4845638,127.0139837,37.484864,127.01389215,68.68851201995221,,,,185884887,,,,,서초3동
반포대로12길,주거지 도로,37.4851642,127.0138006,37.484926,127.0125451,37.4850451,127.01317285,113.90102850767585,,,,185884895,,,,,서초3동
반포대로12길,주거지 도로,37.4851642,127.0138006,37.4852744,127.0144196,37.4852193,127.0141101,55.97484663168862,,,,185884895,,,,,서초3동
반포대로16길,주거지 도로,37.4863262,127.0119258,37.4861305,127.0112826,37.486228350000005,127.0116042,60.78061823142034,,,,185884888,,,,,서초3동
효령로51길,주거지 도로,37.4863262,127.0119258,37.4854529,127.0123367,37.48588955,127.01213125,103.65396754983234,,,,185884892,,,,,서초3동
반포대로16길,주거지 도로,37.4863262,127.0119258,37.4865349,127.0125747,37.48643055,127.01225025,61.77867542773895,,,,185884897,,,,,서초3동
반포대로16길,주거지 도로,37.487078,127.0123207,37.4865349,127.0125747,37.48680645,127.0124477,64.4143958110125,,,,185884889,,,,,서초3동
반포대로18길,주거지 도로,37.487078,127.0123207,37.4872731,127.0129866,37.48717555,127.01265365,62.63101091542307,,,,939568550,,,,,서초3동
반포대로18길,주거지 도로,37.487078,127.0123207,37.4875466,127.0118823,37.4873123,127.0121015,79.09753380366274,,,,939568552,,,,,서초3동
반포대로14길,주거지 도로,37.48682,127.0151649,37.4864756,127.0144799,37.4866478,127.0148224,71.5505292655225,,,,185884891,,,,,서초3동
반포대로14길,주거지 도로,37.4854529,127.0123367,37.4848833,127.011106,37.4851681,127.01172135,125.71147271548146,,,,185884891,,,,,서초3동
반포대로14길,주거지 도로,37.4854529,127.0123367,37.4857479,127.012958,37.4856004,127.01264735,63.884395914516965,,,,185884891,,,,,서초3동
효령로51길,주거지 도로,37.4854529,127.0123367,37.4863262,127.0119258,37.48588955,127.01213125,103.65396754983234,,,,185884892,,,,,서초3동
효령로51길,주거지 도로,37.4854529,127.0123367,37.484926,127.0125451,37.48518945,127.0124409,61.40647810474456,,,,185884896,,,,,서초3동
반포대로12길,주거지 도로,37.4852744,127.0144196,37.4851642,127.0138006,37.4852193,127.0141101,55.97484663168862,,,,185884895,,,,,서초3동
효령로55길,주거지 도로,37.4852744,127.0144196,37.4849284,127.0145105,37.485101400000005,127.01446505,39.300622534758006,,,,418118880,,,,,서초3동
효령로55길,주거지 도로,37.4852744,127.0144196,37.486372,127.0142296,37.4858232,127.0143246,123.19398338302408,,,,418118880,,,,,서초3동
효령로53길,주거지 도로,37.4860411,127.0135753,37.4867323,127.0132354,37.4863867,127.01340535,82.50202396918348,,,,185884887,,,,,서초3동
효령로53길,주거지 도로,37.4860411,127.0135753,37.4851642,127.0138006,37.48560265,127.01368795,99.51275490231752,,,,185884887,,,,,서초3동
반포대로14길,주거지 도로,37.4860411,127.0135753,37.4857479,127.012958,37.4858945,127.01326665,63.47858395521132,,,,185884891,,,,,서초3동
반포대로14길,주거지 도로,37.4860411,127.0135753,37.486372,127.0142296,37.486206550000006,127.01390245,68.4595102919899,,,,185884891,,,,,서초3동
반포대로14길,주거지 도로,37.486372,127.0142296,37.4860411,127.0135753,37.486206550000006,127.01390245,68.4595102919899,,,,185884891,,,,,서초3동
반포대로14길,주거지 도로,37.486372,127.0142296,37.4864756,127.0144799,37.4864238,127.01435475,24.908657146397825,,,,185884891,,,,,서초3동
효령로55길,주거지 도로,37.486372,127.0142296,37.4868809,127.0141649,37.48662645,127.01419725,56.874401460622224,,,,418118880,,,,,서초3동
효령로55길,주거지 도로,37.486372,127.0142296,37.4852744,127.0144196,37.4858232,127.0143246,123.19398338302408,,,,418118880,,,,,서초3동
서초대로50길,주거지 도로,37.4881672,127.0139583,37.4887493,127.0138554,37.48845825,127.01390685,65.36028825260578,,,,228171772,,,,,서초3동
효령로55길,주거지 도로,37.4881672,127.0139583,37.4876238,127.0140523,37.4878955,127.0140053,60.98995358287151,,,,418118880,,,,,서초3동
반포대로16길,주거지 도로,37.4859256,127.0106038,37.4861305,127.0112826,37.48602805,127.0109432,64.08013677008508,,,,185884888,,,,,서초3동
반포대로12길,주거지 도로,37.4846478,127.0112242,37.484926,127.0125451,37.4847869,127.01188465,120.58499739219494,,,,185884895,,,,,서초3동
반포대로14길,주거지 도로,37.4857479,127.012958,37.4854529,127.0123367,37.4856004,127.01264735,63.884395914516965,,,,185884891,,,,,서초3동
반포대로14길,주거지 도로,37.4857479,127.012958,37.4860411,127.0135753,37.4858945,127.01326665,63.47858395521132,,,,185884891,,,,,서초3동
반포대로14길,주거지 도로,37.4857479,127.012958,37.4865349,127.0125747,37.4861414,127.01276635,93.8183089856701,,,,418118882,,,,,서초3동
반포대로14길,주거지 도로,37.4848833,127.011106,37.4854529,127.0123367,37.4851681,127.01172135,125.71147271548146,,,,185884891,,,,,서초3동
효령로53길,주거지 도로,37.4872731,127.0129866,37.4878003,127.0127345,37.48753670000001,127.01286055,62.700120745346766,,,,185884887,,,,,서초3동
효령로53길,주거지 도로,37.4872731,127.0129866,37.4867323,127.0132354,37.487002700000005,127.013111,64.0158854810979,,,,185884887,,,,,서초3동
반포대로18길,주거지 도로,37.4872731,127.0129866,37.4876238,127.0140523,37.48744845,127.01351945,101.79432079283303,,,,939568550,,,,,서초3동
반포대로18길,주거지 도로,37.4872731,127.0129866,37.487078,127.0123207,37.48717555,127.01265365,62.63101091542307,,,,939568550,,,,,서초3동
효령로53길,주거지 도로,37.4845638,127.0139837,37.4851642,127.0138006,37.484864,127.01389215,68.68851201995221,,,,185884887,,,,,서초3동
효령로,주거지 도로,37.4845638,127.0139837,37.4840597,127.0141351,37.48431175,127.0140594,57.62332354728595,,,,379427509,,,,,서초3동
반포대로12길,주거지 도로,37.484926,127.0125451,37.4846478,127.0112242,37.4847869,127.01188465,120.58499739219494,,,,185884895,,,,,서초3동
반포대로12길,주거지 도로,37.484926,127.0125451,37.4851642,127.0138006,37.4850451,127.01317285,113.90102850767585,,,,185884895,,,,,서초3동
효령로51길,주거지 도로,37.484926,127.0125451,37.4843232,127.0127232,37.4846246,127.01263415,68.8458940247779,,,,185884896,,,,,서초3동
효령로51길,주거지 도로,37.484926,127.0125451,37.4854529,127.0123367,37.48518945,127.0124409,61.40647810474456,,,,185884896,,,,,서초3동
테헤란로37길,주거지 도로,37.5031019,127.0407074,37.5026875,127.0393049,37.5028947,127.04000615,132.0220419546136,,,,186014485,,,,,역삼1동
테헤란로37길,주거지 도로,37.5031019,127.0407074,37.5035272,127.0405065,37.50331455,127.04060695,50.502808415051405,,,,210334210,,,,,역삼1동
테헤란로37길,주거지 도로,37.5031019,127.0407074,37.5022297,127.0411471,37.5026658,127.04092725,104.46753702542216,,,,210334210,,,,,역삼1동
테헤란로37길,주거지 도로,37.5026875,127.0393049,37.5031019,127.0407074,37.5028947,127.04000615,132.0220419546136,,,,186014485,,,,,역삼1동
테헤란로33길,주거지 도로,37.5026875,127.0393049,37.5030726,127.0391061,37.50288005,127.0392055,46.285420037519216,,,,239953210,,,,,역삼1동
테헤란로33길,주거지 도로,37.5026875,127.0393049,37.5017994,127.039773,37.50224345,127.03953895,107.05468174092756,,,,239953210,,,,,역삼1동
창의문로9길,주거지 도로,37.5915298,126.9603044,37.5923702,126.9613509,37.59195,126.96082765,132.90074763586605,,,,441653159,,,,,부암동
통일로16길,생활도로,37.5763437,126.9578079,37.5758371,126.9573274,37.5760904,126.95756765,71.52809882357283,,,,289493778,,,,,무악동
통일로18길,생활도로,37.5763437,126.9578079,37.5766133,126.9567228,37.5764785,126.95726535,105.587244778029,,,,464141636,,,,,무악동
통일로18길,생활도로,37.5763437,126.9578079,37.5761523,126.9580992,37.576248,126.95795355,33.99155249631721,,,,464141636,,,,,무악동
창의문로9길,주거지 도로,37.5923702,126.9613509,37.5928178,126.9640327,37.592594,126.9626918,245.65620289598672,,,,186076536,,,,,부암동
창의문로9가길,주거지 도로,37.5923702,126.9613509,37.5928931,126.9606727,37.59263165,126.9610118,112.23404093057076,,,,186076538,,,,,부암동
창의문로9길,주거지 도로,37.5923702,126.9613509,37.5915298,126.9603044,37.59195,126.96082765,132.90074763586605,,,,441653159,,,,,부암동
창의문로9가길,주거지 도로,37.5927626,126.9592389,37.5928931,126.9606727,37.59282785,126.9599558,151.21043668839,,,,186076538,,,,,부암동
통일로18길,생활도로,37.5761523,126.9580992,37.5763437,126.9578079,37.576248,126.95795355,33.99155249631721,,,,464141636,,,,,무악동
통일로18길,생활도로,37.5761523,126.9580992,37.5760321,126.9585662,37.5760922,126.9583327,44.98799914982365,,,,464141636,,,,,무악동
통일로14길,생활도로,37.5761523,126.9580992,37.5755533,126.9578369,37.5758528,126.95796805,72.81371392622205,,,,464143525,,,,,무악동
통일로18나길,주거지 도로,37.5773457,126.9619591,37.5770838,126.9609287,37.57721475,126.9614439,108.0968379670371,,,,78503352,,,,,무악동
통일로18길,주거지 도로,37.5773457,126.9619591,37.5762205,126.9606296,37.5767831,126.96129435,181.67911395671572,,,,1144268074,,,,,무악동
통일로18길,주거지 도로,37.5773457,126.9619591,37.5770967,126.9623629,37.5772212,126.962161,48.616511270051085,,,,1144268075,,,,,무악동
통일로18나길,주거지 도로,37.5770838,126.9609287,37.5773457,126.9619591,37.57721475,126.9614439,108.09683796703712,,,,78503352,,,,,무악동
통일로18나길,주거지 도로,37.5770838,126.9609287,37.5803121,126.9621362,37.57869795,126.96153245,419.709684013072,,,,"[78503352, 464141637]",,,,,청운효자동
통일로18나길,생활도로,37.5770838,126.9609287,37.5764902,126.9600392,37.576787,126.96048395,128.97518588970388,,,,306027806,,,,,무악동
통일로18길,생활도로,37.5766852,126.9557143,37.5766594,126.95567,37.5766723,126.95569215,4.844728198765564,,,,464141636,,,,,무악동
통일로18길,생활도로,37.5766852,126.9557143,37.5766133,126.9567228,37.57664925,126.95621855,105.23336366889323,,,,464141636,,,,,무악동
통일로18길,생활도로,37.5766188,126.9555885,37.5766363,126.9556302,37.57662755,126.95560935,4.158275067168724,,,,464141636,,,,,무악동
통일로,주거지 도로,37.5766188,126.9555885,37.5756967,126.9542795,37.57615775,126.954934,155.60537051082937,,,,196065151,,,,,천연동
월드컵로8길,주거지 도로,37.5534997,126.9148317,37.5542544,126.9146034,37.55387705,126.91471755,86.29842651184966,,,,186252416,,,,,서교동
월드컵로8길,주거지 도로,37.5534997,126.9148317,37.5535584,126.9152067,37.55352905,126.9150192,34.10137352267444,,,,186252419,,,True,,서교동
동교로12안길,주거지 도로,37.5539487,126.9130559,37.5538241,126.9123838,37.5538864,126.91271985,60.84668858099713,,,,186252408,,,,,서교동
동교로12안길,주거지 도로,37.5539487,126.9130559,37.5541017,126.9138282,37.5540252,126.91344205,70.17620496393792,,,,186252408,,,,,서교동
동교로16길,주거지 도로,37.5548194,126.9150601,37.5544048,126.915394,37.5546121,126.91522705,54.69655064437794,,,,186252422,,,,,서교동
동교로15길,주거지 도로,37.5548194,126.9150601,37.5555398,126.91448,37.5551796,126.91477005,95.03566214598266,,,,228815422,,,,,서교동
양화로11길,주거지 도로,37.5519878,126.9129388,37.5518852,126.912501,37.5519365,126.9127199,40.29019332068545,,,,247826945,,,,,서교동
양화로11길,주거지 도로,37.5519878,126.9129388,37.5522587,126.9142073,37.55212325,126.91357305,115.81347088279496,,,,247826945,,,,,서교동
동교로12안길,주거지 도로,37.5541764,126.9142042,37.5542544,126.9146034,37.5542154,126.9144038,36.243698132746765,,,,186252408,,,,,서교동
동교로12안길,주거지 도로,37.5541764,126.9142042,37.5541017,126.9138282,37.55413905,126.9140162,34.17057390981889,,,,186252408,,,,,서교동
월드컵로8길,주거지 도로,37.5541764,126.9142042,37.5533747,126.9144822,37.55377555,126.9143432,92.99867779467064,,,,186252418,,,,,서교동
월드컵로8길,주거지 도로,37.5528548,126.912672,37.5530317,126.9133226,37.55294325,126.9129973,60.632672368943496,,,,186252419,,,True,,서교동
동교로12길,주거지 도로,37.5528548,126.912672,37.552402,126.9128107,37.5526284,126.91274135,51.81251264200954,,,,186252425,,,True,,서교동
월드컵로8길,주거지 도로,37.5535584,126.9152067,37.5535099,126.9155933,37.55353415,126.9154,34.610867043938526,,,,186252419,,,True,,서교동
양화로7안길,주거지 도로,37.5535584,126.9152067,37.552833,126.9150475,37.5531957,126.9151271,81.87280482953813,,,,186252428,,,,,서교동
양화로11길,주거지 도로,37.5518852,126.912501,37.5519878,126.9129388,37.5519365,126.9127199,40.29019332068545,,,,247826945,,,,,서교동
양화로11길,주거지 도로,37.552397,126.9149659,37.5522587,126.9142073,37.55232785,126.9145866,68.61988068707667,,,,247826945,,,,,서교동
양화로7안길,주거지 도로,37.552397,126.9149659,37.5515995,126.9149485,37.55199825,126.9149572,88.74143262801213,,,,186252428,,,,,서교동
양화로7안길,주거지 도로,37.552397,126.9149659,37.552833,126.9150475,37.552615,126.9150067,49.19317898365477,,,,186252428,,,,,서교동
양화로11길,주거지 도로,37.552397,126.9149659,37.551978,126.9157472,37.5521875,126.91535655,85.94351959243818,,,,247826945,,,,,서교동
동교로12길,주거지 도로,37.5538241,126.9123838,37.5528548,126.912672,37.55333945,126.9125279,110.735234025267,,,,186252425,,,True,,서교동
동교로12안길,주거지 도로,37.5538241,126.9123838,37.5539487,126.9130559,37.5538864,126.91271985,60.84668858099713,,,,186252408,,,,,서교동
동교로16길,주거지 도로,37.5544048,126.915394,37.5548194,126.9150601,37.5546121,126.91522705,54.69655064437794,,,,186252422,,,,,서교동
동교로12안길,주거지 도로,37.5544048,126.915394,37.5542544,126.9146034,37.5543296,126.9149987,71.67403267901989,,,,186252408,,,,,서교동
동교로16길,주거지 도로,37.5544048,126.915394,37.5535999,126.9162574,37.554002350000005,126.9158257,117.87182158776696,,,,186252422,,,,,서교동
양화로7길,주거지 도로,37.552402,126.9128107,37.5526393,126.9140543,37.552520650000005,126.9134325,112.76021547942902,,,,186252421,,,,,서교동
동교로12길,주거지 도로,37.552402,126.9128107,37.5519878,126.9129388,37.5521949,126.91287475,47.42122408715822,,,,186252425,,,True,,서교동
양화로7길,주거지 도로,37.551978,126.9157472,37.5512494,126.9152091,37.5516137,126.91547815,93.8826677699529,,,,247826943,,,,,서교동
양화로11길,주거지 도로,37.551978,126.9157472,37.5517161,126.9167015,37.55184705,126.91622435,89.02501396356894,,,,186252417,,,,,서교동
양화로11길,주거지 도로,37.551978,126.9157472,37.5524192,126.9160744,37.5521986,126.9159108,56.91056154497603,,,,247826944,,,,,서교동
양화로11길,주거지 도로,37.551978,126.9157472,37.552397,126.9149659,37.5521875,126.91535655,85.94351959243816,,,,247826945,,,,,서교동
동교로12길,주거지 도로,37.5543458,126.9122229,37.5538241,126.9123838,37.55408495,126.91230335,59.719311458428635,,,,186252425,,,True,,서교동
잔다리로7안길,주거지 도로,37.5530279,126.9171775,37.5524192,126.9160744,37.55272355,126.91662595,155.47221020087693,,,,186252420,,,,,서교동
잔다리로7길,주거지 도로,37.5530279,126.9171775,37.5530934,126.917733,37.55306065,126.91745525,53.929680910543766,,,,186252429,,,,,서교동
잔다리로7길,주거지 도로,37.5530279,126.9171775,37.5529562,126.9166421,37.55299205,126.9169098,50.62815239687899,,,,186252429,,,,,서교동
월드컵로8길,주거지 도로,37.5530317,126.9133226,37.5531799,126.913897,37.5531058,126.9136098,53.24981946240068,,,,186252419,,,True,,서교동
동교로12안길,주거지 도로,37.5542544,126.9146034,37.5541764,126.9142042,37.5542154,126.9144038,36.243698132746765,,,,186252408,,,,,서교동
월드컵로8길,주거지 도로,37.5542544,126.9146034,37.5534997,126.9148317,37.55387705,126.91471755,86.29842651184966,,,,186252416,,,,,서교동
동교로12안길,주거지 도로,37.5542544,126.9146034,37.5544048,126.915394,37.5543296,126.9149987,71.67403267901989,,,,186252408,,,,,서교동
월드컵로8길,주거지 도로,37.5533747,126.9144822,37.5534997,126.9148317,37.553437200000005,126.91465695,33.79991473020558,,,,186252419,,,True,,서교동
월드컵로8길,주거지 도로,37.5533747,126.9144822,37.552759,126.9146802,37.55306685,126.9145812,70.65279786454852,,,,335515427,,,,,서교동
월드컵로8길,주거지 도로,37.5533747,126.9144822,37.5541764,126.9142042,37.55377555,126.9143432,92.99867779467064,,,,186252418,,,,,서교동
양화로7길,주거지 도로,37.552833,126.9150475,37.552759,126.9146802,37.552796,126.91486385,33.40835594033113,,,,186252421,,,,,서교동
양화로7안길,주거지 도로,37.552833,126.9150475,37.552397,126.9149659,37.552615,126.9150067,49.19317898365477,,,,186252428,,,,,서교동
양화로7안길,주거지 도로,37.552833,126.9150475,37.5535584,126.9152067,37.5531957,126.9151271,81.87280482953813,,,,186252428,,,,,서교동
양화로7길,주거지 도로,37.5531799,126.913897,37.5526393,126.9140543,37.55290960000001,126.91397565,61.69162269853484,,,,186252413,,,,,서교동
양화로7길,주거지 도로,37.5531799,126.913897,37.5541017,126.9138282,37.5536408,126.9138626,102.68015751936711,,,,186252413,,,,,서교동
월드컵로8길,주거지 도로,37.5531799,126.913897,37.5533747,126.9144822,37.553277300000005,126.9141896,55.95143101683914,,,,186252419,,,True,,서교동
잔다리로7길,주거지 도로,37.5535099,126.9155933,37.5533142,126.9158717,37.553412050000006,126.9157325,32.80010871008169,,,,186252429,,,,,서교동
월드컵로8길,주거지 도로,37.5535099,126.9155933,37.5535999,126.9162574,37.5535549,126.91592535,60.43293267856641,,,,186252419,,,True,,서교동
양화로7길,주거지 도로,37.5515995,126.9149485,37.5512494,126.9152091,37.55142445,126.9150788,45.20265645932759,,,,186252413,,,,,서교동
양화로7길,주거지 도로,37.5515995,126.9149485,37.5522587,126.9142073,37.5519291,126.9145779,98.26801062245352,,,,186252413,,,,,서교동
양화로7안길,주거지 도로,37.5515995,126.9149485,37.552397,126.9149659,37.55199825,126.9149572,88.74143262801213,,,,186252428,,,,,서교동
잔다리로7안길,주거지 도로,37.5524192,126.9160744,37.5533142,126.9158717,37.5528667,126.91597305,106.24977896195396,,,,186252420,,,,,서교동
잔다리로7안길,주거지 도로,37.5524192,126.9160744,37.5530279,126.9171775,37.55272355,126.91662595,155.47221020087696,,,,186252420,,,,,서교동
양화로11길,주거지 도로,37.5524192,126.9160744,37.551978,126.9157472,37.5521986,126.9159108,56.91056154497603,,,,247826944,,,,,서교동
월드컵로8길,주거지 도로,37.5529562,126.9166421,37.5535999,126.9162574,37.55327805,126.91644975,79.20381551614405,,,,186252414,,,,,서교동
잔다리로7길,주거지 도로,37.5529562,126.9166421,37.5530279,126.9171775,37.55299205,126.9169098,50.628152396878995,,,,186252429,,,,,서교동
잔다리로7길,주거지 도로,37.5529562,126.9166421,37.5533142,126.9158717,37.5531352,126.9162569,82.17854390227134,,,,186252429,,,,,서교동
양화로7길,주거지 도로,37.5526393,126.9140543,37.5522587,126.9142073,37.552449,126.9141308,44.41815686456501,,,,186252413,,,,,서교동
양화로7길,주거지 도로,37.5526393,126.9140543,37.552402,126.9128107,37.552520650000005,126.9134325,112.76021547942902,,,,186252421,,,,,서교동
양화로7길,주거지 도로,37.5526393,126.9140543,37.552759,126.9146802,37.55269915,126.91436725,56.75870790330275,,,,186252421,,,,,서교동
양화로7길,주거지 도로,37.5526393,126.9140543,37.5531799,126.913897,37.55290960000001,126.91397565,61.69162269853486,,,,186252413,,,,,서교동
양화로7길,주거지 도로,37.554591,126.9136876,37.5541017,126.9138282,37.55434635,126.9137579,55.80162919992634,,,,186252413,,,,,서교동
동교로13길,주거지 도로,37.554591,126.9136876,37.555019,126.9133425,37.554805,126.91351505,56.483692235718834,,,,228815434,,,,,서교동
월드컵로8길,주거지 도로,37.5535999,126.9162574,37.5529562,126.9166421,37.55327805,126.91644975,79.20381551614405,,,,186252414,,,,,서교동
월드컵로8길,주거지 도로,37.5535999,126.9162574,37.5538395,126.9168734,37.5537197,126.9165654,60.48682760013507,,,,186252419,,,True,,서교동
동교로16길,주거지 도로,37.5535999,126.9162574,37.5544048,126.915394,37.554002350000005,126.9158257,117.871821587767,,,,186252422,,,,,서교동
양화로7길,주거지 도로,37.5512494,126.9152091,37.551978,126.9157472,37.5516137,126.91547815,93.8826677699529,,,,247826943,,,,,서교동
양화로7길,주거지 도로,37.5512494,126.9152091,37.5508189,126.9154903,37.55103415000001,126.9153497,53.983083262889586,,,,186252413,,,,,서교동
양화로7길,주거지 도로,37.5512494,126.9152091,37.5515995,126.9149485,37.55142445,126.9150788,45.20265645932759,,,,186252413,,,,,서교동
양화로7길,주거지 도로,37.5512494,126.9152091,37.5505131,126.9146565,37.55088125,126.9149328,95.27001424045812,,,,299640446,,,,,서교동
잔다리로7길,주거지 도로,37.5533142,126.9158717,37.5535099,126.9155933,37.553412050000006,126.9157325,32.80010871008169,,,,186252429,,,,,서교동
잔다리로7안길,주거지 도로,37.5533142,126.9158717,37.5524192,126.9160744,37.5528667,126.91597305,106.24977896195396,,,,186252420,,,,,서교동
잔다리로7길,주거지 도로,37.5533142,126.9158717,37.5529562,126.9166421,37.5531352,126.9162569,82.17854390227136,,,,186252429,,,,,서교동
양화로7길,주거지 도로,37.5522587,126.9142073,37.5526393,126.9140543,37.552449,126.9141308,44.41815686456501,,,,186252413,,,,,서교동
양화로11길,주거지 도로,37.5522587,126.9142073,37.552397,126.9149659,37.55232785,126.9145866,68.61988068707667,,,,247826945,,,,,서교동
양화로7길,주거지 도로,37.5522587,126.9142073,37.5515995,126.9149485,37.5519291,126.9145779,98.2680106224535,,,,186252413,,,,,서교동
양화로11길,주거지 도로,37.5522587,126.9142073,37.5519878,126.9129388,37.55212325,126.91357305,115.81347088279496,,,,247826945,,,,,서교동
양화로7길,주거지 도로,37.5541017,126.9138282,37.554591,126.9136876,37.55434635,126.9137579,55.80162919992634,,,,186252413,,,,,서교동
동교로12안길,주거지 도로,37.5541017,126.9138282,37.5539487,126.9130559,37.5540252,126.91344205,70.17620496393792,,,,186252408,,,,,서교동
동교로12안길,주거지 도로,37.5541017,126.9138282,37.5541764,126.9142042,37.55413905,126.9140162,34.17057390981889,,,,186252408,,,,,서교동
양화로7길,주거지 도로,37.5541017,126.9138282,37.5531799,126.913897,37.5536408,126.9138626,102.68015751936711,,,,186252413,,,,,서교동
월드컵로8길,주거지 도로,37.5527611,126.912213,37.5528548,126.912672,37.55280795,126.9124425,41.94686656709993,,,,186252419,,,True,,서교동
자양로37길,주거지 도로,37.5478853,127.087632,37.5481281,127.087304,37.5480067,127.087468,39.560945590973255,,,,417138913,,,,,구의2동
자양로37가길,주거지 도로,37.5478853,127.087632,37.5471237,127.0867403,37.5475045,127.08718615,115.5497947109506,,,,417139569,,,,,구의2동
자양로37길,주거지 도로,37.5478853,127.087632,37.5483488,127.0875465,37.54811705,127.08758925,52.44124854457634,,,,186906444,,,,,구의2동
자양로37길,주거지 도로,37.5478853,127.087632,37.547563,127.0880614,37.54772414999999,127.0878467,52.135007906441054,,,,417138913,,,,,구의2동
천호대로132길,주거지 도로,37.5483488,127.0875465,37.5487312,127.0879783,37.54854,127.0877624,57.07150206290344,,,,175320436,,,,,구의2동
천호대로132길,주거지 도로,37.5483488,127.0875465,37.5481281,127.087304,37.54823845,127.08742525,32.54691114567718,,,,175320436,,,,,구의2동
자양로37길,주거지 도로,37.5483488,127.0875465,37.5486007,127.0874018,37.54847475,127.08747415,30.778174183440036,,,,186906444,,,,,구의2동
자양로37길,주거지 도로,37.5483488,127.0875465,37.5478853,127.087632,37.54811705,127.08758925,52.44124854457634,,,,186906444,,,,,구의2동
천호대로132길,주거지 도로,37.5487312,127.0879783,37.5491236,127.0883938,37.5489274,127.08818605,56.970173987833974,,,,175320436,,,,,구의2동
천호대로132길,주거지 도로,37.5487312,127.0879783,37.5483488,127.0875465,37.54854,127.0877624,57.07150206290344,,,,175320436,,,,,구의2동
천호대로132길,주거지 도로,37.5487312,127.0879783,37.5487908,127.0878682,37.548761,127.08792325,11.75301077892058,,,,193113390,,,,,구의2동
천호대로130길,주거지 도로,37.5489397,127.0872071,37.5485257,127.0867347,37.5487327,127.0869709,62.07761240680322,,,,175320417,,,True,,구의2동
자양로37길,주거지 도로,37.5489397,127.0872071,37.5486007,127.0874018,37.5487702,127.08730445,41.41916684874846,,,,186906444,,,,,구의2동
자양로37길,주거지 도로,37.5489397,127.0872071,37.5489745,127.0871845,37.5489571,127.0871958,4.352397105053044,,,,186906444,,,,,구의2동
자양로37길,주거지 도로,37.5489397,127.0872071,37.5487467,127.0864212,37.5488432,127.08681415,88.0600552717548,,,,417139578,,,,,구의2동
자양로37길,주거지 도로,37.5489745,127.0871845,37.5489397,127.0872071,37.5489571,127.0871958,4.352397105053044,,,,186906444,,,,,구의2동
상암로,3차로,37.5505487,127.126581,37.55078,127.12606,37.550664350000005,127.1263205,52.64066629732751,,,,523734598,,,,,암사2동
상암로,3차로,37.5505487,127.126581,37.55035,127.127,37.55044935,127.1267905,43.04156223358481,,,,523734598,,,,,암사2동
상암로3길,주거지 도로,37.5505487,127.126581,37.5507229,127.1266421,37.550635799999995,127.12661155,20.10515796251994,,,,186983871,,,,,암사2동
상암로4길,주거지 도로,37.5505487,127.126581,37.5499087,127.1263923,37.550228700000005,127.12648665,73.18459556659977,,,,381215954,,,,,암사2동
상암로3길,주거지 도로,37.5547654,127.1281245,37.5539812,127.1278397,37.5543733,127.1279821,90.74141089695496,,,,186983871,,,,,암사2동
상암로3길,주거지 도로,37.5514233,127.1268876,37.5507229,127.1266421,37.5510731,127.12676485,80.83224283567937,,,,186983871,,,,,암사2동
상암로3길,주거지 도로,37.5514233,127.1268876,37.552662,127.1273471,37.55204265,127.12711735,143.57029707082694,,,,186983871,,,,,암사2동
올림픽로,주거지 도로,37.5514233,127.1268876,37.5513127,127.127369,37.551368,127.1271283,44.18444575985654,,,,186983878,,,,,암사2동
올림픽로,주거지 도로,37.5511723,127.1279242,37.5513127,127.127369,37.5512425,127.1276466,51.37398663211493,,,,186983878,,,,,암사2동
올림픽로,주거지 도로,37.5537417,127.1288412,37.5538754,127.1282822,37.55380855,127.1285617,51.471515212128345,,,,186983902,,,,,암사2동
상암로3길,주거지 도로,37.5539812,127.1278397,37.552662,127.1273471,37.5533216,127.1275934,152.98114685055043,,,,186983871,,,,,암사2동
올림픽로,주거지 도로,37.5539812,127.1278397,37.5538754,127.1282822,37.5539283,127.12806095,40.743234501048256,,,,186983902,,,,,암사2동
상암로3길,주거지 도로,37.5539812,127.1278397,37.5547654,127.1281245,37.5543733,127.1279821,90.74141089695496,,,,186983871,,,,,암사2동
상암로3길,생활도로,37.5530067,127.1260188,37.552662,127.1273471,37.55283435,127.12668295,123.2091845493026,,,,186983985,,,,,암사2동
상암로3길,주거지 도로,37.5530067,127.1260188,37.5533666,127.1261554,37.55318665,127.1260871,41.79157119518753,,,,475406440,,,,,암사2동
상암로3길,생활도로,37.5530067,127.1260188,37.55109,127.12531,37.55204835,127.1256644,222.0984150628985,,,,186983985,,,,,암사2동
상암로3길,주거지 도로,37.552662,127.1273471,37.5514233,127.1268876,37.55204265,127.12711735,143.57029707082694,,,,186983871,,,,,암사2동
상암로3길,주거지 도로,37.552662,127.1273471,37.5539812,127.1278397,37.5533216,127.1275934,152.98114685055043,,,,186983871,,,,,암사2동
올림픽로,주거지 도로,37.552662,127.1273471,37.5525546,127.1278186,37.5526083,127.12758285,43.246595686529936,,,,186983895,,,,,암사2동
올림픽로,생활도로,37.552662,127.1273471,37.5530067,127.1260188,37.55283435,127.12668295,123.2091845493026,,,,186983985,,,,,암사2동
상암로,주거지 도로,37.55109,127.12531,37.5504761,127.1250872,37.55078305,127.1251986,71.03220711853827,,,,381215958,,,,,암사2동
상암로,3차로,37.55109,127.12531,37.5512742,127.1248802,37.551182100000005,127.1250951,43.07138307743048,,,,523734598,,,,,암사2동
상암로,3차로,37.55109,127.12531,37.5509051,127.1257573,37.550997550000005,127.12553365,44.4705973744628,,,,523734598,,,,,암사2동
상암로,생활도로,37.55109,127.12531,37.5530067,127.1260188,37.55204835,127.1256644,222.0984150628985,,,,186983985,,,,,암사2동
상암로,주거지 도로,37.5585396,127.0487022,37.5588175,127.0486014,37.55867855,127.0486518,32.15619016712282,,,,779239873,,,,,사근동
사근동10길,주거지 도로,37.5588175,127.0486014,37.5586953,127.0483547,37.5587564,127.04847805,25.642213507148064,,,,187354408,,,,,사근동
사근동10길,주거지 도로,37.5588175,127.0486014,37.5600368,127.0492827,37.559427150000005,127.04894205,164.24023981572984,,,,"[187354408, 226966682, 389643124]",,,,,사근동
사근동10길,주거지 도로,37.5588175,127.0486014,37.5585396,127.0487022,37.55867855,127.0486518,32.15619016712282,,,,779239873,,,,,사근동
마조로,주거지 도로,37.5597714,127.0411149,37.56015,127.04176,37.559960700000005,127.04143745,90.8960962645984,,,,"[1102479440, 187645694]",,,,,사근동
서초대로66길,주거지 도로,37.4959779,127.0210116,37.4958627,127.0210245,37.4959203,127.02101805,12.860129180062218,,,,220412424,,,,,서초1동
서초대로65길,3차로,37.4959779,127.0210116,37.4967039,127.0207657,37.4963409,127.02088865,83.69922401467554,,,,522799178,,,,,서초4동
왕십리광장로,3차로,37.558224,127.038874,37.5612256,127.0379301,37.5597248,127.03840205,347.5679874302884,,,,188174589,,,True,,행당1동
고산자로2길,주거지 도로,37.558224,127.038874,37.5579707,127.0389895,37.55809735,127.03893175,30.08823456748399,,,,280210084,30.0,,,,행당1동
고산자로2길,3차로,37.5612256,127.0379301,37.5612907,127.0379158,37.56125815,127.03792295,7.347720911832366,,,,247789681,,,True,,행당1동
고산자로2길,,37.5612161,127.0375461,37.5609284,127.0379669,37.56107225,127.0377565,49.001315670088566,,,,188174592,,,True,,행당1동
고산자로2길,3차로,37.5612161,127.0375461,37.5612258,127.0378192,37.561220950000006,127.03768265,24.09859357936751,,,,247789703,,,True,,행당1동
왕십리광장로,주거지 도로,37.5612895,127.0376274,37.5612981,127.0368336,37.5612938,127.0372305,69.98109853166419,,,,247789689,,,True,,행당1동
왕십리광장로,3차로,37.5609284,127.0379669,37.5585853,127.0387873,37.55975685,127.0383771,272.4838371875939,,,,"[188174604, 188174590]",,,True,,행당1동
진관1로,주거지 도로,37.6312913,126.9216614,37.6334547,126.9192508,37.632373,126.9204561,329.386750528222,,,,468619559,30.0,1,,,진관동
진관1로,3차로,37.6312913,126.9216614,37.6315602,126.9241254,37.631425750000005,126.9228934,221.48366089056665,,,,547186142,30.0,2,,,진관동
진관1로,3차로,37.6312913,126.9216614,37.6304675,126.9193268,37.6308794,126.9204941,228.3418699966639,,,,547186142,30.0,2,,,진관동
진관1로,주거지 도로,37.6334547,126.9192508,37.6345689,126.9189247,37.6340118,126.91908775,130.12617470869031,,,,468619559,30.0,1,,,진관동
진관1로,주거지 도로,37.6334547,126.9192508,37.6312913,126.9216614,37.632373,126.9204561,329.386750528222,,,,468619559,30.0,1,,,진관동
진관1로,주거지 도로,37.6334547,126.9192508,37.6345342,126.9181162,37.63399445,126.9186835,225.5579754878241,,,,472043209,,,,,진관동
진관2로,3차로,37.6344918,126.9171494,37.6344857,126.9170859,37.63448875,126.91711765,5.63266327526021,,,,517706839,40.0,2,,,진관동
진관2로,3차로,37.6344918,126.9171494,37.6345342,126.9181162,37.634513,126.9176328,85.27638860843787,,,,188231553,40.0,5,,,진관동
고려대학교 기숙사언덕,주거지 도로,37.5896539,127.0290918,37.5897246,127.0291281,37.58968925,127.02910995,8.48722538155142,,,,448713867,,,,,안암동
개운사길,주거지 도로,37.5896539,127.0290918,37.5891148,127.0291701,37.58938435,127.02913095,61.96390875131941,,,,332080699,,,,,안암동
개운사길,주거지 도로,37.5896539,127.0290918,37.5903719,127.0283971,37.590012900000005,127.02874445,105.34825613222522,,,,337111069,,,,,안암동
가로공원로89길,주거지 도로,37.5380872,126.8409617,37.538921,126.8404485,37.5385041,126.8407051,103.16732972111228,,,,188841032,,,,,화곡1동
가로공원로,3차로,37.5380872,126.8409617,37.5375828,126.8399755,37.537835,126.8404686,104.3687240184787,,,,1348994386,,,True,,화곡1동
화곡로24길,주거지 도로,37.5385182,126.8394336,37.5388304,126.8392415,37.5386743,126.83933755,38.62673041612176,,,,188841035,,,,,화곡1동
강서로27길,주거지 도로,37.5385182,126.8394336,37.538921,126.8404485,37.5387196,126.83994105,100.0682259909353,,,,188841029,,,,,화곡1동
화곡로24길,주거지 도로,37.5385182,126.8394336,37.5375828,126.8399755,37.5380505,126.83970455,114.4798250164707,,,,188841035,,,,,화곡1동
화곡로24길,주거지 도로,37.5388304,126.8392415,37.5385182,126.8394336,37.5386743,126.83933755,38.62673041612176,,,,188841035,,,,,화곡1동
화곡로24길,주거지 도로,37.5388304,126.8392415,37.5392884,126.8389587,37.5390594,126.8391001,56.705746893559194,,,,188841035,,,,,화곡1동
강서로29길,3차로,37.5388304,126.8392415,37.5392206,126.8402639,37.5390255,126.8397527,100.04413194343924,,,,465078885,,,,,화곡1동
강서로29길,3차로,37.5388304,126.8392415,37.5379175,126.8368999,37.53837395,126.8380707,230.06765442827287,,,,465078885,,,,,화곡1동
강서로27길,주거지 도로,37.538921,126.8404485,37.5392761,126.8414469,37.539098550000006,126.8409477,96.47965444332031,,,,188841029,,,,,화곡1동
가로공원로89길,주거지 도로,37.538921,126.8404485,37.5392206,126.8402639,37.539070800000005,126.8403562,37.077549902372674,,,,188841032,,,,,화곡1동
강서로27길,주거지 도로,37.538921,126.8404485,37.5385182,126.8394336,37.5387196,126.83994105,100.06822599093528,,,,188841029,,,,,화곡1동
가로공원로89길,주거지 도로,37.538921,126.8404485,37.5380872,126.8409617,37.5385041,126.8407051,103.16732972111228,,,,188841032,,,,,화곡1동
강서로31길,주거지 도로,37.5390683,126.8383856,37.5392884,126.8389587,37.53917835,126.83867215,56.14554279979425,,,,188841023,,,True,,화곡1동
화곡로26가길,주거지 도로,37.5390683,126.8383856,37.5394919,126.838132,37.5392801,126.8382588,52.140126860294075,,,,188841038,,,,,화곡1동
가로공원로89길,주거지 도로,37.5392206,126.8402639,37.538921,126.8404485,37.539070800000005,126.8403562,37.077549902372674,,,,188841032,,,,,화곡1동
강서로29길,3차로,37.5392206,126.8402639,37.5398376,126.8410165,37.5395291,126.8406402,95.44744542388035,,,,465078885,,,,,화곡1동
강서로29길,3차로,37.5392206,126.8402639,37.5388304,126.8392415,37.5390255,126.8397527,100.04413194343924,,,,465078885,,,,,화곡1동
강서로31길,주거지 도로,37.5392884,126.8389587,37.5396828,126.8399656,37.5394856,126.83946215,99.01993607325925,,,,188841023,,,True,,화곡1동
화곡로24길,주거지 도로,37.5392884,126.8389587,37.5404251,126.838267,37.53985675,126.83861285,140.3397215061678,,,,188841035,,,,,화곡1동
화곡로24길,주거지 도로,37.5392884,126.8389587,37.5388304,126.8392415,37.5390594,126.8391001,56.705746893559194,,,,188841035,,,,,화곡1동
화곡로20길,주거지 도로,37.5394379,126.8365319,37.5398316,126.8379286,37.539634750000005,126.83723025,130.6970262720915,,,,188841034,,,,,화곡1동
화곡로20길,3차로,37.5394379,126.8365319,37.5399202,126.8364152,37.53967905,126.83647355,54.607546426164646,,,,188841366,,,,,화곡1동
화곡로20길,3차로,37.5394379,126.8365319,37.5389107,126.8366595,37.5391743,126.8365957,59.69187612521053,,,,188841366,,,,,화곡1동
화곡로18길,주거지 도로,37.5394379,126.8365319,37.5392996,126.8358669,37.53936875,126.8361994,60.62051398138278,,,,278188979,,,,,화곡1동
화곡로26가길,주거지 도로,37.5394919,126.838132,37.5398316,126.8379286,37.53966175,126.8380303,41.81409415195896,,,,188841038,,,,,화곡1동
화곡로26가길,주거지 도로,37.5394919,126.838132,37.5390683,126.8383856,37.5392801,126.8382588,52.140126860294075,,,,188841038,,,,,화곡1동
화곡로20길,주거지 도로,37.5394919,126.838132,37.5389107,126.8366595,37.5392013,126.83739575,145.02675648554174,,,,188841039,,,,,화곡1동
강서로31길,주거지 도로,37.5396828,126.8399656,37.5400465,126.8404048,37.53986465,126.8401852,55.991887703649056,,,,188841023,,,True,,화곡1동
강서로31길,주거지 도로,37.5396828,126.8399656,37.5406932,126.8392649,37.540188,126.83961525,129.58669211173014,,,,465262922,,,,,화곡1동
화곡로20길,주거지 도로,37.5398316,126.8379286,37.5394379,126.8365319,37.539634750000005,126.83723025,130.6970262720915,,,,188841034,,,,,화곡1동
화곡로26가길,주거지 도로,37.5398316,126.8379286,37.5402625,126.8376706,37.54004705,126.8377996,53.03969095937871,,,,188841038,,,,,화곡1동
화곡로26가길,주거지 도로,37.5398316,126.8379286,37.5394919,126.838132,37.53966175,126.8380303,41.81409415195896,,,,188841038,,,,,화곡1동
화곡로20길,3차로,37.5399202,126.8364152,37.5405385,126.8362624,37.54022935,126.8363388,70.05946869538721,,,,188841366,,,,,화곡1동
화곡로20길,3차로,37.5399202,126.8364152,37.5394379,126.8365319,37.53967905,126.83647355,54.607546426164646,,,,188841366,,,,,화곡1동
강서로31길,주거지 도로,37.5400465,126.8404048,37.5401916,126.84058,37.54011905,126.8404924,22.336929744109952,,,,188841023,,,True,,화곡1동
강서로31길,주거지 도로,37.5400465,126.8404048,37.5408527,126.8398356,37.5404496,126.8401202,102.73721706057748,,,,188841033,,,,,화곡1동
화곡로26길,주거지 도로,37.5401916,126.84058,37.5408989,126.840019,37.54054525,126.8402995,92.91703769010388,,,,226514733,,,True,,화곡1동
강서로31길,주거지 도로,37.5401916,126.84058,37.5406721,126.8412041,37.54043185,126.84089205,77.0209550553469,,,,902333779,,,,,화곡1동
화곡로26가길,주거지 도로,37.5402625,126.8376706,37.5399202,126.8364152,37.54009135,126.8370429,117.04948466186418,,,,188841036,,,True,,화곡1동
화곡로26가길,주거지 도로,37.5402625,126.8376706,37.5398316,126.8379286,37.54004705,126.8377996,53.03969095937871,,,,188841038,,,,,화곡1동
화곡로24길,주거지 도로,37.5410158,126.8380612,37.5404251,126.838267,37.540720449999995,126.8381641,68.2941008086026,,,,188841035,,,,,화곡1동
강서로31길,주거지 도로,37.5408527,126.8398356,37.5400465,126.8404048,37.5404496,126.8401202,102.73721706057748,,,,188841033,,,,,화곡1동
화곡로26가길,주거지 도로,37.5408527,126.8398356,37.5406932,126.8392649,37.54077295,126.83955025,53.35209894052003,,,,188841036,,,True,,화곡1동
화곡로20길,3차로,37.5405385,126.8362624,37.5399202,126.8364152,37.54022935,126.8363388,70.05946869538721,,,,188841366,,,,,화곡1동
만양로14길,주거지 도로,37.5129981,126.9482431,37.5123482,126.9466719,37.51267315,126.9474575,158.1620447276675,,,,"[466550146, 688645532]",,,,,노량진1동
강서로52길,주거지 도로,37.5579264,126.8380382,37.5578472,126.8388087,37.5578868,126.83842345,68.48704029160221,,,,278175485,30.0,,,,우장산동
강서로,주거지 도로,37.5579264,126.8380382,37.558009,126.8372948,37.5579677,126.8376665,66.17010753020148,,,,167788873,,,,,발산1동
아차산로7길,3차로,37.5485981,127.0556827,37.5480345,127.0554103,37.5483163,127.0555465,67.1131927305494,,,,115699304,,,,,성수2가3동
아차산로7길,3차로,37.5485981,127.0556827,37.5494339,127.0560859,37.549015999999995,127.0558843,99.50254822980165,,,,115699304,,,,,성수2가3동
광나루로4가길,주거지 도로,37.5485981,127.0556827,37.5490207,127.0548956,37.5488094,127.05528915,85.36355292823961,,,,381409404,,,,,성수2가3동
성수이로,주거지 도로,37.5476552,127.0580148,37.5472349,127.0593892,37.54744505,127.058702,129.86899958215704,,,,381409362,,,,,성수2가3동
성수이로,3차로,37.5476552,127.0580148,37.548723,127.058292,37.5481891,127.0581534,121.22294685463008,,,,519099441,,,,,성수2가3동
성수이로,3차로,37.5476552,127.0580148,37.54642,127.05769,37.5470376,127.0578524,140.30136133549067,,,,519099441,,,,,성수2가3동
광평로10길,주거지 도로,37.4811975,127.0768621,37.4816836,127.0801541,37.48144055,127.0785081,295.4827123483989,,,,474544462,,,,,일원본동
일원로,주거지 도로,37.4813888,127.0842864,37.4832797,127.0838568,37.482334249999994,127.0840716,213.65472297697056,,,,192695809,,,,,일원본동
광평로20길,주거지 도로,37.4813888,127.0842864,37.4836874,127.0866501,37.4825381,127.08546825,439.8377058164038,,,,417994712,,,,,일원본동
"['광평로20길', '광평로10길']",주거지 도로,37.4813888,127.0842864,37.4816836,127.0801541,37.481536199999994,127.08222025,408.54643067921546,,,,"[417994712, 474544463]",,,,,일원본동
광평로10길,주거지 도로,37.4816836,127.0801541,37.4827048,127.0799026,37.482194199999995,127.08002835,115.70060825619316,,,,192695783,,,,,일원본동
광평로10길,주거지 도로,37.4816836,127.0801541,37.4811975,127.0768621,37.48144055,127.0785081,295.4827123483989,,,,474544462,,,,,일원본동
"['광평로20길', '광평로10길']",주거지 도로,37.4816836,127.0801541,37.4813888,127.0842864,37.481536199999994,127.08222025,408.54643067921546,,,,"[417994712, 474544463]",,,,,일원본동
광평로31길,주거지 도로,37.4844247,127.0931659,37.4858303,127.0861706,37.4851275,127.08966825,679.9177588006362,,,,192695785,,,,,일원본동
광평로31길,주거지 도로,37.4858303,127.0861706,37.4844247,127.0931659,37.4851275,127.08966825,679.9177588006361,,,,192695785,,,,,일원본동
광평로19길,주거지 도로,37.4858303,127.0861706,37.4836874,127.0866501,37.484758850000006,127.08641035,242.00693498711817,,,,192695789,,2,,,일원본동
일원로13길,주거지 도로,37.4858303,127.0861706,37.4854936,127.0833403,37.48566195,127.08475545,253.28178372494096,,,,417994713,,,,,일원본동
개포로,3차로,37.4890796,127.0659768,37.4891234,127.0661257,37.4891015,127.06605125,14.01114714005327,,,,522343770,,,,,개포2동
개포로,3차로,37.4890796,127.0659768,37.4876776,127.062801,37.4883786,127.0643889,325.2005008479541,,,,522343755,,,,,개포2동
개포로,3차로,37.4891234,127.0661257,37.4890796,127.0659768,37.4891015,127.06605125,14.01114714005327,,,,522343770,,,,,개포2동
개포로,3차로,37.4891234,127.0661257,37.4892567,127.0668583,37.48919005,127.066492,66.39449225448604,,,,522343758,,,,,개포2동
일원로9길,주거지 도로,37.4898266,127.0831801,37.4899621,127.0836294,37.48989435,127.08340475,42.40803947089472,,,,341892197,,,,,일원1동
일원로9길,주거지 도로,37.4898266,127.0831801,37.4896993,127.0827554,37.48976295,127.08296775,40.05540627420347,,,,417979352,,,,,일원1동
양재대로33길,주거지 도로,37.4898266,127.0831801,37.4909728,127.0826436,37.4903997,127.08291185,135.96783456470766,,,,417979345,,,,,일원1동
일원로9길,주거지 도로,37.4904693,127.0853116,37.4905934,127.085734,37.49053135,127.0855228,39.740327163099685,,,,341892197,,,,,일원1동
일원로9길,주거지 도로,37.4904693,127.0853116,37.4903364,127.0848708,37.490402849999995,127.0850912,41.60405875095768,,,,341892197,,,,,일원1동
양재대로43길,주거지 도로,37.4904693,127.0853116,37.4921883,127.0845204,37.491328800000005,127.084916,203.51129905711431,,,,417979346,,,,,일원1동
개포로124길,주거지 도로,37.4923494,127.0836379,37.4933443,127.0831309,37.49284685,127.0833844,119.32875401480284,,,,192702936,,,,,일원1동
일원로3길,3차로,37.4923494,127.0836379,37.4921987,127.0832921,37.492274050000006,127.083465,34.89713250411047,,,,37398884,,,,,일원1동
일원로3길,3차로,37.4923494,127.0836379,37.492598,127.0843294,37.492473700000005,127.08398365,66.979325202725,,,,37398884,,,,,일원1동
개포로116길,주거지 도로,37.4941875,127.0811484,37.4938634,127.0813022,37.49402545,127.0812253,38.50811491989167,,,,192702942,,,,,일원1동
개포로,3차로,37.4941875,127.0811484,37.4946144,127.0825056,37.49440095,127.081827,128.8044247958345,,,,522325943,,,,,일원1동
개포로,3차로,37.4941875,127.0811484,37.4936417,127.0795624,37.4939146,127.0803554,152.52651571751028,,,,522325943,,,,,일원1동
개포로124길,주거지 도로,37.4946144,127.0825056,37.494293,127.0826612,37.4944537,127.0825834,38.28391737267845,,,,192702936,,,,,일원1동
개포로,3차로,37.4946144,127.0825056,37.4951703,127.0842864,37.49489235,127.083396,168.8303179440993,,,,522325943,,,,,일원1동
개포로,3차로,37.4946144,127.0825056,37.4941875,127.0811484,37.49440095,127.081827,128.8044247958345,,,,522325943,,,,,일원1동
논현로132길,주거지 도로,37.5153857,127.0326969,37.5151823,127.0320287,37.515284,127.0323628,63.125356392996125,,,,117785740,,,,,논현2동
논현로132길,주거지 도로,37.5153857,127.0326969,37.5159333,127.0344719,37.5156595,127.0335844,167.9769966841021,,,,117785740,,,,,논현2동
학동로33길,주거지 도로,37.5153857,127.0326969,37.5151197,127.0328235,37.515252700000005,127.0327602,31.61536064966765,,,,192728191,,,,,논현2동
학동로33길,주거지 도로,37.5153857,127.0326969,37.5159486,127.0324382,37.51566715,127.03256755,66.62083403256544,,,,192728191,,,,,논현2동
압구정로2길,주거지 도로,37.5177373,127.0216853,37.5181363,127.0214329,37.5179368,127.0215591,49.63820605018838,,,,38233669,,,,,신사동
강남대로152길,주거지 도로,37.5177373,127.0216853,37.5180172,127.022351,37.51787725,127.02201815,66.45126056075178,,,,282212598,,,True,,신사동
압구정로2길,주거지 도로,37.5185392,127.0211728,37.5181363,127.0214329,37.51833775,127.02130285,50.33199902013133,,,,38233669,,,,,신사동
압구정로2길,주거지 도로,37.5185392,127.0211728,37.5192475,127.0206914,37.51889335,127.0209321,89.47426835757012,,,,38233669,,,,,신사동
강남대로156길,주거지 도로,37.5185392,127.0211728,37.5181094,127.0198501,37.5183243,127.02051145,127.6787149287878,,,,38233672,,,True,,신사동
강남대로156길,주거지 도로,37.5193308,127.0231544,37.5190598,127.0224672,37.5191953,127.0228108,67.68510924165517,,,,38233672,,,True,,신사동
가로수길,3차로,37.5193308,127.0231544,37.5195149,127.023124,37.51942285,127.0231392,20.64584079969191,,,,529594105,,,,,신사동
가로수길,3차로,37.5193308,127.0231544,37.5183966,127.0233084,37.5188637,127.0232314,104.7625991137867,,,,529594105,,,,,신사동
논현로151길,주거지 도로,37.5195149,127.023124,37.519595,127.0238249,37.51955495,127.02347445,62.45346626057603,,,,192743562,,,,,신사동
가로수길,3차로,37.5195149,127.023124,37.5199463,127.0230529,37.5197306,127.02308845,48.37766689545964,,,,529594105,,,,,신사동
가로수길,3차로,37.5195149,127.023124,37.5193308,127.0231544,37.51942285,127.0231392,20.64584079969191,,,,529594105,,,,,신사동
압구정로2길,주거지 도로,37.5200779,127.0201553,37.5196192,127.0204418,37.51984855,127.02029855,56.920759121774736,,,,38233669,,,,,신사동
압구정로2길,주거지 도로,37.5200779,127.0201553,37.5206913,127.0197698,37.5203846,127.01996255,76.21084190393827,,,,38233669,,,,,신사동
강남대로162길,주거지 도로,37.5200779,127.0201553,37.5204273,127.0208393,37.5202526,127.0204973,71.75702677515098,,,,38233673,,,,,신사동
강남대로162길,주거지 도로,37.5200779,127.0201553,37.5197079,127.0193959,37.5198929,127.0197756,78.60161185263397,,,,38233673,,,,,신사동
도산대로25길,주거지 도로,37.5204217,127.0275032,37.5207182,127.0273205,37.520569949999995,127.02741185,36.696048311517096,,,,38233798,,,,,신사동
도산대로25길,주거지 도로,37.5204217,127.0275032,37.5199856,127.0278917,37.52020365,127.02769745,59.72620761264828,,,,38233798,,,,,신사동
논현로151길,주거지 도로,37.5204217,127.0275032,37.5206578,127.0280524,37.52053975,127.0277778,55.11332454026433,,,,192743562,,,,,신사동
논현로151길,주거지 도로,37.5204217,127.0275032,37.5199077,127.0262914,37.520164699999995,127.0268973,121.19586117792184,,,,192743562,,,,,신사동
논현로151길,주거지 도로,37.5206578,127.0280524,37.5204217,127.0275032,37.52053975,127.0277778,55.11332454026433,,,,192743562,,,,,신사동
강남대로162길,주거지 도로,37.5210741,127.0221462,37.520926,127.0218101,37.52100005,127.02197815,33.90880060767762,,,,38233673,,,,,신사동
압구정로10길,주거지 도로,37.5210741,127.0221462,37.5215775,127.0220823,37.5213258,127.02211425,56.262206870770015,,,,38233666,,1,True,,신사동
도산대로45길,주거지 도로,37.5230382,127.035541,37.5222427,127.0359504,37.52264045,127.0357457,95.54049367597396,,,,117824446,,,,,압구정동
도산대로45길,주거지 도로,37.5230382,127.035541,37.5236491,127.0352347,37.52334365,127.03538785,73.10290575036693,,,,117824446,,,,,압구정동
도산대로45길,주거지 도로,37.5230382,127.035541,37.5234458,127.0367966,37.523242,127.0361688,119.64734743362168,,,,417420098,,,,,압구정동
도산대로45길,주거지 도로,37.5234458,127.0367966,37.5235898,127.0372798,37.5235178,127.0370382,45.522045679706146,,,,417420098,,,,,압구정동
도산대로45길,주거지 도로,37.5234458,127.0367966,37.5230382,127.035541,37.523242,127.0361688,119.64734743362168,,,,417420098,,,,,압구정동
압구정로46길,주거지 도로,37.5234458,127.0367966,37.5240733,127.0364869,37.523759549999994,127.03664175,74.92990006941105,,,,417420148,,,,,압구정동
압구정로46길,주거지 도로,37.5240733,127.0364869,37.5246822,127.0362103,37.52437775,127.0363486,71.96670470316803,,,,417420148,,,,,압구정동
압구정로46길,주거지 도로,37.5240733,127.0364869,37.5234458,127.0367966,37.523759549999994,127.03664175,74.92990006941105,,,,417420148,,,,,압구정동
도산대로45길,주거지 도로,37.5240733,127.0364869,37.5236491,127.0352347,37.5238612,127.0358608,120.59070221874876,,,,702583908,,,,,압구정동
선릉로153길,주거지 도로,37.5247846,127.0378548,37.5247416,127.0371613,37.5247631,127.03750805,61.34480993602166,,,,117824447,,,,,압구정동
선릉로153길,주거지 도로,37.5247846,127.0378548,37.5248405,127.0387181,37.52481255,127.03828645,76.38573632765872,,,,117824447,,,,,압구정동
도산대로51길,주거지 도로,37.5247846,127.0378548,37.5255736,127.0381194,37.5251791,127.0379871,90.783021391175,,,,192743548,,,,,압구정동
도산대로51길,주거지 도로,37.5247846,127.0378548,37.5238116,127.0379628,37.5242981,127.0379088,108.61122628096275,,,,417420101,,,,,압구정동
압구정로34길,주거지 도로,37.5254764,127.0306156,37.5244532,127.0305635,37.52496480000001,127.03058955,113.8675430979141,,,,166611662,,,,,압구정동
논현로172길,주거지 도로,37.5254764,127.0306156,37.5255078,127.0299015,37.5254921,127.03025855,63.070957662194665,,,,192743549,,,,,압구정동
압구정로34길,주거지 도로,37.5254764,127.0306156,37.5264794,127.0306953,37.5259779,127.03065545,111.75107652923631,,,,166611662,,,,,압구정동
논현로172길,주거지 도로,37.5254764,127.0306156,37.525449,127.0314468,37.525462700000006,127.0310312,73.36673623148616,,,,192743549,,,,,압구정동
도산대로51길,주거지 도로,37.5255736,127.0381194,37.5261339,127.0383155,37.52585375,127.03821745,64.65813912499839,,,,192743548,,,,,압구정동
도산대로51길,주거지 도로,37.5255736,127.0381194,37.5247846,127.0378548,37.5251791,127.0379871,90.783021391175,,,,192743548,,,,,압구정동
선릉로155길,주거지 도로,37.5255736,127.0381194,37.525402,127.0389166,37.5254878,127.038518,72.84599670760058,,,,417420128,,,,,압구정동
선릉로155길,주거지 도로,37.5255736,127.0381194,37.525828,127.0370102,37.5257008,127.0375648,101.8248466636196,,,,417420128,,,,,압구정동
논현로172길,주거지 도로,37.5255346,127.0291731,37.5255078,127.0299015,37.5255212,127.0295373,64.30437563017328,,,,192743549,,,,,압구정동
압구정로30길,주거지 도로,37.5255346,127.0291731,37.5244924,127.0290892,37.5250135,127.02913115,116.16611751829365,,,,166611670,,,True,,압구정동
압구정로46길,주거지 도로,37.5260572,127.0359707,37.5255601,127.0358216,37.52580865,127.03589615,56.8174257966852,,,,417420148,,,,,압구정동
압구정로46길,주거지 도로,37.5260572,127.0359707,37.5266174,127.0361733,37.526337299999994,127.036072,64.8030823480103,,,,417420148,,,,,압구정동
언주로168길,주거지 도로,37.5260572,127.0359707,37.525828,127.0370102,37.52594259999999,127.03649045,95.14654201033116,,,,117824445,,,,,압구정동
언주로168길,주거지 도로,37.5260572,127.0359707,37.5263428,127.0346977,37.5262,127.0353342,116.67620684286916,,,,117824445,,,,,압구정동
언주로168길,주거지 도로,37.526075,127.0263376,37.526146,127.0262828,37.5261105,127.0263102,9.256494780251902,,,,192743534,,,,,신사동
도산대로51길,주거지 도로,37.5261339,127.0383155,37.5255736,127.0381194,37.52585375,127.03821745,64.65813912499839,,,,192743548,,,,,압구정동
선릉로157길,주거지 도로,37.5261339,127.0383155,37.5259535,127.0391184,37.5260437,127.03871695,73.59141156094287,,,,117824443,,,True,,압구정동
선릉로157길,주거지 도로,37.526146,127.0262828,37.526075,127.0263376,37.5261105,127.0263102,9.256494780251902,,,,192743534,,,,,신사동
선릉로157길,주거지 도로,37.526146,127.0262828,37.5293748,127.0232159,37.5277604,127.02474935,457.5952341845144,,,,192743534,,,,,신사동
논현로189길,주거지 도로,37.5293748,127.0232159,37.5310208,127.0244426,37.5301978,127.02382925,212.68164845273324,,,,83336261,,,,,신사동
논현로189길,주거지 도로,37.5293748,127.0232159,37.5274115,127.0217938,37.52839315,127.02250485,251.8273133237924,,,,83336261,,,,,신사동
논현로189길,주거지 도로,37.5293748,127.0232159,37.526146,127.0262828,37.5277604,127.02474935,457.5952341845144,,,,192743534,,,,,신사동
언주로171길,주거지 도로,37.5275682,127.0334674,37.527602,127.0326939,37.5275851,127.03308065,68.31409128154087,,,,417434585,,,,,압구정동
언주로171길,주거지 도로,37.5275682,127.0334674,37.5275546,127.0336359,37.5275614,127.03355165,14.935829635278118,,,,914538339,,,,,압구정동
압구정로29길,주거지 도로,37.5277197,127.0284538,37.5275057,127.0284285,37.5276127,127.02844115,23.90011018115317,,,,417343916,,,,,압구정동
압구정로29길,주거지 도로,37.5277197,127.0284538,37.5279151,127.0283913,37.5278174,127.02842255,22.41609216915427,,,,417343916,,,,,압구정동
압구정로29길,주거지 도로,37.5277197,127.0284538,37.5274772,127.0285927,37.52759845,127.02852325,29.626512457356135,,,,507338311,,,,,압구정동
압구정로33길,주거지 도로,37.5281196,127.0301698,37.5307112,127.0302566,37.5294154,127.0302132,365.39912348363674,,,,192760568,,,,,압구정동
압구정로33길,주거지 도로,37.5307112,127.0302566,37.5281196,127.0301698,37.5294154,127.0302132,365.3991234836366,,,,192760568,,,,,압구정동
압구정로33길,주거지 도로,37.5307112,127.0302566,37.5327462,127.029525,37.5317287,127.0298908,235.387484390471,,,,497984156,,,,,압구정동
압구정로33길,주거지 도로,37.5307112,127.0302566,37.5310473,127.0317873,37.53087925,127.03102195,140.2685548850399,,,,804171133,,,,,압구정동
"['압구정로39길', '논현로190길']",주거지 도로,37.5310473,127.0317873,37.5327462,127.029525,37.53189675,127.03065615,402.51222554181953,,,,"[417343913, 117824454]",,,,,압구정동
압구정로39길,주거지 도로,37.5310473,127.0317873,37.5290483,127.0325633,37.5300478,127.0321753,232.6289351960755,,,,117824454,,,,,압구정동
압구정로39길,주거지 도로,37.5310473,127.0317873,37.5307112,127.0302566,37.53087925,127.03102195,140.2685548850399,,,,804171133,,,,,압구정동
논현로190길,주거지 도로,37.5327462,127.029525,37.5321383,127.0271647,37.53244225,127.02834485,218.84065469220073,,,,417343913,,,,,압구정동
"['압구정로39길', '논현로190길']",주거지 도로,37.5327462,127.029525,37.5310473,127.0317873,37.53189675,127.03065615,402.5122255418196,,,,"[417343913, 117824454]",,,,,압구정동
압구정로33길,주거지 도로,37.5327462,127.029525,37.5307112,127.0302566,37.5317287,127.0298908,235.387484390471,,,,497984156,,,,,압구정동
천호대로132길,주거지 도로,37.5487413,127.0875986,37.5487908,127.0878682,37.54876605,127.0877334,24.39676475082809,,,,193113390,,,,,구의2동
자양로37길,주거지 도로,37.5487413,127.0875986,37.5486007,127.0874018,37.548671,127.0875002,23.354609083476912,,,,417139581,,,,,구의2동
천호대로130길,주거지 도로,37.5487413,127.0875986,37.5493215,127.0876429,37.5490314,127.08762075,68.09314740639525,,,,193113385,,,,,구의2동
신흥말길,3차로,37.4542709,127.0812012,37.4599792,127.0800235,37.45712505,127.08061235,723.3161738461903,,yes,,"[704118368, 1202721312, 432183429, 432183433, 432183436]",,,,,내곡동
신흥말길,3차로,37.4542709,127.0812012,37.4535125,127.0810102,37.4538917,127.0811057,88.20145400007988,,,,704118368,,,,,내곡동
신흥말길,주거지 도로,37.4542709,127.0812012,37.4534189,127.0827903,37.4538449,127.08199575,172.4880334454767,,,,798218667,,,,,내곡동
신흥말길,3차로,37.4601679,127.0799113,37.4599792,127.0800235,37.46007355,127.0799674,23.202153265151388,,,,1202721312,,,,,내곡동
신림로56길,주거지 도로,37.4814226,126.9324892,37.481248,126.9299943,37.4813353,126.93124175,257.53587132129877,,,,194087764,,,,,서원동
신림로48길,주거지 도로,37.4790838,126.9324232,37.4788045,126.9321406,37.47894415,126.9322819,39.82945469703215,,,,194083153,,,,,서원동
신림로48가길,주거지 도로,37.4790838,126.9324232,37.4799145,126.9329785,37.479499149999995,126.93270085,104.56197779161982,,,,194083148,,,,,서원동
신림로48길,주거지 도로,37.4790838,126.9324232,37.4793015,126.9335883,37.47919265,126.93300575,106.7774587801587,,,,194083153,,,,,서원동
신림로,주거지 도로,37.4778382,126.9362377,37.4775433,126.9362256,37.47769075,126.93623165,32.953186300374696,,,,194083175,,,,,서원동
신림로44가길,주거지 도로,37.4778382,126.9362377,37.4782012,126.9340841,37.4780197,126.9351609,194.99629396371577,,,,194087760,,,,,서원동
신림로44가길,주거지 도로,37.4778382,126.9362377,37.4777444,126.9370426,37.4777913,126.93664015,71.78869977486227,,,,194087760,,,,,서원동
신림로50길,주거지 도로,37.4791121,126.9317919,37.4804326,126.9322876,37.479772350000005,126.93203975,158.21016104147964,,,,194087758,,,,,서원동
신림로48길,주거지 도로,37.4791849,126.9354059,37.4799265,126.9349025,37.4795557,126.9351542,95.46015706206032,,,,194083153,,,,,서원동
신림로46길,주거지 도로,37.4791849,126.9354059,37.4793568,126.9358316,37.47927085,126.93561875,42.147900074545205,,,,194083169,,,,,서원동
신림로46길,주거지 도로,37.4791849,126.9354059,37.4785911,126.934072,37.478888,126.93473895,135.8518213000191,,,,194083169,,,,,서원동
신림로48길,주거지 도로,37.4793015,126.9335883,37.4799265,126.9349025,37.479614,126.9342454,142.73251919597453,,,,194083153,,,,,서원동
신림로48길,주거지 도로,37.4793015,126.9335883,37.4790838,126.9324232,37.47919265,126.93300575,106.77745878015872,,,,194083153,,,,,서원동
신림로48길,주거지 도로,37.4793015,126.9335883,37.4785911,126.934072,37.4789463,126.93383015,89.78707558041845,,,,194083182,,,,,서원동
신림로44가길,주거지 도로,37.4777444,126.9370426,37.4778382,126.9362377,37.4777913,126.93664015,71.78869977486227,,,,194087760,,,,,서원동
신림로48가길,주거지 도로,37.4799145,126.9329785,37.4790838,126.9324232,37.479499149999995,126.93270085,104.56197779161982,,,,194083148,,,,,서원동
신림로50길,주거지 도로,37.4804326,126.9322876,37.4791121,126.9317919,37.479772350000005,126.93203975,158.21016104147964,,,,194087758,,,,,서원동
신림로,주거지 도로,37.4775433,126.9362256,37.4778382,126.9362377,37.47769075,126.93623165,32.953186300374696,,,,194083175,,,,,서원동
신림로44길,주거지 도로,37.4782012,126.9340841,37.4783754,126.9372041,37.4782883,126.9356441,292.5389981510314,,,,194083177,,,,,서원동
신림로44길,주거지 도로,37.4782012,126.9340841,37.4779499,126.9338304,37.47807555,126.93395725,37.26491295672888,,,,194083177,,,,,서원동
신림로44가길,주거지 도로,37.4782012,126.9340841,37.4778382,126.9362377,37.4780197,126.9351609,194.99629396371577,,,,194087760,,,,,서원동
신림로46길,주거지 도로,37.4785911,126.934072,37.4780414,126.9334522,37.478316250000006,126.9337621,82.0209381855512,,,,194083169,,,,,서원동
신림로46길,주거지 도로,37.4785911,126.934072,37.4791849,126.9354059,37.478888,126.93473895,135.8518213000191,,,,194083169,,,,,서원동
신림로48길,주거지 도로,37.4785911,126.934072,37.4793015,126.9335883,37.4789463,126.93383015,89.78707558041845,,,,194083182,,,,,서원동
신림로44길,주거지 도로,37.4783754,126.9372041,37.4782012,126.9340841,37.4782883,126.9356441,292.5389981510314,,,,194083177,,,,,서원동
신림로58길,주거지 도로,37.4824532,126.9316895,37.4824589,126.932109,37.48245605,126.93189925,37.02114693933511,,,,172629689,,,,,서원동
신림로58길,주거지 도로,37.4824532,126.9316895,37.4822782,126.9298387,37.4823657,126.9307641,184.54877985770003,,,,172629689,,,,,서원동
남부순환로182길,주거지 도로,37.4824532,126.9316895,37.4843629,126.9315536,37.48340805,126.93162155,212.6875575623125,,,,172629705,,,,,서원동
신림로56길,주거지 도로,37.481248,126.9299943,37.4814226,126.9324892,37.4813353,126.93124175,257.5358713212988,,,,194087764,,,,,서원동
선릉로68길,주거지 도로,37.4992221,127.053057,37.499362,127.0535017,37.499292049999994,127.05327935,42.20218864710213,,,,31735618,,,,,대치4동
선릉로68길,주거지 도로,37.4992221,127.053057,37.4990974,127.0526605,37.49915975,127.05285875,37.626550576041275,,,,31735618,,,,,대치4동
선릉로64길,주거지 도로,37.4992221,127.053057,37.4980411,127.0536508,37.4986316,127.0533539,141.3839236680288,,,,194311269,,,,,대치4동
선릉로64길,주거지 도로,37.4980411,127.0536508,37.4981775,127.0540753,37.4981093,127.05386305,40.40384064222389,,,,31755407,,,,,대치4동
선릉로64길,주거지 도로,37.4980411,127.0536508,37.4979076,127.0532378,37.49797435,127.0534443,39.34261008155616,,,,31755407,,,,,대치4동
선릉로64길,주거지 도로,37.4980411,127.0536508,37.4992221,127.053057,37.4986316,127.0533539,141.3839236680288,,,,194311269,,,,,대치4동
삼성로63길,주거지 도로,37.5000817,127.0556924,37.4989042,127.0562955,37.49949295,127.05599395,141.33255700402293,,,,194315579,,,,,대치4동
삼성로67길,주거지 도로,37.5000817,127.0556924,37.5002957,127.0563369,37.5001887,127.05601465,61.636380708076985,,,,417915623,,,True,,대치4동
삼성로63길,주거지 도로,37.4991494,127.0590931,37.4997323,127.0588057,37.49944085,127.0589494,69.59796443510979,,,,194315622,,,,,대치4동
삼성로61길,주거지 도로,37.4991494,127.0590931,37.4992508,127.0594113,37.4992001,127.0592522,30.25074872320639,,,,906148135,,,True,,대치4동
삼성로71길,주거지 도로,37.5021429,127.0579809,37.5018223,127.0570229,37.501982600000005,127.0575019,91.72098782685246,,,,194315590,,,,,대치4동
삼성로71길,주거지 도로,37.5021429,127.0579809,37.5016094,127.058258,37.50187615,127.05811945,64.16145766142004,,,,194315601,,,,,대치4동
삼성로71길,주거지 도로,37.5021429,127.0579809,37.5025248,127.0588989,37.50233385,127.0584399,91.5596370130456,,,,194315590,,,,,대치4동
삼성로63길,주거지 도로,37.4994525,127.0600218,37.5000247,127.0597093,37.4997386,127.05986555,69.34144001429506,,,,473163854,,,,,대치4동
삼성로61길,주거지 도로,37.4994525,127.0600218,37.4995971,127.0604666,37.4995248,127.0602442,42.4056642116904,,,,906148135,,,True,,대치4동
삼성로63길,주거지 도로,37.4989042,127.0562955,37.4991101,127.0569369,37.49900715,127.0566162,61.03961645107941,,,,31733664,,,,,대치4동
삼성로63길,주거지 도로,37.4989042,127.0562955,37.4986972,127.055657,37.4988007,127.05597625,60.84884577592359,,,,31733664,,,,,대치4동
삼성로63길,주거지 도로,37.4989042,127.0562955,37.5000817,127.0556924,37.49949295,127.05599395,141.33255700402293,,,,194315579,,,,,대치4동
선릉로62길,주거지 도로,37.4976348,127.0543279,37.4970659,127.0525414,37.497350350000005,127.05343465,169.82667674510307,,,,194315577,,,,,대치4동
도곡로63길,주거지 도로,37.4976348,127.0543279,37.4981775,127.0540753,37.49790615,127.0542016,64.32865040104859,,,,417916135,,,,,대치4동
선릉로62길,주거지 도로,37.4976348,127.0543279,37.4978165,127.0549063,37.49772565,127.0546171,54.8806608441485,,,,900203743,,,True,,대치4동
도곡로63길,주거지 도로,37.4976348,127.0543279,37.4968938,127.0546996,37.4972643,127.05451375,88.68093067795222,,,,900203744,,,,,대치4동
삼성로63길,주거지 도로,37.4997414,127.0588373,37.4997323,127.0588057,37.49973685,127.0588215,2.9656327161028364,,,,31733664,,,,,대치4동
삼성로63길,주거지 도로,37.4997414,127.0588373,37.4998285,127.0591151,37.49978495,127.0589762,26.351125844109102,,,,31733664,,,,,대치4동
삼성로63길,주거지 도로,37.4997414,127.0588373,37.5009252,127.0582478,37.500333299999994,127.05854255,141.5349466909343,,,,194315614,,,,,대치4동
선릉로68길,주거지 도로,37.4994604,127.0537949,37.499362,127.0535017,37.4994112,127.0536483,28.0844935388893,,,,31735618,,,,,대치4동
선릉로68길,주거지 도로,37.4994604,127.0537949,37.4992999,127.0538794,37.49938014999999,127.05383715,19.341062654882833,,,,474638403,,,,,대치4동
선릉로68길,주거지 도로,37.4994604,127.0537949,37.4996341,127.0543212,37.49954725,127.05405805,50.28760050456208,,,,31735618,,,,,대치4동
삼성로63길,주거지 도로,37.50041,127.0566724,37.4992211,127.0572778,37.49981555,127.0569751,142.5805616791317,,,,194315608,,,,,대치4동
삼성로67길,주거지 도로,37.50041,127.0566724,37.5005069,127.0569724,37.50045845,127.0568224,28.57509056268178,,,,417915623,,,True,,대치4동
삼성로63길,주거지 도로,37.5010269,127.058561,37.4998431,127.0591616,37.500435,127.0588613,141.89558513347413,,,,194315610,,,,,대치4동
삼성로67길,주거지 도로,37.5010269,127.058561,37.5011242,127.0588657,37.50107555,127.05871335,28.975079582136605,,,,919260601,,,,,대치4동
삼성로67길,주거지 도로,37.5010269,127.058561,37.5009252,127.0582478,37.50097605,127.0584044,29.853907522695128,,,,919260601,,,,,대치4동
삼성로63길,주거지 도로,37.4992508,127.0594113,37.4998285,127.0591151,37.49953965,127.0592632,69.34855594107124,,,,194315585,,,,,대치4동
삼성로61길,주거지 도로,37.4992508,127.0594113,37.4993505,127.0597188,37.499300649999995,127.05956505,29.304875000774015,,,,906148135,,,True,,대치4동
역삼로70길,주거지 도로,37.5007475,127.0537515,37.5001699,127.0540577,37.5004587,127.0539046,69.67536561533176,,,,194315594,,,,,대치4동
역삼로70길,주거지 도로,37.5007475,127.0537515,37.5015236,127.0538323,37.50113555,127.0537919,86.59236546532713,,,,194315594,,,,,대치4동
선릉로72길,주거지 도로,37.5007475,127.0537515,37.5004967,127.052971,37.5006221,127.05336125,74.2862958208398,,,,417920131,,,True,,대치4동
도곡로73길,주거지 도로,37.4985537,127.057231,37.4991101,127.0569369,37.4988319,127.05708395,67.08882559426743,,,,31779784,,,,,대치4동
삼성로61길,주거지 도로,37.4985537,127.057231,37.498962,127.0584991,37.49875785,127.05786505,120.73154009892784,,,,417920130,,,,,대치4동
도곡로73길,주거지 도로,37.4985537,127.057231,37.4979637,127.0580187,37.4982587,127.05762485,95.62182719952102,,,,31779784,,,,,대치4동
삼성로61길,주거지 도로,37.4985537,127.057231,37.4981452,127.055934,37.498349450000006,127.0565825,123.10643818670547,,,,417920130,,,,,대치4동
역삼로70길,주거지 도로,37.4996341,127.0543212,37.5001699,127.0540577,37.499902000000006,127.05418945,63.95245571117011,,,,194315594,,,,,대치4동
선릉로68길,주거지 도로,37.4996341,127.0543212,37.4998879,127.0550569,37.499761,127.05468905,70.79957581628565,,,,31735618,,,,,대치4동
선릉로68길,주거지 도로,37.4996341,127.0543212,37.4994604,127.0537949,37.49954725,127.05405805,50.28760050456208,,,,31735618,,,,,대치4동
삼성로71길,주거지 도로,37.5018223,127.0570229,37.5021429,127.0579809,37.501982600000005,127.0575019,91.72098782685246,,,,194315590,,,,,대치4동
역삼로78길,주거지 도로,37.5018223,127.0570229,37.5024598,127.0567001,37.50214105,127.0568615,76.39246791221889,,,,417920159,,,,,대치4동
역삼로78길,주거지 도로,37.5018223,127.0570229,37.5012636,127.0573275,37.50154295,127.0571752,67.68672468267677,,,,906148141,,,,,대치4동
삼성로71길,주거지 도로,37.5018223,127.0570229,37.5012225,127.0551973,37.5015224,127.0561101,174.31209810921533,,,,906148140,,,True,,대치4동
도곡로77길,주거지 도로,37.498962,127.0584991,37.4995317,127.0582218,37.49924685,127.05836045,67.90712932764093,,,,31733648,,,,,대치4동
삼성로61길,주거지 도로,37.498962,127.0584991,37.4985537,127.057231,37.49875785,127.05786505,120.73154009892784,,,,417920130,,,,,대치4동
삼성로61길,주거지 도로,37.498962,127.0584991,37.4991494,127.0590931,37.4990557,127.0587961,56.39276132205719,,,,906148135,,,True,,대치4동
도곡로77길,주거지 도로,37.498962,127.0584991,37.4982374,127.0588777,37.4985997,127.0586884,87.22025137765065,,,,906148136,,,,,대치4동
삼성로67길,주거지 도로,37.5009252,127.0582478,37.5010269,127.058561,37.50097605,127.0584044,29.853907522695128,,,,919260601,,,,,대치4동
삼성로67길,주거지 도로,37.5009252,127.0582478,37.5007171,127.0576092,37.50082115,127.0579285,60.90196829114995,,,,919260601,,,,,대치4동
삼성로63길,주거지 도로,37.5009252,127.0582478,37.4997414,127.0588373,37.500333299999994,127.05854255,141.53494669093433,,,,194315614,,,,,대치4동
삼성로71길,주거지 도로,37.5025248,127.0588989,37.5021429,127.0579809,37.50233385,127.0584399,91.5596370130456,,,,194315590,,,,,대치4동
삼성로63길,주거지 도로,37.4992211,127.0572778,37.4991101,127.0569369,37.4991656,127.05710735,32.50779933361078,,,,31733664,,,,,대치4동
삼성로63길,주거지 도로,37.4992211,127.0572778,37.499325,127.0575718,37.49927305,127.0574248,28.392856465744995,,,,31733664,,,,,대치4동
삼성로63길,주거지 도로,37.4992211,127.0572778,37.50041,127.0566724,37.49981555,127.0569751,142.5805616791317,,,,194315608,,,,,대치4동
삼성로63길,주거지 도로,37.4975246,127.0586195,37.4979637,127.0580187,37.49774415,127.0583191,72.06390308506968,,,,443013508,,,,,대치1동
삼성로57길,주거지 도로,37.4975246,127.0586195,37.4968883,127.0565875,37.49720645,127.0576035,192.736937215486,,,,75761780,,,True,,대치1동
삼성로63길,주거지 도로,37.4993505,127.0597188,37.4999225,127.0594134,37.499636499999994,127.0595661,69.07435280681234,,,,194315617,,,,,대치4동
삼성로61길,주거지 도로,37.4993505,127.0597188,37.4994525,127.0600218,37.4994015,127.0598703,29.03669334422597,,,,906148135,,,True,,대치4동
역삼로70길,주거지 도로,37.5001699,127.0540577,37.4996341,127.0543212,37.499902000000006,127.05418945,63.95245571117011,,,,194315594,,,,,대치4동
역삼로70길,주거지 도로,37.5001699,127.0540577,37.5007475,127.0537515,37.5004587,127.0539046,69.67536561533176,,,,194315594,,,,,대치4동
역삼로70길,주거지 도로,37.5001699,127.0540577,37.500993,127.0544737,37.50058145,127.0542657,123.19040196445894,,,,194315581,,,,,대치4동
삼성로69길,주거지 도로,37.5005456,127.0551195,37.5012636,127.0573275,37.5009046,127.0562235,210.5230897043341,,,,194315624,,,,,대치4동
삼성로71길,주거지 도로,37.5016094,127.058258,37.5021429,127.0579809,37.50187615,127.05811945,64.16145766142004,,,,194315601,,,,,대치4동
삼성로67길,주거지 도로,37.5016094,127.058258,37.5011242,127.0588657,37.5013668,127.05856185,76.05703249671649,,,,702168313,,,,,대치4동
삼성로69길,주거지 도로,37.5016094,127.058258,37.5012636,127.0573275,37.5014365,127.05779275,91.44213472065368,,,,194315624,,,,,대치4동
선릉로72길,주거지 도로,37.500993,127.0544737,37.5007475,127.0537515,37.500870250000006,127.0541126,69.3116972356903,,,,417920131,,,True,,대치4동
역삼로70길,주거지 도로,37.500993,127.0544737,37.5001699,127.0540577,37.50058145,127.0542657,123.19040196445894,,,,194315581,,,,,대치4동
삼성로63길,주거지 도로,37.5005069,127.0569724,37.499325,127.0575718,37.49991595,127.0572721,141.66020782761862,,,,194315605,,,,,대치4동
삼성로67길,주거지 도로,37.5005069,127.0569724,37.5007171,127.0576092,37.500612,127.0572908,60.84478716989992,,,,417915623,,,True,,대치4동
삼성로63길,주거지 도로,37.499325,127.0575718,37.4992211,127.0572778,37.49927305,127.0574248,28.392856465744995,,,,31733664,,,,,대치4동
삼성로63길,주거지 도로,37.499325,127.0575718,37.4995317,127.0582218,37.49942835,127.0578968,61.776298413915846,,,,31733664,,,,,대치4동
삼성로63길,주거지 도로,37.499325,127.0575718,37.5005069,127.0569724,37.49991595,127.0572721,141.66020782761862,,,,194315605,,,,,대치4동
선릉로62길,주거지 도로,37.4970659,127.0525414,37.4976348,127.0543279,37.497350350000005,127.05343465,169.82667674510307,,,,194315577,,,,,대치4동
테헤란로68길,주거지 도로,37.5021852,127.0534785,37.5026531,127.0532723,37.50241915,127.0533754,55.11622845115883,,,,194454521,,,,,대치4동
선릉로76길,주거지 도로,37.5021852,127.0534785,37.5023267,127.0539195,37.50225595,127.053699,41.96388828623056,,,,417920133,,,True,,대치4동
역삼로67길,주거지 도로,37.5031411,127.0526123,37.502528,127.0528784,37.50283455,127.05274535,72.10177819890087,,,,194454534,,,,,대치4동
선릉로82길,주거지 도로,37.5031411,127.0526123,37.5030147,127.0522532,37.5030779,127.05243275,34.655495001448294,,,,417920134,,,True,,대치4동
선릉로76길,주거지 도로,37.5019465,127.0527575,37.5020636,127.0531264,37.50200505,127.05294195,35.05069335378407,,,,417920133,,,True,,대치4동
역삼로65길,주거지 도로,37.5019465,127.0527575,37.5024126,127.0525151,37.50217955,127.0526363,56.38306188505925,,,,194454531,,,,,대치4동
선릉로82길,주거지 도로,37.5033743,127.0533568,37.5027707,127.0536424,37.5030725,127.0534996,71.69005049637823,,,,194454520,,,,,대치4동
선릉로82길,주거지 도로,37.5033743,127.0533568,37.5032547,127.0529823,37.5033145,127.05316955,35.612344905499455,,,,417920134,,,True,,대치4동
테헤란로68길,주거지 도로,37.5026531,127.0532723,37.5021852,127.0534785,37.50241915,127.0533754,55.11622845115883,,,,194454521,,,,,대치4동
테헤란로68길,주거지 도로,37.5026531,127.0532723,37.502528,127.0528784,37.50259055,127.05307535,37.42844674159569,,,,194454533,,,,,대치4동
테헤란로68길,주거지 도로,37.5026531,127.0532723,37.5027707,127.0536424,37.5027119,127.05345735,35.16934455025655,,,,194454533,,,,,대치4동
테헤란로68길,주거지 도로,37.5026531,127.0532723,37.5032547,127.0529823,37.5029539,127.0531273,71.70534849555403,,,,194454521,,,,,대치4동
테헤란로68길,주거지 도로,37.502528,127.0528784,37.5024126,127.0525151,37.5024703,127.05269675,34.521635911607596,,,,194454533,,,,,대치4동
테헤란로68길,주거지 도로,37.502528,127.0528784,37.5026531,127.0532723,37.50259055,127.05307535,37.42844674159569,,,,194454533,,,,,대치4동
역삼로67길,주거지 도로,37.502528,127.0528784,37.5031411,127.0526123,37.50283455,127.05274535,72.10177819890087,,,,194454534,,,,,대치4동
역삼로67길,주거지 도로,37.502528,127.0528784,37.5020636,127.0531264,37.5022958,127.0530024,56.37468695018264,,,,194454534,,,,,대치4동
선릉로76길,주거지 도로,37.5015406,127.0515167,37.5018081,127.0523554,37.50167435,127.05193605,79.74123347205291,,,,417920133,,,True,,대치4동
선릉로76길,주거지 도로,37.5015406,127.0515167,37.5026164,127.0510069,37.5020785,127.0512618,127.7995307183613,,,,194454535,,,,,대치4동
선릉로82길,주거지 도로,37.5030147,127.0522532,37.5028798,127.0518392,37.502947250000005,127.0520462,39.48095222510664,,,,417920134,,,True,,대치4동
역삼로65길,주거지 도로,37.5030147,127.0522532,37.5024126,127.0525151,37.50271365,127.05238415,70.9575866399303,,,,194454531,,,,,대치4동
선릉로76길,주거지 도로,37.5020636,127.0531264,37.5021852,127.0534785,37.5021244,127.05330245,33.87579606927855,,,,417920133,,,True,,대치4동
역삼로67길,주거지 도로,37.5020636,127.0531264,37.502528,127.0528784,37.5022958,127.0530024,56.37468695018264,,,,194454534,,,,,대치4동
선릉로82길,주거지 도로,37.5027707,127.0536424,37.5033743,127.0533568,37.5030725,127.0534996,71.69005049637823,,,,194454520,,,,,대치4동
선릉로82길,주거지 도로,37.5027707,127.0536424,37.5026531,127.0532723,37.5027119,127.05345735,35.16934455025655,,,,194454533,,,,,대치4동
선릉로82길,주거지 도로,37.5027707,127.0536424,37.5023267,127.0539195,37.5025487,127.05378095,56.188865283722336,,,,194454520,,,,,대치4동
선릉로82길,주거지 도로,37.5032547,127.0529823,37.5031411,127.0526123,37.5031979,127.0527973,34.997977910363524,,,,417920134,,,True,,대치4동
테헤란로68길,주거지 도로,37.5032547,127.0529823,37.5026531,127.0532723,37.5029539,127.0531273,71.70534849555403,,,,194454521,,,,,대치4동
테헤란로68길,주거지 도로,37.5024126,127.0525151,37.5022898,127.0521285,37.5023512,127.0523218,36.73566269947224,,,,194454533,,,,,대치4동
테헤란로68길,주거지 도로,37.5024126,127.0525151,37.502528,127.0528784,37.5024703,127.05269675,34.521635911607596,,,,194454533,,,,,대치4동
역삼로65길,주거지 도로,37.5024126,127.0525151,37.5019465,127.0527575,37.50217955,127.0526363,56.38306188505925,,,,194454531,,,,,대치4동
역삼로65길,주거지 도로,37.5024126,127.0525151,37.5030147,127.0522532,37.50271365,127.05238415,70.9575866399303,,,,194454531,,,,,대치4동
역삼로65길,주거지 도로,37.5022898,127.0521285,37.5024126,127.0525151,37.5023512,127.0523218,36.73566269947224,,,,194454533,,,,,대치4동
역삼로63길,주거지 도로,37.5022898,127.0521285,37.5018081,127.0523554,37.50204895,127.05224195,57.1803769346033,,,,417920153,,,,,대치4동
역삼로63길,주거지 도로,37.5022898,127.0521285,37.5028798,127.0518392,37.5025848,127.05198385,70.40605449156841,,,,417920153,,,,,대치4동
선릉로76길,주거지 도로,37.5026164,127.0510069,37.5015406,127.0515167,37.5020785,127.0512618,127.7995307183613,,,,194454535,,,,,대치4동
선릉로82길,주거지 도로,37.5026164,127.0510069,37.5023044,127.0500371,37.5024604,127.050522,92.3173863860062,,,,417920134,,,True,,대치4동
도곡로3길,주거지 도로,37.4901173,127.0334284,37.490634,127.0331801,37.49037565,127.03330425,61.48935426290676,,,,194455124,,,,,역삼1동
선릉로121길,주거지 도로,37.5137612,127.039427,37.5138619,127.03983,37.51381155,127.0396285,37.276340577624595,,,,194455693,,,,,논현2동
선릉로121길,주거지 도로,37.5137612,127.039427,37.513049,127.038858,37.5134051,127.0391425,93.75624537508396,,,,194455693,,,,,논현2동
학동로46길,주거지 도로,37.5137612,127.039427,37.514358,127.0391222,37.5140596,127.0392746,71.59981559818371,,,,194455702,,,,,논현2동
봉은사로47길,주거지 도로,37.5138619,127.03983,37.5130968,127.0401149,37.51347935,127.03997245,88.70883436039813,,,,194455697,,,,,논현2동
선릉로121길,주거지 도로,37.5138619,127.03983,37.5140844,127.0407595,37.51397315,127.04029475,85.63439608027984,,,,194455693,,,,,논현2동
선릉로121길,주거지 도로,37.5138619,127.03983,37.5137612,127.039427,37.51381155,127.0396285,37.276340577624595,,,,194455693,,,,,논현2동
학동로50길,주거지 도로,37.5140844,127.0407595,37.514716,127.0405223,37.5144002,127.0406409,73.28067295778219,,,,417666588,,,,,논현2동
학동로50길,주거지 도로,37.5140844,127.0407595,37.5137726,127.0408742,37.513928500000006,127.04081685,36.11645057398607,,,,417666588,,,,,논현2동
선릉로121길,주거지 도로,37.5140844,127.0407595,37.5138619,127.03983,37.51397315,127.04029475,85.63439608027984,,,,194455693,,,,,논현2동
봉은사로49길,주거지 도로,37.5119736,127.0415388,37.5105939,127.0420664,37.51128375,127.0418026,160.3401054306538,,,,194455704,,,,,논현2동
선릉로115길,주거지 도로,37.5119736,127.0415388,37.5117136,127.0406269,37.5118436,127.04108285,85.47706648809019,,,,417646272,,,True,,논현2동
봉은사로49길,주거지 도로,37.5119736,127.0415388,37.5133163,127.0410457,37.512644949999995,127.04129225,155.50761763529923,,,,805827640,,,True,,논현2동
언주로114길,주거지 도로,37.510077,127.0389621,37.5111378,127.0386033,37.5106074,127.0387827,122.1275497562756,,,,194455706,,,,,논현2동
언주로114길,주거지 도로,37.510077,127.0389621,37.5099699,127.0385976,37.510023450000006,127.03877985,34.2855150773395,,,,417666595,,,,,논현2동
언주로114길,주거지 도로,37.510077,127.0389621,37.5103027,127.0396675,37.51018985,127.0393148,67.15606412845244,,,,417666595,,,,,논현2동
선릉로111길,주거지 도로,37.5105939,127.0420664,37.5107676,127.0427116,37.510680750000006,127.042389,60.097752758927584,,,,26163005,,,True,,논현2동
봉은사로49길,주거지 도로,37.5105939,127.0420664,37.5098561,127.0423938,37.510225000000005,127.0422301,86.97398021747557,,,,417666590,,,,,논현2동
봉은사로49길,주거지 도로,37.5105939,127.0420664,37.5119736,127.0415388,37.51128375,127.0418026,160.34010543065384,,,,194455704,,,,,논현2동
학동로42길,주거지 도로,37.5108717,127.037714,37.5111685,127.0374659,37.5110201,127.03758995,39.59875850406536,,,,194455700,,,,,논현2동
학동로42길,주거지 도로,37.5108717,127.037714,37.5099699,127.0385976,37.510420800000006,127.0381558,127.00196523486063,,,,194455700,,,,,논현2동
언주로116길,주거지 도로,37.5108717,127.037714,37.5105081,127.0368235,37.5106899,127.03726875,88.3428140710414,,,,417666597,,,True,,논현2동
선릉로111길,주거지 도로,37.510125,127.0404932,37.5103223,127.0411507,37.51022365,127.04082195,62.005637691783015,,,,26163005,,,True,,논현2동
선릉로111길,주거지 도로,37.510125,127.0404932,37.511532,127.0399787,37.5108285,127.04023595,162.904720485433,,,,194455701,,,,,논현2동
선릉로125길,주거지 도로,37.5151002,127.0420641,37.5149599,127.0414775,37.51503005,127.0417708,54.03857230860811,,,,194455694,,,,,논현2동
언주로124길,주거지 도로,37.513049,127.038858,37.5129538,127.0394357,37.5130014,127.03914685,52.04206872583093,,,,194455696,,,,,논현2동
선릉로121길,주거지 도로,37.513049,127.038858,37.5137612,127.039427,37.5134051,127.0391425,93.75624537508396,,,,194455693,,,,,논현2동
선릉로121길,주거지 도로,37.513049,127.038858,37.511886,127.0385224,37.5124675,127.0386902,132.8429269711954,,,,194455693,,,,,논현2동
언주로124길,주거지 도로,37.513049,127.038858,37.5131599,127.0382278,37.51310445,127.0385429,56.936046102806664,,,,194455696,,,,,논현2동
학동로50길,주거지 도로,37.5160508,127.0400152,37.5153703,127.0402695,37.51571055,127.04014235,78.92235737049631,,,,417666588,,,,,논현2동
선릉로129길,주거지 도로,37.5160508,127.0400152,37.5155781,127.0385423,37.51581445,127.03927875,140.1379927480602,,,,168106295,,,,,논현2동
선릉로129길,주거지 도로,37.5160508,127.0400152,37.5165004,127.0415543,37.5162756,127.04078475,144.69944632673793,,,,168106295,,,,,논현2동
학동로50길,주거지 도로,37.5160508,127.0400152,37.5166773,127.0398275,37.51636405,127.03992135,71.6037148410914,,,,417666576,,,,,논현2동
언주로126길,주거지 도로,37.5139357,127.0377315,37.5135344,127.036382,37.513735049999994,127.03705675,127.11642214257154,,,,417666567,,,,,논현2동
언주로126길,주거지 도로,37.5139357,127.0377315,37.5141307,127.038401,37.5140332,127.03806625,62.90530438646366,,,,417666567,,,,,논현2동
학동로44길,주거지 도로,37.5139357,127.0377315,37.5145749,127.0374496,37.5142553,127.03759055,75.299288668079,,,,417666599,,,,,논현2동
학동로44길,주거지 도로,37.5139357,127.0377315,37.5132565,127.0375561,37.5135961,127.0376438,77.09191902832595,,,,417666599,,,,,논현2동
선릉로111길,주거지 도로,37.5103223,127.0411507,37.5105939,127.0420664,37.5104581,127.04160855,86.23056244994243,,,,26163005,,,True,,논현2동
봉은사로47길,주거지 도로,37.5103223,127.0411507,37.5117136,127.0406269,37.51101795,127.0408888,161.47301203749623,,,,194455697,,,,,논현2동
언주로122길,주거지 도로,37.5117996,127.0357151,37.5118518,127.0358925,37.5118257,127.0358038,16.689104691435674,,,,702555688,,,,,논현2동
언주로121길,주거지 도로,37.5117996,127.0357151,37.5115673,127.0349259,37.51168345000001,127.0353205,74.24817515589437,,,,379526745,,,,,논현2동
선릉로125길,주거지 도로,37.514716,127.0405223,37.514358,127.0391222,37.514537,127.03982225,129.74624609677517,,,,194455694,,,,,논현2동
학동로50길,주거지 도로,37.514716,127.0405223,37.5153703,127.0402695,37.51504315,127.0403959,76.09485760343198,,,,417666588,,,,,논현2동
학동로50길,주거지 도로,37.514716,127.0405223,37.5140844,127.0407595,37.5144002,127.0406409,73.28067295778219,,,,417666588,,,,,논현2동
선릉로125길,주거지 도로,37.514716,127.0405223,37.5149599,127.0414775,37.51483795,127.0409999,88.50574399776109,,,,194455694,,,,,논현2동
학동로42길,주거지 도로,37.5099699,127.0385976,37.5108717,127.037714,37.510420800000006,127.0381558,127.00196523486063,,,,194455700,,,,,논현2동
언주로114길,주거지 도로,37.5099699,127.0385976,37.510077,127.0389621,37.510023450000006,127.03877985,34.2855150773395,,,,417666595,,,,,논현2동
언주로114길,주거지 도로,37.5099699,127.0385976,37.5096894,127.0376169,37.50982965,127.03810725,91.95434264151494,,,,417666595,,,,,논현2동
언주로130길,주거지 도로,37.5151498,127.0371855,37.5149405,127.0364659,37.515045150000006,127.0368257,67.6006299887877,,,,417666565,,,,,논현2동
학동로44길,주거지 도로,37.5151498,127.0371855,37.5145749,127.0374496,37.51486235,127.03731755,68.0376810535805,,,,417666599,,,,,논현2동
언주로130길,주거지 도로,37.5151498,127.0371855,37.5155781,127.0385423,37.51536395,127.0378639,128.79674075402005,,,,417666565,,,,,논현2동
학동로44길,주거지 도로,37.5151498,127.0371855,37.5158441,127.0371204,37.51549695,127.03715295,77.43834062513773,,,,417666599,,,,,논현2동
선릉로111길,주거지 도로,37.511532,127.0399787,37.510125,127.0404932,37.5108285,127.04023595,162.90472048543296,,,,194455701,,,,,논현2동
선릉로115길,주거지 도로,37.511532,127.0399787,37.5113301,127.0392843,37.51143105,127.0396315,65.23338279440006,,,,417646272,,,True,,논현2동
언주로124길,주거지 도로,37.5132565,127.0375561,37.5131599,127.0382278,37.513208199999994,127.03789195,60.21074014942713,,,,194455696,,,,,논현2동
학동로44길,주거지 도로,37.5132565,127.0375561,37.5139357,127.0377315,37.5135961,127.0376438,77.09191902832595,,,,417666599,,,,,논현2동
언주로124길,주거지 도로,37.5132565,127.0375561,37.5128781,127.0363418,37.5130673,127.03694895,115.71169344111426,,,,194455696,,,,,논현2동
학동로44길,주거지 도로,37.5132565,127.0375561,37.5122781,127.0373058,37.5127673,127.03743095,111.0127011421877,,,,417666599,,,,,논현2동
선릉로121길,주거지 도로,37.511886,127.0385224,37.513049,127.038858,37.5124675,127.0386902,132.8429269711954,,,,194455693,,,,,논현2동
언주로122길,주거지 도로,37.511886,127.0385224,37.5116505,127.0391364,37.51176825,127.0388294,60.155724961675105,,,,194455698,,,,,논현2동
언주로122길,주거지 도로,37.511886,127.0385224,37.5120721,127.0379441,37.511979049999994,127.03823325,55.045458988293326,,,,194455698,,,,,논현2동
언주로122길,주거지 도로,37.5120721,127.0379441,37.5121406,127.0377032,37.51210635,127.03782365,22.572001726295348,,,,194455698,,,,,논현2동
언주로122길,주거지 도로,37.5120721,127.0379441,37.5119633,127.0379112,37.5120177,127.03792765,12.441184494985093,,,,417666604,,,,,논현2동
언주로122길,주거지 도로,37.5120721,127.0379441,37.511886,127.0385224,37.511979049999994,127.03823325,55.045458988293326,,,,194455698,,,,,논현2동
언주로122길,주거지 도로,37.5120721,127.0379441,37.5131599,127.0382278,37.512615999999994,127.03808595,123.53043318729344,,,,417666604,,,,,논현2동
학동로42길,주거지 도로,37.5135344,127.036382,37.5128781,127.0363418,37.51320625,127.0363619,73.06341872180214,,,,194455700,,,,,논현2동
언주로126길,주거지 도로,37.5135344,127.036382,37.5139357,127.0377315,37.513735049999994,127.03705675,127.11642214257154,,,,417666567,,,,,논현2동
학동로42길,주거지 도로,37.5135344,127.036382,37.5142665,127.0364364,37.513900449999994,127.0364092,81.54719987613291,,,,417666603,,,,,논현2동
언주로126길,주거지 도로,37.5135344,127.036382,37.5132653,127.0354875,37.51339985,127.03593475,84.38247135942339,,,,417666567,,,,,논현2동
언주로126길,주거지 도로,37.5141307,127.038401,37.5131599,127.0382278,37.5136453,127.0383144,109.02375537671408,,,,194455692,,,,,논현2동
언주로126길,주거지 도로,37.5141307,127.038401,37.5139357,127.0377315,37.5140332,127.03806625,62.90530438646366,,,,417666567,,,,,논현2동
언주로126길,주거지 도로,37.5141307,127.038401,37.514358,127.0391222,37.51424435,127.0387616,68.44730777787886,,,,417666567,,,,,논현2동
언주로122길,주거지 도로,37.5120996,127.0367049,37.5122781,127.0373058,37.51218885,127.03700535,56.595539370374176,,,,194455699,,,,,논현2동
언주로122길,주거지 도로,37.5120996,127.0367049,37.5118518,127.0358925,37.5119757,127.0362987,76.77116194849424,,,,194455699,,,,,논현2동
학동로42길,주거지 도로,37.5120996,127.0367049,37.5128781,127.0363418,37.51248885,127.03652335,92.29974666909712,,,,194455700,,,,,논현2동
학동로42길,주거지 도로,37.5120996,127.0367049,37.5118862,127.0368779,37.5119929,127.0367914,28.2118179107618,,,,194455700,,,,,논현2동
봉은사로47길,주거지 도로,37.5130968,127.0401149,37.5138619,127.03983,37.51347935,127.03997245,88.70883436039813,,,,194455697,,,,,논현2동
봉은사로47길,주거지 도로,37.5130968,127.0401149,37.5117136,127.0406269,37.5124052,127.0403709,160.29794863368275,,,,194455697,,,,,논현2동
선릉로119길,주거지 도로,37.5130968,127.0401149,37.5133163,127.0410457,37.51320655,127.0405803,85.65394936661247,,,,417666602,,,True,,논현2동
언주로114길,주거지 도로,37.5111378,127.0386033,37.510077,127.0389621,37.5106074,127.0387827,122.1275497562756,,,,194455706,,,,,논현2동
언주로116길,주거지 도로,37.5111378,127.0386033,37.5110007,127.0381359,37.51106925,127.0383696,43.95486689162581,,,,417666597,,,True,,논현2동
언주로116길,주거지 도로,37.5110007,127.0381359,37.5108717,127.037714,37.5109362,127.03792495,39.88213317799544,,,,417666597,,,True,,논현2동
언주로116길,주거지 도로,37.5110007,127.0381359,37.5113226,127.0379881,37.51116165,127.038062,38.093827372190944,,,,417666604,,,,,논현2동
학동로42길,주거지 도로,37.5128781,127.0363418,37.5135344,127.036382,37.51320625,127.0363619,73.06341872180214,,,,194455700,,,,,논현2동
학동로42길,주거지 도로,37.5128781,127.0363418,37.5120996,127.0367049,37.51248885,127.03652335,92.29974666909712,,,,194455700,,,,,논현2동
언주로124길,주거지 도로,37.5128781,127.0363418,37.5132565,127.0375561,37.5130673,127.03694895,115.71169344111426,,,,194455696,,,,,논현2동
낙성대로,주거지 도로,37.4725398,126.9587492,37.474559,126.959074,37.4735494,126.9589116,227.85664287929495,,,,183313167,,,,,낙성대동
"['낙성대로', '낙성대로15길']",주거지 도로,37.4725398,126.9587492,37.4687315,126.9622884,37.47063565,126.9605188,868.3484027549039,,,,"[389629975, 173556799, 183313167]",,,,,낙성대동
낙성대로3길,주거지 도로,37.4725398,126.9587492,37.4740762,126.9601601,37.473308,126.95945465,230.3728547067612,,,,195046287,,,,,낙성대동
봉천로21길,주거지 도로,37.4867021,126.9341252,37.4888909,126.9342099,37.4877965,126.93416755,245.0225671113998,,,,277978268,,,,,보라매동
국회단지길,3차로,37.4916374,126.9413273,37.4862077,126.9393276,37.48892255,126.94032745,718.3738079276388,,,,"[467314618, 467311710]",,,,,은천동
봉천로45길,주거지 도로,37.4831617,126.9493919,37.4827036,126.9493122,37.482932649999995,126.94935205,51.433096955788585,,,,172513352,,,,,중앙동
봉천로45길,주거지 도로,37.4831617,126.9493919,37.4840467,126.949512,37.4836042,126.94945195,99.02736483189491,,,,172513352,,,,,중앙동
봉천로49나길,주거지 도로,37.4831617,126.9493919,37.4830234,126.9507965,37.483092549999995,126.9500942,124.8920653291591,,,,173593461,,,,,중앙동
양녕로2길,주거지 도로,37.4831617,126.9493919,37.4833028,126.9479658,37.48323225,126.94867885,126.86959314646666,,,,195563378,,,,,중앙동
중앙길,주거지 도로,37.4839449,126.9538332,37.4839689,126.9531963,37.483956899999995,126.95351475,58.61352382292141,,,,467309901,,,,,중앙동
중앙길,주거지 도로,37.4839449,126.9538332,37.4835084,126.9540059,37.483726649999994,126.95391955,54.10958644319597,,,,467309901,,,,,중앙동
중앙2길,주거지 도로,37.4839449,126.9538332,37.4846809,126.9539626,37.4843129,126.9538979,84.52973579382048,,,,467309904,,,,,중앙동
양녕로2길,주거지 도로,37.4833877,126.9471563,37.4834335,126.9465798,37.4834106,126.94686805,51.12268847457294,,,,195563378,,,,,중앙동
양녕로2가길,주거지 도로,37.4833877,126.9471563,37.4846769,126.9473564,37.4840323,126.94725635,144.43590755629702,,,,195563377,,,,,중앙동
양녕로2길,주거지 도로,37.4833877,126.9471563,37.4833028,126.9479658,37.48334525,126.94756105,72.14805560164999,,,,195563378,,,,,중앙동
"['양녕로6길', '양녕로6라길']",주거지 도로,37.4843322,126.9509731,37.4835752,126.9508863,37.4839537,126.9509297,84.52254005283325,,,,"[195563386, 195563391]",,,,,중앙동
양녕로6길,주거지 도로,37.4839689,126.9531963,37.4838486,126.9530445,37.48390875,126.9531204,18.929954803727348,,,,195563381,,,,,중앙동
중앙길,주거지 도로,37.4839689,126.9531963,37.4843332,126.9526945,37.48415105,126.9529454,60.01126882830123,,,,467309901,,,,,중앙동
중앙길,주거지 도로,37.4839689,126.9531963,37.4839449,126.9538332,37.483956899999995,126.95351475,58.61352382292141,,,,467309901,,,,,중앙동
봉천로47길,주거지 도로,37.4835752,126.9508863,37.4830234,126.9507965,37.4832993,126.9508414,61.88605137999829,,,,195563375,,,,,중앙동
양녕로6길,주거지 도로,37.4835752,126.9508863,37.4835766,126.9520383,37.4835759,126.9514623,102.3079710602396,,,,195563381,,,,,중앙동
양녕로6길,주거지 도로,37.4835752,126.9508863,37.4840467,126.949512,37.48381095,126.95019915,137.41079892939663,,,,195563381,,,,,중앙동
"['양녕로6길', '양녕로6라길']",주거지 도로,37.4835752,126.9508863,37.4843322,126.9509731,37.4839537,126.9509297,84.52254005283325,,,,"[195563386, 195563391]",,,,,중앙동
봉천로45길,주거지 도로,37.4840467,126.949512,37.4831617,126.9493919,37.4836042,126.94945195,99.02736483189491,,,,172513352,,,,,중앙동
양녕로6길,주거지 도로,37.4840467,126.949512,37.4835752,126.9508863,37.48381095,126.95019915,137.41079892939663,,,,195563381,,,,,중앙동
양녕로6길,주거지 도로,37.4840467,126.949512,37.484547,126.948819,37.48429685,126.9491655,82.67553069557943,,,,195563381,,,,,중앙동
양녕로10길,주거지 도로,37.4859736,126.9475576,37.486026,126.9469688,37.4859998,126.9472632,52.27762068505261,,,,195563372,,,,,중앙동
양녕로10길,주거지 도로,37.4859736,126.9475576,37.4863335,126.9485295,37.48615355,126.94804355,97.55954863232787,,,,195563372,,,,,중앙동
양녕로2가길,주거지 도로,37.4859736,126.9475576,37.4846769,126.9473564,37.48532525,126.947457,145.27544315284666,,,,195563377,,,,,중앙동
봉천로49나길,주거지 도로,37.4827761,126.9519294,37.4830234,126.9507965,37.48289975,126.95136295,105.88345173623716,,,,173593461,,,,,중앙동
봉천로49길,주거지 도로,37.4827761,126.9519294,37.4835766,126.9520383,37.48317635,126.95198385,89.82808230888384,,,,195563383,,,,,중앙동
봉천로49길,주거지 도로,37.4827761,126.9519294,37.4824106,126.9518492,37.48259335,126.9518893,41.27546901326815,,,,195563383,,,,,중앙동
봉천로49길,주거지 도로,37.484111,126.9524295,37.4835766,126.9520383,37.4838438,126.9522339,68.72074438666336,,,,195563383,,,,,중앙동
중앙1길,주거지 도로,37.484111,126.9524295,37.4838486,126.9530445,37.4839798,126.952737,61.61194257489489,,,,548922379,,,,,중앙동
봉천로49길,주거지 도로,37.484111,126.9524295,37.4843332,126.9526945,37.4842221,126.952562,34.36227671025833,,,,195563383,,,,,중앙동
중앙1길,주거지 도로,37.484111,126.9524295,37.4851172,126.9511062,37.4846141,126.95176785,184.38382150695747,,,,548922379,,,,,중앙동
양녕로6길,주거지 도로,37.4838486,126.9530445,37.4839689,126.9531963,37.48390875,126.9531204,18.929954803727348,,,,195563381,,,,,중앙동
중앙1길,주거지 도로,37.4838486,126.9530445,37.484111,126.9524295,37.4839798,126.952737,61.61194257489489,,,,548922379,,,,,중앙동
양녕로6길,주거지 도로,37.4838486,126.9530445,37.4835766,126.9520383,37.4837126,126.9525414,94.6871505450618,,,,195563381,,,,,중앙동
중앙1길,주거지 도로,37.4838486,126.9530445,37.4835084,126.9540059,37.4836785,126.9535252,95.6975488089996,,,,548922379,,,,,중앙동
중앙길,주거지 도로,37.4843332,126.9526945,37.4839689,126.9531963,37.48415105,126.9529454,60.01126882830123,,,,467309901,,,,,중앙동
은천로28가길,주거지 도로,37.4843332,126.9526945,37.4847009,126.9530302,37.48451705,126.95286235,50.48840769334429,,,,467310073,,,,,중앙동
봉천로49길,주거지 도로,37.4843332,126.9526945,37.484111,126.9524295,37.4842221,126.952562,34.36227671025833,,,,195563383,,,,,중앙동
중앙길,주거지 도로,37.4843332,126.9526945,37.4851172,126.9511062,37.4847252,126.95190035,165.85364977215374,,,,467309901,,,,,중앙동
중앙길,주거지 도로,37.4833903,126.9542994,37.4835084,126.9540059,37.48344935,126.95415265,29.03669565330552,,,,920997866,,2,,,중앙동
중앙길,주거지 도로,37.4851172,126.9511062,37.4854474,126.9514363,37.485282299999994,126.95127125,46.87743851362646,,,,278043492,,,,,중앙동
중앙길,주거지 도로,37.4851172,126.9511062,37.4853904,126.9505841,37.485253799999995,126.95084515,55.3411824851371,,,,467309901,,,,,중앙동
중앙길,주거지 도로,37.4851172,126.9511062,37.4843332,126.9526945,37.4847252,126.95190035,165.85364977215374,,,,467309901,,,,,중앙동
중앙1길,주거지 도로,37.4851172,126.9511062,37.484111,126.9524295,37.4846141,126.95176785,184.38382150695747,,,,548922379,,,,,중앙동
봉천로49나길,주거지 도로,37.4830234,126.9507965,37.4831617,126.9493919,37.483092549999995,126.9500942,124.8920653291591,,,,173593461,,,,,중앙동
봉천로49나길,주거지 도로,37.4830234,126.9507965,37.4827761,126.9519294,37.48289975,126.95136295,105.88345173623716,,,,173593461,,,,,중앙동
봉천로47길,주거지 도로,37.4830234,126.9507965,37.4835752,126.9508863,37.4832993,126.9508414,61.88605137999829,,,,195563375,,,,,중앙동
봉천로47길,주거지 도로,37.4830234,126.9507965,37.4825511,126.9507324,37.48278725,126.95076445,52.83016521968193,,,,195563375,,,,,중앙동
봉천로41길,주거지 도로,37.4833028,126.9479658,37.4828218,126.9479193,37.4830623,126.94794255,53.6419833751098,,,,172513344,,,,,중앙동
봉천로41길,주거지 도로,37.4833028,126.9479658,37.484547,126.948819,37.4839249,126.9483924,170.7465555461182,,,,172513344,,,,,중앙동
양녕로2길,주거지 도로,37.4833028,126.9479658,37.4833877,126.9471563,37.48334525,126.94756105,72.14805560164999,,,,195563378,,,,,중앙동
양녕로2길,주거지 도로,37.4833028,126.9479658,37.4831617,126.9493919,37.48323225,126.94867885,126.86959314646666,,,,195563378,,,,,중앙동
봉천로49길,주거지 도로,37.4835766,126.9520383,37.484111,126.9524295,37.4838438,126.9522339,68.72074438666336,,,,195563383,,,,,중앙동
양녕로6길,주거지 도로,37.4835766,126.9520383,37.4838486,126.9530445,37.4837126,126.9525414,94.6871505450618,,,,195563381,,,,,중앙동
양녕로6길,주거지 도로,37.4835766,126.9520383,37.4835752,126.9508863,37.4835759,126.9514623,102.3079710602396,,,,195563381,,,,,중앙동
봉천로49길,주거지 도로,37.4835766,126.9520383,37.4827761,126.9519294,37.48317635,126.95198385,89.82808230888384,,,,195563383,,,,,중앙동
양녕로6나길,주거지 도로,37.4859182,126.9499857,37.484547,126.948819,37.4852326,126.94940235,184.2741409116862,,,,195563373,,,,,중앙동
중앙길,주거지 도로,37.4859182,126.9499857,37.4863335,126.9485295,37.48612585,126.9492576,137.3957458996739,,,,467309901,,,,,중앙동
중앙길,주거지 도로,37.4859182,126.9499857,37.4853904,126.9505841,37.4856543,126.9502849,79.22001336169308,,,,467309901,,,,,중앙동
양녕로10길,주거지 도로,37.4863335,126.9485295,37.4859736,126.9475576,37.48615355,126.94804355,97.55954863232787,,,,195563372,,,,,중앙동
중앙길,주거지 도로,37.4863335,126.9485295,37.4865985,126.9470174,37.486466,126.94777345,137.61069726341185,,,,467309901,,,,,중앙동
중앙길,주거지 도로,37.4863335,126.9485295,37.4859182,126.9499857,37.48612585,126.9492576,137.3957458996739,,,,467309901,,,,,중앙동
봉천로41길,주거지 도로,37.484547,126.948819,37.4833028,126.9479658,37.4839249,126.9483924,170.74655554611823,,,,172513344,,,,,중앙동
양녕로6나길,주거지 도로,37.484547,126.948819,37.4859182,126.9499857,37.4852326,126.94940235,184.27414091168623,,,,195563373,,,,,중앙동
양녕로6길,주거지 도로,37.484547,126.948819,37.4840467,126.949512,37.48429685,126.9491655,82.67553069557943,,,,195563381,,,,,중앙동
양녕로6길,주거지 도로,37.484547,126.948819,37.4846769,126.9473564,37.48461195,126.9480877,130.09409634192937,,,,195563381,,,,,중앙동
중앙길,주거지 도로,37.4865985,126.9470174,37.4863335,126.9485295,37.486466,126.94777345,137.61069726341185,,,,467309901,,,,,중앙동
은천로25길,주거지 도로,37.4867173,126.948855,37.4876011,126.9493078,37.4871592,126.9490814,106.09827535537502,,,,206197211,,,,,성현동
양녕로6길,주거지 도로,37.4846769,126.9473564,37.4847544,126.9467832,37.48471565,126.9470698,51.30524647155755,,,,195563381,,,,,중앙동
양녕로2가길,주거지 도로,37.4846769,126.9473564,37.4859736,126.9475576,37.48532525,126.947457,145.27544315284666,,,,195563377,,,,,중앙동
양녕로2가길,주거지 도로,37.4846769,126.9473564,37.4833877,126.9471563,37.4840323,126.94725635,144.43590755629702,,,,195563377,,,,,중앙동
양녕로6길,주거지 도로,37.4846769,126.9473564,37.484547,126.948819,37.48461195,126.9480877,130.09409634192937,,,,195563381,,,,,중앙동
중앙길,주거지 도로,37.4835084,126.9540059,37.4833903,126.9542994,37.48344935,126.95415265,29.03669565330552,,,,920997866,,2,,,중앙동
중앙길,주거지 도로,37.4835084,126.9540059,37.4839449,126.9538332,37.483726649999994,126.95391955,54.10958644319597,,,,467309901,,,,,중앙동
중앙1길,주거지 도로,37.4835084,126.9540059,37.4838486,126.9530445,37.4836785,126.9535252,95.69754880899958,,,,548922379,,,,,중앙동
봉천로49길,주거지 도로,37.4822528,126.9518194,37.4824106,126.9518492,37.4823317,126.9518343,17.74316830012674,,,,195563383,,,,,중앙동
남부순환로220길,주거지 도로,37.4787627,126.9514051,37.4793078,126.9514979,37.479035249999995,126.9514515,61.16310091871426,,,,195699566,,,,,청룡동
관악로15길,주거지 도로,37.4793678,126.9508683,37.4803204,126.9510186,37.479844099999994,126.95094345,106.75149951591952,,,,195699569,,,,,청룡동
관악로13길,주거지 도로,37.4793678,126.9508683,37.4794374,126.9501967,37.4794026,126.9505325,59.7660663473385,,,,206049095,,,,,청룡동
관악로13길,주거지 도로,37.4793678,126.9508683,37.4793078,126.9514979,37.4793378,126.9511831,55.95594522433882,,,,206049095,,,,,청룡동
서림3길,주거지 도로,37.4732956,126.9399472,37.4729506,126.9401086,37.473123099999995,126.9400279,40.92113461847839,,,,215946256,,,,,서림동
서림5길,주거지 도로,37.4732956,126.9399472,37.4737286,126.9404292,37.4735121,126.9401882,78.61497702623464,,,,215946216,,,,,서림동
서림5길,주거지 도로,37.4732956,126.9399472,37.4730399,126.9392626,37.47316775,126.9396049,68.66902143430758,,,,215946216,,,,,서림동
서림3길,주거지 도로,37.4732956,126.9399472,37.4734244,126.9386959,37.47336,126.93932155,114.25662050564216,,,,215946256,,,,,서림동
서림길,주거지 도로,37.4723409,126.9403938,37.4718695,126.9394901,37.4721052,126.93994195,95.43519519612498,,,,215946237,,,,,서림동
서림3길,주거지 도로,37.4723409,126.9403938,37.4720914,126.9407136,37.472216149999994,126.9405537,39.575007586599064,,,,215946256,,,,,서림동
서림3길,주거지 도로,37.4723409,126.9403938,37.4729506,126.9401086,37.47264575,126.9402512,72.31675226112901,,,,215946256,,,,,서림동
관악로15길,주거지 도로,37.4803204,126.9510186,37.4803783,126.9503708,37.48034935,126.9506947,57.52342932548288,,,,172513341,,,,,청룡동
관악로15길,주거지 도로,37.4803204,126.9510186,37.4802614,126.9516695,37.4802909,126.95134405,57.80906120507109,,,,172513341,,,,,청룡동
관악로15길,주거지 도로,37.4803204,126.9510186,37.4793678,126.9508683,37.479844099999994,126.95094345,106.75149951591952,,,,195699569,,,,,청룡동
관악로15길,주거지 도로,37.4570945,127.0118034,37.4580334,127.0120865,37.457563949999994,127.01194495,112.53104358385188,,,,913727349,,,,,양재1동
장군봉5길,주거지 도로,37.4808365,126.9407566,37.4805458,126.9413781,37.48069115,126.94106735,63.65851613701344,,,,195921555,,,,,청룡동
통일로,주거지 도로,37.5756967,126.9542795,37.5752815,126.9538743,37.5754891,126.9540769,58.366605770696765,,,,464011966,,,,,천연동
통일로,주거지 도로,37.5756967,126.9542795,37.5693673,126.9567372,37.572532,126.95550835,1669.0185954927908,,,,"[464018419, 303288181, 196065151]",,,,,천연동
통일로,주거지 도로,37.5756967,126.9542795,37.5766188,126.9555885,37.57615775,126.954934,155.60537051082937,,,,196065151,,,,,천연동
통일로12길,생활도로,37.5739748,126.9607544,37.5738377,126.961061,37.57390625,126.9609077,31.024420982985916,,,,196066634,,,,,교남동
통일로12길,주거지 도로,37.5739748,126.9607544,37.5737664,126.960501,37.5738706,126.9606277,32.182498320032714,,,,196066632,,,,,무악동
통일로12길,주거지 도로,37.5739748,126.9607544,37.5742436,126.9611807,37.5741092,126.96096755,48.042794061185845,,,,464143521,,,,,무악동
통일로12길,주거지 도로,37.5747992,126.9592204,37.5762205,126.9606296,37.57550985,126.959925,203.51815235365757,,,,464147029,,,,,무악동
통일로,주거지 도로,37.5747992,126.9592204,37.5746699,126.9585049,37.57473455,126.95886265,65.2649258677456,,,,464147031,,,,,무악동
통일로,생활도로,37.5747992,126.9592204,37.5747507,126.9595663,37.574774950000005,126.95939335,30.959325411491196,,,,1144268073,,,,,무악동
통일로12길,주거지 도로,37.5737664,126.960501,37.5735531,126.9602577,37.57365975,126.96037935,32.01923200429673,,,,196066632,,,,,무악동
통일로12길,주거지 도로,37.5737664,126.960501,37.5739748,126.9607544,37.5738706,126.9606277,32.182498320032714,,,,196066632,,,,,무악동
통일로12길,생활도로,37.5737664,126.960501,37.5738377,126.961061,37.57380205,126.960781,138.24841858638436,,,,196066634,,,,,무악동
통일로12길,주거지 도로,37.5716249,126.9590351,37.5714986,126.9590996,37.57156175,126.95906735,15.150782171884726,,,,516177112,,,True,,천연동
독립문공원길,주거지 도로,37.5716249,126.9590351,37.5722832,126.9541364,37.57195405,126.95658575,729.6892094785713,,,,"[516398288, 464011957]",,,,,천연동
통일로12길,주거지 도로,37.5770967,126.9623629,37.5764901,126.9619392,37.5767934,126.96215105,77.2638102265672,,,,517328036,,,,,무악동
통일로18길,주거지 도로,37.5770967,126.9623629,37.5773457,126.9619591,37.5772212,126.962161,48.616511270051085,,,,1144268075,,,,,무악동
통일로12길,생활도로,37.5770967,126.9623629,37.5770263,126.9627247,37.5770615,126.9625438,60.19356469392046,,,,1144268076,,,,,교남동
사직로8길,3차로,37.5755775,126.9689014,37.5747429,126.9703843,37.5751602,126.96964285,160.31595850280712,,,,37399752,,4,,,사직동
사직로8길,,37.5755775,126.9689014,37.5756441,126.9688025,37.5756108,126.96885195,11.43714537804522,,,,1153283301,,,,,사직동
새문안로3길,주거지 도로,37.575784,126.9726384,37.5740414,126.9726915,37.5749127,126.97266495,193.94681595128608,,,,516417604,,,,,사직동
새문안로3길,,37.575784,126.9726384,37.5759481,126.9726159,37.57586605,126.97262715,18.35453432137643,,,,1153283299,,,,,사직동
새문안로3길,,37.5756625,126.9753109,37.5743068,126.9763399,37.574984650000005,126.9758254,199.29540281584835,,,,"[536153616, 1084539516]",40.0,5,True,,사직동
율곡로,주거지 도로,37.575731,126.9834764,37.5758348,126.9830747,37.5757829,126.98327555,37.234841221083855,,,,239352450,,,True,,삼청동
인사동길,주거지 도로,37.5755284,126.9832425,37.5738981,126.9850326,37.57471325,126.98413755,242.11448457510983,,,,26658460,,,True,,종로1·2·3·4가동
율곡로,,37.5758556,126.9792128,37.5757089,126.9792122,37.57578225,126.9792125,16.312404481234374,,,,1149812451,,2,True,,종로1·2·3·4가동
율곡로2길,주거지 도로,37.5757453,126.9810922,37.5755098,126.9810363,37.57562755,126.98106425,30.247540219886687,,,,446743591,,1,True,,종로1·2·3·4가동
율곡로,,37.5761501,126.9792501,37.5758556,126.9792128,37.576002849999995,126.97923145,32.987124743399946,,,,609878159,,2,True,,종로1·2·3·4가동
사직로,,37.5761501,126.9792501,37.5758228,126.9788782,37.57598645,126.97906415,49.32766927104146,,,,618124288,,2,True,,종로1·2·3·4가동
종로1길,,37.5757574,126.9795255,37.5759024,126.97954,37.5758299,126.97953275,16.173845528195198,,,,446743584,,2,True,,종로1·2·3·4가동
삼봉로,주거지 도로,37.5724226,126.9792237,37.5724752,126.980159,37.5724489,126.97969135,82.63647586323204,,,,37401095,,,,,종로1·2·3·4가동
삼봉로,주거지 도로,37.5724226,126.9792237,37.5726132,126.978668,37.5725179,126.97894585,54.55995876159117,,,,37401095,,,,,종로1·2·3·4가동
종로3길,주거지 도로,37.5724226,126.9792237,37.5712015,126.979317,37.571812050000005,126.97927035,136.0405951159017,,,,184083250,,,,,종로1·2·3·4가동
종로1길,,37.5754276,126.979225,37.5755553,126.9793889,37.57549145,126.97930695,20.254925402649786,,,,446743583,,2,True,,종로1·2·3·4가동
종로1길,주거지 도로,37.5754276,126.979225,37.5744202,126.9784757,37.5749239,126.97885035,131.22255945291909,,,,196079107,,,,,종로1·2·3·4가동
삼봉로,주거지 도로,37.5726132,126.978668,37.5724226,126.9792237,37.5725179,126.97894585,54.55995876159117,,,,37401095,,,,,종로1·2·3·4가동
삼봉로,주거지 도로,37.5726132,126.978668,37.5727874,126.9785411,37.5727003,126.97860455,26.88686124676127,,,,221974028,,,True,,종로1·2·3·4가동
종로1길,,37.5757089,126.9792122,37.5754276,126.979225,37.57556825,126.9792186,31.29951081340184,,,,1149812452,,2,True,,종로1·2·3·4가동
장군봉7길,주거지 도로,37.4789903,126.9406288,37.4793604,126.9405333,37.47917535,126.94058105,45.66650269256028,,,,206464287,,,,,청룡동
퇴계로20나길,주거지 도로,37.5572372,126.986199,37.5584621,126.9854195,37.55784965,126.98580925,169.99492611352622,,,,772873182,,,,,명동
소파로,3차로,37.5572372,126.986199,37.5567981,126.9858115,37.557017650000006,126.98600525,60.56676029395589,,,,775222468,,2,,,명동
소파로,3차로,37.5572372,126.986199,37.5572872,126.9863602,37.5572622,126.9862796,15.268982691506055,,,,775222468,,2,,,명동
명동8길,주거지 도로,37.5632121,126.9836178,37.5632362,126.9837571,37.56322415,126.98368745,12.567254406466285,,,,198691080,,,,,명동
명동4길,주거지 도로,37.5632121,126.9836178,37.5625879,126.9838611,37.5629,126.98373945,72.64543222916456,,,,198691085,,,,,명동
명동4길,주거지 도로,37.5632121,126.9836178,37.5636615,126.9834739,37.563436800000005,126.98354585,51.555624633433695,,,,198691085,,,,,명동
명동길,주거지 도로,37.5645394,126.9869728,37.5646687,126.9875821,37.56460405,126.98727745,56.08981357486924,,,,198691077,,1,True,,명동
명동길,주거지 도로,37.5645394,126.9869728,37.5648258,126.9864358,37.5646826,126.9867043,57.79501752908817,,,,322977445,,,,,명동
명동길,주거지 도로,37.563698,126.9838975,37.5637696,126.984472,37.5637338,126.98418475,51.25943824153687,,,,198691077,,1,True,,명동
명동길,주거지 도로,37.563698,126.9838975,37.5640807,126.9840305,37.56388935,126.983964,56.51910636130848,,,,198691093,,,,,명동
명동길,주거지 도로,37.5636615,126.9834739,37.563698,126.9838975,37.563679750000006,126.9836857,37.55676948368541,,,,198691077,,1,True,,명동
명동4길,주거지 도로,37.5636615,126.9834739,37.5632121,126.9836178,37.563436800000005,126.98354585,51.555624633433695,,,,198691085,,,,,명동
명동10길,주거지 도로,37.5622961,126.9859357,37.5620978,126.9856349,37.56219695,126.9857853,34.48434837032691,,,,198691071,,,,,명동
명동10길,주거지 도로,37.5622961,126.9859357,37.5623665,126.9861583,37.5623313,126.986047,21.124665200416388,,,,322977650,,,,,명동
명동10길,주거지 도로,37.5622961,126.9859357,37.5629617,126.985623,37.5626289,126.98577935,79.41049106032122,,,,198691071,,,,,명동
명동길,주거지 도로,37.5640885,126.98608,37.5642586,126.9864877,37.56417355,126.98628385,40.63091531693232,,,,198691077,,1,True,,명동
명동11길,주거지 도로,37.5640885,126.98608,37.5652664,126.9859378,37.56467745,126.9860089,137.24359515927154,,,,198691086,,,,,명동
명동3길,주거지 도로,37.5659707,126.9835167,37.5654042,126.9835397,37.56568745,126.9835282,63.02462616428503,,,,198691079,,,True,,명동
명동길,주거지 도로,37.5638495,126.9851142,37.5640885,126.98608,37.563969,126.9855971,89.55158410837734,,,,198691077,,1,True,,명동
명동11길,주거지 도로,37.5660381,126.9858922,37.5652664,126.9859378,37.56565225,126.985915,85.90331965014336,,,,198691086,,,,,명동
명동6길,주거지 도로,37.5619344,126.9844196,37.5626436,126.9842698,37.562289,126.9843447,79.95731009259316,,,,198691062,,,,,명동
명동8길,주거지 도로,37.5619344,126.9844196,37.5619899,126.984844,37.56196215,126.9846318,37.91383386368845,,,,198691072,,,,,명동
명동8길,주거지 도로,37.5619344,126.9844196,37.5618793,126.9839986,37.56190685,126.9842091,37.61092961528886,,,,198691072,,,,,명동
명동10길,주거지 도로,37.5633933,126.9852498,37.5638495,126.9851142,37.5636214,126.985182,52.11621072341472,,,,198691061,,,True,,명동
명동10길,주거지 도로,37.5633933,126.9852498,37.5629617,126.985623,37.5631775,126.9854364,78.96461925180495,,,,198691053,,,,,명동
명동7가길,주거지 도로,37.5644215,126.983483,37.5643989,126.9832414,37.5644102,126.9833622,21.442594447606716,,,,198691076,,,,,명동
명동7가길,주거지 도로,37.5644215,126.983483,37.564493,126.9843263,37.56445725,126.98390465,74.75311416774598,,,,198691076,,,,,명동
명동3길,주거지 도로,37.5644215,126.983483,37.5636615,126.9834739,37.5640415,126.98347845,84.5120699253558,,,,198691079,,,True,,명동
퇴계로,주거지 도로,37.5610311,126.9867015,37.5617876,126.9866639,37.561409350000005,126.9866827,84.25188530090628,,,,198691063,,,,,명동
명동길,주거지 도로,37.5637696,126.984472,37.5638495,126.9851142,37.56380955,126.9847931,57.297503301261386,,,,198691077,,1,True,,명동
명동8길,주거지 도로,37.5637696,126.984472,37.563357,126.9845622,37.5635633,126.9845171,46.56285865894145,,,,198691092,,,True,,명동
명동8길,주거지 도로,37.5652926,126.9864685,37.5652526,126.9867159,37.5652726,126.9865922,22.254785547988742,,,,198691075,,,,,명동
명동8길,주거지 도로,37.5652926,126.9864685,37.5650154,126.9865014,37.565154,126.98648495,30.95938120915267,,,,198691089,,,,,명동
명동8길,주거지 도로,37.5652926,126.9864685,37.5652664,126.9859378,37.5652795,126.98620315,46.866433744646265,,,,198691075,,,,,명동
명동8길,주거지 도로,37.5654042,126.9835397,37.5654302,126.982557,37.5654172,126.98304835,86.66306787834507,,,,198691066,,,,,명동
명동3길,주거지 도로,37.5654042,126.9835397,37.5649181,126.9834904,37.56516115,126.98351505,54.22631083113104,,,,198691079,,,True,,명동
명동9길,주거지 도로,37.5654042,126.9835397,37.5654291,126.9841893,37.56541665,126.9838645,57.322421960171745,,,,198691084,,,,,명동
명동2길,주거지 도로,37.5631462,126.9846078,37.5632512,126.9852921,37.5631987,126.98494995,61.435392501326035,,,,198691083,,,,,명동
명동8길,주거지 도로,37.5631462,126.9846078,37.5627027,126.9847037,37.56292445,126.98465575,50.03421086955173,,,,198691092,,,True,,명동
명동7가길,주거지 도로,37.5644952,126.9823104,37.5643989,126.9832414,37.56444705,126.9827759,83.14823078850428,,,,198691076,,,,,명동
명동10길,주거지 도로,37.5620978,126.9856349,37.562811,126.9854229,37.5624544,126.9855289,81.47611283268682,,,,198691061,,,True,,명동
명동10길,주거지 도로,37.5620978,126.9856349,37.5622961,126.9859357,37.56219695,126.9857853,34.48434837032691,,,,198691071,,,,,명동
명동8길,주거지 도로,37.5620978,126.9856349,37.5619899,126.984844,37.562043849999995,126.98523945,70.73772543050912,,,,198691091,,,,,명동
명동8길,주거지 도로,37.5652526,126.9867159,37.5652926,126.9864685,37.5652726,126.9865922,22.254785547988742,,,,198691075,,,,,명동
명동13길,주거지 도로,37.5652526,126.9867159,37.5654631,126.9875186,37.56535785,126.98711725,78.08496363944181,,,,"[198691074, 634096163, 198691070]",,,,,명동
명동13길,주거지 도로,37.5652526,126.9867159,37.5650154,126.9865014,37.565134,126.98660865,32.76541704119803,,,,198691070,,,,,명동
명동8나길,주거지 도로,37.5615096,126.9849384,37.5613958,126.9840924,37.5614527,126.9845154,75.63613568753955,,,,198691065,,,True,,명동
명동8길,주거지 도로,37.5615096,126.9849384,37.5608334,126.9850404,37.5611715,126.9849894,75.72573662155663,,,,198691092,,,True,,명동
명동2길,주거지 도로,37.5652013,126.984238,37.5649601,126.9842646,37.5650807,126.9842513,26.922533935072423,,,,198691056,,,True,,명동
명동9길,주거지 도로,37.5652013,126.984238,37.5649801,126.9844668,37.5650907,126.9843524,31.806695017677907,,,,198691078,,,True,,명동
명동8나길,주거지 도로,37.5613958,126.9840924,37.5612835,126.9831326,37.56133965,126.9836125,85.51766122530522,,,,198691065,,,True,,명동
명동4길,주거지 도로,37.5613958,126.9840924,37.5618793,126.9839986,37.56163755,126.9840455,54.39484910662271,,,,198691085,,,,,명동
명동13길,주거지 도로,37.5654631,126.9875186,37.5652526,126.9867159,37.56535785,126.98711725,78.08496363944184,,,,"[198691074, 634096163, 198691070]",,,,,명동
명동13길,주거지 도로,37.5642586,126.9864877,37.5648258,126.9864358,37.564542200000005,126.98646175,63.41327165455226,,,,198691070,,,,,명동
명동길,주거지 도로,37.5642586,126.9864877,37.5645394,126.9869728,37.564399,126.98673025,52.944164049828885,,,,198691077,,1,True,,명동
명동4길,주거지 도로,37.5626436,126.9842698,37.5626116,126.9840352,37.5626276,126.9841525,20.982246152231777,,,,198691055,,,,,명동
명동6길,주거지 도로,37.5626436,126.9842698,37.5619344,126.9844196,37.562289,126.9843447,79.95731009259316,,,,198691062,,,,,명동
명동6길,주거지 도로,37.5626436,126.9842698,37.5632921,126.9841258,37.56296785,126.9841978,73.21853611503926,,,,198691062,,,,,명동
명동8길,주거지 도로,37.5626436,126.9842698,37.5627027,126.9847037,37.56267315,126.98448675,38.80569247431367,,,,198691090,,,,,명동
명동8가길,주거지 도로,37.5619238,126.9888839,37.5618667,126.98818,37.561895250000006,126.98853195,62.39706056481064,,,,198691082,,,True,,명동
명동8가길,주거지 도로,37.5618471,126.9875168,37.5617876,126.9866639,37.56181735,126.98709035,75.46850484486542,,,,198691082,,,True,,명동
명동9가길,주거지 도로,37.5649237,126.9832006,37.5649907,126.9824364,37.5649572,126.9828185,67.76749391011727,,,,198691073,,,True,,명동
명동7가길,주거지 도로,37.5649237,126.9832006,37.5643989,126.9832414,37.5646613,126.983221,58.465880700949704,,,,198691088,,,,,명동
명동7가길,주거지 도로,37.5643989,126.9832414,37.5644215,126.983483,37.5644102,126.9833622,21.442594447606716,,,,198691076,,,,,명동
명동7가길,주거지 도로,37.5643989,126.9832414,37.5649237,126.9832006,37.5646613,126.983221,58.465880700949704,,,,198691088,,,,,명동
명동7가길,주거지 도로,37.5643989,126.9832414,37.5644952,126.9823104,37.56444705,126.9827759,83.14823078850428,,,,198691076,,,,,명동
명동8길,주거지 도로,37.5627027,126.9847037,37.562811,126.9854229,37.56275685,126.9850633,64.5259911159026,,,,198691068,,,,,명동
명동8길,주거지 도로,37.5627027,126.9847037,37.5626436,126.9842698,37.56267315,126.98448675,38.80569247431367,,,,198691090,,,,,명동
명동8길,주거지 도로,37.5627027,126.9847037,37.5619899,126.984844,37.5623463,126.98477385,80.21879518634967,,,,198691092,,,True,,명동
퇴계로,주거지 도로,37.5610845,126.9876099,37.5618471,126.9875168,37.5614658,126.98756335,85.19354462457709,,,,198691057,,,True,,명동
명동9길,주거지 도로,37.5654291,126.9841893,37.5652013,126.984238,37.5653152,126.98421365,25.691356863724657,,,,198691078,,,True,,명동
명동9길,주거지 도로,37.5654291,126.9841893,37.5654042,126.9835397,37.56541665,126.9838645,57.322421960171745,,,,198691084,,,,,명동
명동8길,주거지 도로,37.5632362,126.9837571,37.5632921,126.9841258,37.563264149999995,126.98394145,33.087127521476944,,,,198691080,,,,,명동
명동8길,주거지 도로,37.5632362,126.9837571,37.5632121,126.9836178,37.56322415,126.98368745,12.567254406466285,,,,198691080,,,,,명동
명동8길,주거지 도로,37.5632362,126.9837571,37.5626116,126.9840352,37.5629239,126.98389615,78.12834984567918,,,,198691081,,,,,명동
명동10길,주거지 도로,37.5629617,126.985623,37.5629055,126.9853949,37.5629336,126.98550895,21.054122966205764,,,,198691059,,,,,명동
명동10길,주거지 도로,37.5629617,126.985623,37.5633933,126.9852498,37.5631775,126.9854364,78.96461925180495,,,,198691053,,,,,명동
명동10길,주거지 도로,37.5629617,126.985623,37.5622961,126.9859357,37.5626289,126.98577935,79.41049106032122,,,,198691071,,,,,명동
명동4길,주거지 도로,37.5625879,126.9838611,37.5626116,126.9840352,37.56259975,126.98394815,15.570331485324976,,,,198691055,,,,,명동
명동4길,주거지 도로,37.5625879,126.9838611,37.5618793,126.9839986,37.5622336,126.98392985,79.71949984493841,,,,198691085,,,,,명동
명동4길,주거지 도로,37.5625879,126.9838611,37.5632121,126.9836178,37.5629,126.98373945,72.64543222916456,,,,198691085,,,,,명동
명동13길,주거지 도로,37.5650154,126.9865014,37.5648258,126.9864358,37.5649206,126.9864686,21.86108480077768,,,,198691070,,,,,명동
명동13길,주거지 도로,37.5650154,126.9865014,37.5652926,126.9864685,37.565154,126.98648495,30.95938120915267,,,,198691089,,,,,명동
명동13길,주거지 도로,37.5650154,126.9865014,37.5652526,126.9867159,37.565134,126.98660865,32.76541704119803,,,,198691070,,,,,명동
명동10길,주거지 도로,37.5629055,126.9853949,37.5629617,126.985623,37.5629336,126.98550895,21.054122966205764,,,,198691059,,,,,명동
명동10길,주거지 도로,37.5629055,126.9853949,37.5632512,126.9852921,37.56307835,126.9853435,39.49363046532698,,,,198691061,,,True,,명동
명동8길,주거지 도로,37.5618793,126.9839986,37.5619344,126.9844196,37.56190685,126.9842091,37.61092961528886,,,,198691072,,,,,명동
명동4길,주거지 도로,37.5618793,126.9839986,37.5613958,126.9840924,37.56163755,126.9840455,54.39484910662271,,,,198691085,,,,,명동
명동4길,주거지 도로,37.5618793,126.9839986,37.5625879,126.9838611,37.5622336,126.98392985,79.71949984493841,,,,198691085,,,,,명동
명동9가길,주거지 도로,37.5649601,126.9842646,37.5649181,126.9834904,37.5649391,126.9838775,68.39777941029425,,,,198691073,,,True,,명동
명동2길,주거지 도로,37.5649601,126.9842646,37.564493,126.9843263,37.56472655,126.98429545,52.257242740635746,,,,198691056,,,True,,명동
명동2길,주거지 도로,37.5636447,126.9822167,37.562325,126.982623,37.56298485,126.98241985,151.0536102764686,,,,198691069,,,True,,명동
명동길,주거지 도로,37.5636447,126.9822167,37.5636615,126.9834739,37.5636531,126.9828453,110.834667118229,,,,198691077,,1,True,,명동
명동11길,주거지 도로,37.5652664,126.9859378,37.5660381,126.9858922,37.56565225,126.985915,85.90331965014336,,,,198691086,,,,,명동
명동11길,주거지 도로,37.5652664,126.9859378,37.5652926,126.9864685,37.5652795,126.98620315,46.866433744646265,,,,198691075,,,,,명동
명동11길,주거지 도로,37.5652664,126.9859378,37.5640885,126.98608,37.56467745,126.9860089,137.24359515927154,,,,198691086,,,,,명동
명동길,주거지 도로,37.5640807,126.9840305,37.563698,126.9838975,37.56388935,126.983964,56.51910636130848,,,,198691093,,,,,명동
명동2길,주거지 도로,37.5621072,126.982687,37.5612835,126.9831326,37.56169535,126.9829098,99.6755852530832,,,,198691069,,,True,,명동
명동8길,주거지 도로,37.5619899,126.984844,37.5619344,126.9844196,37.56196215,126.9846318,37.91383386368845,,,,198691072,,,,,명동
명동8길,주거지 도로,37.5619899,126.984844,37.5620978,126.9856349,37.562043849999995,126.98523945,70.73772543050912,,,,198691091,,,,,명동
명동8길,주거지 도로,37.5619899,126.984844,37.5615096,126.9849384,37.56174975,126.9848912,54.051300598772286,,,,198691092,,,True,,명동
명동6길,주거지 도로,37.5632921,126.9841258,37.5626436,126.9842698,37.56296785,126.9841978,73.21853611503926,,,,198691062,,,,,명동
명동8길,주거지 도로,37.5632921,126.9841258,37.563357,126.9845622,37.56332455,126.984344,39.13632716231557,,,,198691080,,,,,명동
명동8길,주거지 도로,37.5632921,126.9841258,37.5632362,126.9837571,37.563264149999995,126.98394145,33.087127521476944,,,,198691080,,,,,명동
퇴계로,주거지 도로,37.561198,126.9882813,37.5618667,126.98818,37.56153235,126.98823065,74.89126758291481,,,,198691087,,,,,명동
명동4길,주거지 도로,37.5626116,126.9840352,37.5626436,126.9842698,37.5626276,126.9841525,20.982246152231777,,,,198691055,,,,,명동
명동4길,주거지 도로,37.5626116,126.9840352,37.5625879,126.9838611,37.56259975,126.98394815,15.570331485324976,,,,198691055,,,,,명동
명동8길,주거지 도로,37.5626116,126.9840352,37.5632362,126.9837571,37.5629239,126.98389615,78.12834984567918,,,,198691081,,,,,명동
명동10길,주거지 도로,37.562811,126.9854229,37.5629055,126.9853949,37.562858250000005,126.9854089,10.79387351413008,,,,198691061,,,True,,명동
명동8길,주거지 도로,37.562811,126.9854229,37.5627027,126.9847037,37.56275685,126.9850633,64.5259911159026,,,,198691068,,,,,명동
명동8길,주거지 도로,37.563357,126.9845622,37.5632921,126.9841258,37.56332455,126.984344,39.13632716231557,,,,198691080,,,,,명동
명동8길,주거지 도로,37.563357,126.9845622,37.5631462,126.9846078,37.5632516,126.984585,23.78202410847042,,,,198691092,,,True,,명동
명동2길,주거지 도로,37.564493,126.9843263,37.5637696,126.984472,37.5641313,126.98439915,81.45721183531454,,,,198691056,,,True,,명동
명동7가길,주거지 도로,37.564493,126.9843263,37.5644215,126.983483,37.56445725,126.98390465,74.75311416774598,,,,198691076,,,,,명동
명동9길,주거지 도로,37.565986,126.984088,37.5654291,126.9841893,37.56570755,126.98413865,62.61403517946104,,,,198691078,,,True,,명동
명동10길,주거지 도로,37.5632512,126.9852921,37.5633933,126.9852498,37.56332225,126.98527095,16.234747067737114,,,,198691061,,,True,,명동
명동2길,주거지 도로,37.5632512,126.9852921,37.5631462,126.9846078,37.5631987,126.98494995,61.435392501326035,,,,198691083,,,,,명동
명동8나길,주거지 도로,37.5612835,126.9831326,37.5609746,126.9815841,37.561129050000005,126.98235835,143.65344178756234,,,,198691065,,,True,,명동
명동2길,주거지 도로,37.5612835,126.9831326,37.5606897,126.9834149,37.5609866,126.98327375,70.57407468926836,,,,198691069,,,True,,명동
명동9가길,주거지 도로,37.5649801,126.9844668,37.5649601,126.9842646,37.5649701,126.9843657,17.960161879123383,,,,198691073,,,True,,명동
명동9길,주거지 도로,37.5649801,126.9844668,37.5638495,126.9851142,37.5644148,126.9847905,140.62656407558438,,,,198691078,,,True,,명동
명동9가길,주거지 도로,37.5649181,126.9834904,37.5649237,126.9832006,37.5649209,126.9833455,25.55062891270727,,,,198691073,,,True,,명동
명동3길,주거지 도로,37.5649181,126.9834904,37.5644215,126.983483,37.5646698,126.9834867,55.223330498208306,,,,198691079,,,True,,명동
명동8가길,주거지 도로,37.5617876,126.9866639,37.5616494,126.9858753,37.5617185,126.9862696,71.18877807853657,,,,198691082,,,True,,명동
퇴계로,주거지 도로,37.5617876,126.9866639,37.5610311,126.9867015,37.561409350000005,126.9866827,84.25188530090628,,,,198691063,,,,,명동
명동10길,주거지 도로,37.5616494,126.9858753,37.5620978,126.9856349,37.5618736,126.9857551,54.17576883398433,,,,198691061,,,True,,명동
명동8가길,주거지 도로,37.5616494,126.9858753,37.5615096,126.9849384,37.5615795,126.98540685,84.0326356508026,,,,198691082,,,True,,명동
명동8가길,주거지 도로,37.5618667,126.98818,37.5618471,126.9875168,37.5618569,126.9878484,58.49762086436178,,,,198691082,,,True,,명동
퇴계로,주거지 도로,37.5618667,126.98818,37.561198,126.9882813,37.56153235,126.98823065,74.89126758291481,,,,198691087,,,,,명동
독산로75길,주거지 도로,37.4688381,126.9023613,37.4689569,126.9016151,37.4688975,126.9019882,67.1667707176005,,,,200256265,,,,,독산4동
독산로74길,주거지 도로,37.4688381,126.9023613,37.4687226,126.903003,37.46878035,126.90268215,58.07050800474609,,,,278013088,,,,,독산4동
독산로74길,주거지 도로,37.4955555,127.0132749,37.4948423,127.0108033,37.495198900000005,127.0120391,232.02472794116207,,,,307984298,,,,,서초3동
동광로32길,3차로,37.490383,126.9966851,37.4904262,126.9967186,37.490404600000005,126.99670185,5.640097416127975,,,,200395616,,,,,방배4동
방배로26길,3차로,37.490383,126.9966851,37.4901465,126.996067,37.49026475,126.99637605,60.5435893677888,,,,256697183,,,,,방배4동
서초대로33길,주거지 도로,37.490383,126.9966851,37.4892369,126.9966398,37.48980995,126.99666245,170.05534506739096,,,,256708704,,,,,방배4동
방배로25길,주거지 도로,37.4888702,126.9928575,37.4885915,126.9921506,37.48873085,126.99250405,69.64482386684851,,,,243611883,,,,,방배4동
방배로26길,3차로,37.4888702,126.9928575,37.4891762,126.9936017,37.489023200000005,126.9932296,73.95322870532806,,,,256697183,,,,,방배4동
상도로19길,주거지 도로,37.5021912,126.9346706,37.5027457,126.9348607,37.502468449999995,126.93476565,63.89745485250545,,,,45025563,,,,,상도3동
성대로1길,3차로,37.5020322,126.9344112,37.5015827,126.9344499,37.50180745,126.93443055,51.886481122000816,,,,45026031,,,,,상도4동
상도로13길,주거지 도로,37.4998165,126.9306541,37.499972,126.9305892,37.49989425,126.93062165,18.21405907643188,,,,316617949,,,,,상도3동
벚꽃로,3차로,37.4806066,126.8833902,37.4816624,126.8830235,37.4811345,126.88320685,121.77726978807206,,,,520716885,50.0,4,,,가산동
벚꽃로36길,3차로,37.4806066,126.8833902,37.4812135,126.8854678,37.480910050000006,126.884429,195.3537218172846,,,,278462415,60.0,4,,,가산동
벚꽃로,3차로,37.4806066,126.8833902,37.4771329,126.8849089,37.47886975,126.88414955,408.8459608675536,,,,497184573,50.0,4,,,가산동
도림로22길,주거지 도로,37.4904771,126.893013,37.4902169,126.8947563,37.490347,126.89388465,190.40315599551215,,,,252995429,,,,,구로3동
도림로62길,생활도로,37.4973014,126.9037351,37.4970667,126.9043944,37.49718405,126.90406475,65.15494126278224,,,,37398625,,,,,신길5동
대방동길,주거지 도로,37.4997461,126.9282697,37.5020652,126.9278148,37.50090565,126.92804225,309.3523255555698,,,,"[521192619, 247222013]",,,True,,대방동
구로동로2길,3차로,37.4834132,126.8867668,37.4846247,126.8884158,37.48401895,126.8875913,198.287861443403,,,,252995415,,,,,가리봉동
디지털로27길,주거지 도로,37.4849913,126.8863394,37.4849387,126.8867388,37.484965,126.8865391,35.72302350332191,,,,37402673,,2,,,구로3동
상도로15길,주거지 도로,37.5007528,126.9323797,37.5014832,126.9330014,37.501118000000005,126.93269055,98.42910038586275,,,,789965266,,,,,상도3동
만양로3길,주거지 도로,37.5051666,126.9414268,37.5059092,126.9412903,37.5055379,126.94135855,83.44673089825571,,,,278024792,,,,,상도2동
신반포로23길,3차로,37.5059345,127.004454,37.5059644,127.0044362,37.50594945,127.0044451,3.6768438568652737,,,,215040171,,,,,반포4동
사당로18길,주거지 도로,37.4832175,126.974503,37.4827393,126.9745835,37.4829784,126.97454325,53.64581783897582,,,,156298102,,,,,사당4동
사당로17길,주거지 도로,37.4832175,126.974503,37.4838221,126.9741387,37.4835198,126.97432085,78.64356138168769,,,,419523256,,,,,사당3동
상도로,주거지 도로,37.5050802,126.9398217,37.5046261,126.9399407,37.50485315,126.9398812,53.11430025675701,,,,172126776,,,,,상도2동
사당로20길,주거지 도로,37.4832923,126.975707,37.482706,126.9756779,37.48299915,126.97569245,65.24422330447949,,,,156298097,,,,,사당4동
사당로13길,주거지 도로,37.4840567,126.9723807,37.4844138,126.9727228,37.48423525,126.97255175,53.410007714764525,,,,419523254,,,,,사당3동
방배천로,3차로,37.4855674,126.9834963,37.4862329,126.9837106,37.48590015,126.98360345,76.96514676530084,,,,523341068,,2,True,,방배4동
사당로14길,주거지 도로,37.4839846,126.9724421,37.4837645,126.9721842,37.48387455,126.97231315,33.4188188704218,,,,278199763,,,,,사당4동
자양강변길,주거지 도로,37.5317475,127.0668818,37.5317698,127.0667977,37.53175865,127.06683975,7.819470872556583,yes,,,976911312,,,True,,자양4동
방배천로2안길,주거지 도로,37.4769887,126.9838203,37.4773717,126.9838369,37.4771802,126.9838286,42.61290214137797,,,,156298104,,,,,방배2동
방배천로2길,3차로,37.4769887,126.9838203,37.4768815,126.9845041,37.4769351,126.9841622,61.50751570135895,,,,251118731,,,,,방배2동
방배천로2길,3차로,37.4769887,126.9838203,37.4770657,126.983154,37.477027199999995,126.98348715,59.41719048123667,,,,251118731,,,,,방배2동
효령로5길,주거지 도로,37.4773756,126.986678,37.477882,126.986294,37.477628800000005,126.986486,65.71871940093725,,,,156298918,,,,,방배2동
방배천로2길,3차로,37.4773756,126.986678,37.4768116,126.9855508,37.4770936,126.9861144,117.58855956437854,,,,251118731,,,,,방배2동
방배천로2길,3차로,37.4768815,126.9845041,37.4768167,126.9847911,37.476849099999995,126.9846476,26.33117834860049,,,,251118731,,,,,방배2동
방배천로2길,3차로,37.4768815,126.9845041,37.4769887,126.9838203,37.4769351,126.9841622,61.50751570135895,,,,251118731,,,,,방배2동
방배천로2길,주거지 도로,37.4768815,126.9845041,37.477552,126.9845423,37.47721675,126.9845232,74.63246971403063,,,,156298922,,,,,방배2동
청두곶길,주거지 도로,37.4768116,126.9855508,37.4773714,126.9852062,37.4770915,126.9853785,69.27763812215217,,,,156298101,,,,,방배2동
방배천로2길,3차로,37.4768116,126.9855508,37.4773756,126.986678,37.4770936,126.9861144,117.58855956437854,,,,251118731,,,,,방배2동
방배천로2길,3차로,37.4768116,126.9855508,37.4768167,126.9847911,37.47681415,126.98517095,69.65786519586437,,,,251118731,,,,,방배2동
뚝섬로30길,주거지 도로,37.5340314,127.0678046,37.5346978,127.067068,37.5343646,127.0674363,98.5366209849265,,,,179743243,,,,,자양4동
능동로27길,주거지 도로,37.5535499,127.0774629,37.5538057,127.0768208,37.5536778,127.07714185,63.37542484133101,,,,381467532,,,,,군자동
면목로,3차로,37.5801995,127.0882695,37.5799881,127.0881119,37.5800938,127.0881907,27.302759547252315,,,,218798305,,,,,면목7동
면목로42길,주거지 도로,37.5801995,127.0882695,37.5799712,127.0887888,37.58008535,127.08852915,52.331564887705184,,,,379034604,,,,,면목7동
면목로,3차로,37.5801995,127.0882695,37.5806574,127.0884624,37.58042845,127.08836595,54.40729563601792,,,,218798305,,,,,면목7동
면목로,3차로,37.5835731,127.0883711,37.5829245,127.0884851,37.5832488,127.0884281,72.81737385056039,,,,218798305,,,,,면목3·8동
면목로,3차로,37.5835731,127.0883711,37.5841407,127.0883637,37.5838569,127.0883674,63.18839863183606,,,,218798305,,,,,면목3·8동
면목로54길,주거지 도로,37.5835731,127.0883711,37.5835006,127.08916,37.58353685,127.08876555,69.98233486220504,,,,238268327,,,,,면목3·8동
면목로53길,주거지 도로,37.5835731,127.0883711,37.58363,127.0877236,37.58360155,127.08804735,57.40621662089709,,,,371238055,,,,,면목3·8동
면목로,3차로,37.586486,127.088188,37.5866396,127.0881537,37.5865628,127.08817085,17.344913482565,,,,218798305,,,,,면목본동
면목로65길,주거지 도로,37.586486,127.088188,37.5865678,127.0874963,37.5865269,127.08784215,61.62388226804195,,,,371238052,,,,,면목본동
면목로,3차로,37.586486,127.088188,37.5861052,127.0882803,37.5862956,127.08823415,43.12227753922888,,,,218798305,,,,,면목본동
동일로228길,3차로,37.6672969,127.0571594,37.6673561,127.0576988,37.6673265,127.0574291,47.931588632491255,,,,37399899,,,,,상계9동
동일로227길,3차로,37.6672969,127.0571594,37.6668377,127.0509844,37.6670673,127.0540719,552.8200424231566,,,,382305267,,2,,,상계8동
동일로237길,주거지 도로,37.6739685,127.0554137,37.6737836,127.0544245,37.67387605,127.0549191,89.45539495519004,,,,358596797,,2,,,상계1동
동일로238길,주거지 도로,37.6739685,127.0554137,37.674194,127.0567353,37.67408125,127.0560745,119.05567636734288,,,,380685332,,,,,상계1동
동일로215길,3차로,37.6514078,127.0613251,37.6508187,127.0586197,37.65111325,127.0599724,247.0220014604909,,,,37399896,30.0,2,,,상계6·7동
동일로216길,3차로,37.6514078,127.0613251,37.6515504,127.0619594,37.6514791,127.06164225,58.04990437277001,,,,470096417,30.0,2,,,상계6·7동
수락산로,3차로,37.6704667,127.0563048,37.6709242,127.0575871,37.67069545,127.05694595,123.79686819795968,,,,519932772,,2,,,상계9동
수락산로,3차로,37.6704667,127.0563048,37.6707018,127.054031,37.670584250000005,127.0551679,201.828917857267,,,,712143670,,2,,,상계8동
성내천로29다길,주거지 도로,37.5012384,127.1540667,37.5008542,127.1545035,37.5010463,127.1542851,57.53139349991233,,,,376665600,,,,,마천2동
성내천로29다길,주거지 도로,37.5012384,127.1540667,37.5016119,127.1537039,37.50142515,127.1538853,52.432271184098454,,,,376665600,,,,,마천2동
성내천로33길,주거지 도로,37.5012384,127.1540667,37.5008874,127.1536649,37.5010629,127.1538658,52.72242161893091,,,,376665638,,,,,마천2동
성내천로33길,주거지 도로,37.5012384,127.1540667,37.5014178,127.1543139,37.501328099999995,127.1541903,29.55465093244499,,,,1242096827,,,,,마천2동
동일로207길,3차로,37.6335072,127.064282,37.6371506,127.0613493,37.6353289,127.06281565,482.12933634448314,,,,37402899,,,,,하계2동
대방동15길,주거지 도로,37.5028456,126.9242047,37.5028727,126.9234752,37.50285915,126.92383995,64.42234566001265,,,,245608476,,,,,대방동
대방동15길,주거지 도로,37.5028456,126.9242047,37.5028268,126.9254369,37.5028362,126.9248208,108.71694762479277,,,,245608476,,,,,대방동
대방동27길,주거지 도로,37.5028456,126.9242047,37.5021109,126.9241307,37.50247825,126.9241677,81.95541657348224,,,,521164552,,,True,,대방동
여의대방로24마길,주거지 도로,37.4984277,126.9240167,37.4977793,126.9241755,37.4981035,126.9240961,74.26657417259554,,,,45026897,,,,,신대방2동
여의대방로24길,3차로,37.4984277,126.9240167,37.4989724,126.9282041,37.49870005,126.9261104,393.00563957224335,,,,45026899,,,,,신대방2동
여의대방로24마길,주거지 도로,37.4984277,126.9240167,37.4998207,126.9240563,37.4991242,126.9240365,154.93414473396416,,,,"[521164553, 474719157]",,,,,대방동
여의대방로24길,3차로,37.4984277,126.9240167,37.4978433,126.9221689,37.4981355,126.9230928,175.70259099307998,,,,521164554,,,,,신대방2동
올림픽로35길,3차로,37.5185769,127.1047926,37.5186479,127.1049766,37.518612399999995,127.1048846,18.046405276095275,,,,867821845,,,,,잠실6동
올림픽로35길,3차로,37.5185769,127.1047926,37.5184719,127.1045295,37.5185244,127.10466105,25.97592581811081,,,,867821845,,,,,잠실6동
올림픽로,주거지 도로,37.514541,127.1030847,37.5149892,127.1028372,37.514765100000005,127.10296095,54.408750757648455,,,,72315967,,,,,잠실6동
올림픽로,주거지 도로,37.514541,127.1030847,37.514356,127.1031734,37.5144485,127.10312905,22.008505158261983,,,,72315967,,,,,잠실6동
올림픽로,주거지 도로,37.514541,127.1030847,37.5152133,127.1034067,37.51487715,127.1032457,94.83874975122136,,,,"[868662285, 418850438]",,,,,잠실6동
올림픽로,주거지 도로,37.514356,127.1031734,37.514541,127.1030847,37.5144485,127.10312905,22.008505158261983,,,,72315967,,,,,잠실6동
광나루로30길,주거지 도로,37.5452077,127.0824639,37.5443571,127.0820314,37.5447824,127.08224765,101.97953828444152,,,,175320286,,,,,구의1동
천호대로124길,주거지 도로,37.5523177,127.0893836,37.5523866,127.0884563,37.55235215,127.08891995,86.48440922109134,,,,417136974,,,,,능동
천호대로130길,주거지 도로,37.5516414,127.0897189,37.5505878,127.0888268,37.551114600000005,127.08927285,141.40800682297058,,,,175320417,,,True,,구의2동
중계로18길,주거지 도로,37.6521743,127.0775632,37.65185,127.0780688,37.65201215,127.077816,58.51610523867093,,,,202620615,,,,,중계본동
중계로20길,주거지 도로,37.6521743,127.0775632,37.6519218,127.0767319,37.65204805,127.07714755,109.41194016640416,,,,202620624,,,,,중계1동
중계로18길,주거지 도로,37.65185,127.0780688,37.6509939,127.078015,37.65142195,127.0780419,95.3118701951474,,,,202620615,,,,,중계본동
중계로18길,주거지 도로,37.65185,127.0780688,37.6518981,127.0783322,37.65187405,127.0782005,23.797826819788543,,,,469900872,,,,,중계본동
중계로18길,주거지 도로,37.65185,127.0780688,37.6521743,127.0775632,37.65201215,127.077816,58.51610523867093,,,,202620615,,,,,중계본동
중계로18길,주거지 도로,37.65185,127.0780688,37.6510188,127.0775217,37.6514344,127.07779525,115.0946403466391,,,,651691232,,,,,중계본동
중계로,3차로,37.6506379,127.0779831,37.6506547,127.0767397,37.6506463,127.0773614,109.48326721691284,,,,668807296,,,,,중계본동
중계로17길,주거지 도로,37.6506379,127.0779831,37.6478995,127.0772598,37.6492687,127.07762145,357.54445049830815,,,,59915439,,,,,중계본동
중계로18길,주거지 도로,37.6506379,127.0779831,37.6509939,127.078015,37.6508159,127.07799905,39.70613878815877,,,,202620615,,,,,중계본동
중계로,3차로,37.6506379,127.0779831,37.6506,127.07975,37.650618949999995,127.07886655,155.61768821873954,,,,668807296,,,,,중계본동
중랑역로,3차로,37.613736,127.0754243,37.6129149,127.0755852,37.613325450000005,127.07550475,92.39571376445625,,,,1069117507,,,,,묵2동
중랑역로,3차로,37.613736,127.0754243,37.6147909,127.075331,37.61426345,127.07537765,118.34998738898209,,,,1069117504,,,,,묵2동
동일로169길,주거지 도로,37.613736,127.0754243,37.6139172,127.0767503,37.6138266,127.0760873,118.53984338158472,,,,1069117505,,,,,묵2동
동일로169길,주거지 도로,37.6134306,127.0729409,37.6135311,127.0737564,37.61348085,127.07334865,72.69560113251495,,,,1069117506,,,,,묵2동
동일로169길,주거지 도로,37.6135311,127.0737564,37.6136057,127.0743648,37.613568400000005,127.0740606,54.2278691167531,,,,202621418,,,True,,묵2동
봉화산로3길,주거지 도로,37.6135311,127.0737564,37.61254,127.0739467,37.613035550000006,127.07385155,111.4729279467086,,,,1069117500,,,True,,묵2동
동일로169길,주거지 도로,37.6135311,127.0737564,37.6134306,127.0729409,37.61348085,127.07334865,72.69560113251495,,,,1069117506,,,,,묵2동
선유로,주거지 도로,37.5371655,126.8985404,37.5372165,126.8984306,37.537191,126.8984855,11.220034795982372,,,,277179605,,,,,양평2동
중랑천로,주거지 도로,37.5912563,127.0716443,37.5912719,127.0719407,37.5912641,127.0717925,28.59929219005415,,,,371237994,,,,,상봉2동
동일로55길,주거지 도로,37.5564756,127.0703932,37.556484,127.0707976,37.5564798,127.0705954,35.66018399695259,,,,203496214,,,,,송정동
동일로55다길,주거지 도로,37.5564756,127.0703932,37.5569827,127.0708783,37.556729149999995,127.07063575,70.76754327602664,,,,417129114,,,,,송정동
"['동일로55길', '송정18가길']",주거지 도로,37.5564756,127.0703932,37.5553424,127.0692317,37.555909,127.06981245,177.93013778390562,,,,"[417129137, 203496214]",,,,,송정동
청계천로,3차로,37.5695061,127.0066192,37.5696263,127.0093587,37.5695662,127.00798895,241.8147723841813,,,,1212424782,,2,True,,광희동
종로40길,주거지 도로,37.5698222,127.0067096,37.5703862,127.0067256,37.5701042,127.0067176,62.72987901264284,,,,656122998,30.0,,,,종로5·6가동
청계천로,3차로,37.5698222,127.0067096,37.5697895,127.0050495,37.569805849999995,127.00587955,146.3601799411436,,,,218771978,,1,True,,종로5·6가동
하정로,주거지 도로,37.5710223,127.0267374,37.5713194,127.0268709,37.57117085,127.02680415,35.068719474941936,,,,204782690,,,,,용신동
하정로,주거지 도로,37.5710223,127.0267374,37.5705401,127.0265272,37.5707812,127.0266323,56.728799979172976,,yes,,"[656123007, 656123006, 203501047]",,,,,왕십리도선동
마장로19길,주거지 도로,37.5705401,127.0265272,37.5702191,127.0264182,37.5703796,127.0264727,36.96378050651125,,,,519068808,,,,,왕십리도선동
마장로19길,주거지 도로,37.5705401,127.0265272,37.5710223,127.0267374,37.5707812,127.0266323,56.728799979172976,,yes,,"[203501047, 656123006, 656123007]",,,,,왕십리도선동
동교로1길,주거지 도로,37.555606,126.8972298,37.5544689,126.8987698,37.55503745,126.8979998,185.5160252313215,,,,203973740,,,,,망원1동
동교로1길,주거지 도로,37.555606,126.8972298,37.5557428,126.8972587,37.5556744,126.89724425,16.882432972081663,,,,31856959,,,True,,망원1동
희우정로,3차로,37.5487818,126.9089581,37.55208,126.90491,37.550430899999995,126.90693405,512.2067791442367,,,,203973732,,,,,합정동
희우정로,3차로,37.5487818,126.9089581,37.5485737,126.908921,37.54867775,126.90893955,30.335607033232133,,,,912274936,,,True,,합정동
창전로,주거지 도로,37.5440739,126.929887,37.5439458,126.9303718,37.54400985,126.9301294,45.05373222868837,,,,383522417,,,,,신수동
독막로8길,주거지 도로,37.5454522,126.9172632,37.5459255,126.9174765,37.545688850000005,126.91736985,55.887451553127256,,,,335847475,,,,,합정동
토정로,3차로,37.5454522,126.9172632,37.5457407,126.912554,37.545596450000005,126.9149086,416.4151728775312,,,,479984114,,,,,합정동
토정로,3차로,37.5454522,126.9172632,37.545383,126.9186704,37.5454176,126.9179668,124.30235173572363,,,,515830230,,,,,합정동
포은로,주거지 도로,37.5488423,126.9099276,37.5485403,126.9095368,37.5486913,126.9097322,61.39056081272028,,,,33803460,,,True,,합정동
포은로,주거지 도로,37.5488423,126.9099276,37.5525916,126.9065459,37.550716949999995,126.90823675,523.8082575015094,,,,"[335520757, 333579061]",,,,,합정동
토정로,3차로,37.5457849,126.9118332,37.5457942,126.9116806,37.54578955,126.9117569,13.49333831542886,,,,304026380,,,,,합정동
양화진길,주거지 도로,37.5457849,126.9118332,37.5488385,126.9133392,37.5473117,126.9125862,367.37835609334536,,,,302980824,,,,,합정동
토정로,3차로,37.5457849,126.9118332,37.5457407,126.912554,37.545762800000006,126.9121936,63.73759098124189,,,,479984114,,,,,합정동
성지길,주거지 도로,37.5457407,126.912554,37.5470686,126.9130995,37.54640465,126.91282675,155.31250364525027,,,,203981115,,,,,합정동
토정로,3차로,37.5457407,126.912554,37.5457849,126.9118332,37.545762800000006,126.9121936,63.73759098124189,,,,479984114,,,,,합정동
토정로,3차로,37.5457407,126.912554,37.5454522,126.9172632,37.545596450000005,126.9149086,416.4151728775312,,,,479984114,,,,,합정동
"['양화진지하차도', '토정로']",3차로,37.5458325,126.9105152,37.5457942,126.9116806,37.54581335,126.9110979,107.11230107450442,yes,,,"[1032004554, 304026380, 305375838]",,,,,합정동
신수로2길,주거지 도로,37.5422307,126.9368192,37.5421641,126.9342604,37.5421974,126.9355398,228.00704994881852,,,,393882106,,,,,신수동
토정로32길,주거지 도로,37.5395575,126.9421979,37.5393769,126.9424551,37.5394672,126.9423265,30.291005217520578,,,,203981124,,,,,용강동
"['마포대로1길', '대흥로2길']",주거지 도로,37.5395575,126.9421979,37.5398708,126.9404029,37.53971415,126.9413004,271.4983880786634,,,,"[26268426, 463924398]",,,,,용강동
마포대로1길,주거지 도로,37.5395575,126.9421979,37.5399001,126.9427088,37.5397288,126.94245335,62.1456815974133,,,,26268426,,,,,용강동
토정로32길,주거지 도로,37.5395575,126.9421979,37.5403816,126.9409875,37.53996955,126.9415927,140.6642818503572,,,,203981124,,,,,용강동
"['와우산로1길', '토정로']",주거지 도로,37.5451589,126.921727,37.5458858,126.9212348,37.54552235,126.9214809,94.58974013508868,,,,"[341987379, 341987351]",,,,,서강동
토정로,주거지 도로,37.5451589,126.921727,37.5450788,126.9226978,37.545118849999994,126.9222124,138.08780715550074,,,,341987903,,,,,서강동
토정로,3차로,37.5451589,126.921727,37.5450788,126.9226978,37.545118849999994,126.9222124,86.05227805142142,,,,515830230,,,,,서강동
토정로,3차로,37.5451589,126.921727,37.5453311,126.9195762,37.545244999999994,126.9206516,190.5871368420306,,,,515830230,,,,,서강동
토정로,3차로,37.54506,126.9229215,37.5450788,126.9226978,37.5450694,126.92280965,19.832704204463234,,,,515830230,,,,,서강동
희우정로,3차로,37.5485566,126.9092208,37.5487818,126.9089581,37.5486692,126.90908945,34.108947728269506,,,,912275630,,,True,,합정동
청계천로5길,주거지 도로,37.573844,127.0277554,37.5728612,127.0276784,37.5733526,127.0277169,109.49301902163972,,,,204029925,,,,,용신동
허준로5길,주거지 도로,37.5687235,126.8491563,37.5689113,126.8518071,37.5688174,126.8504817,281.9301014185101,,,,204146813,,,,,가양2동
허준로5길,주거지 도로,37.5689113,126.8518071,37.5687235,126.8491563,37.5688174,126.8504817,281.93010141851005,,,,204146813,,,,,가양2동
화곡로73길,주거지 도로,37.5689113,126.8518071,37.570467,126.8491049,37.56968915,126.850456,294.35604670155806,,,,204146821,,2,,,가양2동
화곡로73길,주거지 도로,37.5689113,126.8518071,37.5646972,126.8568991,37.56680425,126.8543531,678.2067271992079,,,,204146821,,2,,,가양2동
화곡로73길,주거지 도로,37.5646972,126.8568991,37.5689113,126.8518071,37.56680425,126.8543531,678.2067271992078,,,,204146821,,2,,,가양2동
허준로,주거지 도로,37.56923,126.8481406,37.570467,126.8491049,37.5698485,126.84862275,161.6864282519745,,,,204146811,,,,,가양1동
허준로,주거지 도로,37.5640807,126.8580095,37.5634657,126.8611633,37.5637732,126.8595864,305.70362898376834,,,,204146820,,,,,가양3동
허준로,주거지 도로,37.5602043,126.8627913,37.5634657,126.8611633,37.561835,126.8619773,527.9621279229958,,,,204146820,,,,,가양3동
허준로,주거지 도로,37.570467,126.8491049,37.56923,126.8481406,37.5698485,126.84862275,161.68642825197446,,,,204146811,,,,,가양1동
화곡로73길,주거지 도로,37.570467,126.8491049,37.5689113,126.8518071,37.56968915,126.850456,294.35604670155806,,,,204146821,,2,,,가양2동
강서로80길,주거지 도로,37.570467,126.8491049,37.5735618,126.8437449,37.5720144,126.8464249,584.4418217491608,,,,204187752,,,,,가양1동
강서로80길,주거지 도로,37.5735618,126.8437449,37.570467,126.8491049,37.5720144,126.8464249,584.4418217491608,,,,204187752,,,,,가양1동
목동중앙로13나길,주거지 도로,37.5460021,126.8802368,37.5458576,126.8802746,37.54592985,126.8802557,16.409647736692502,,,,465029441,,,,,목2동
목동중앙북로24길,주거지 도로,37.5460021,126.8802368,37.5461348,126.879649,37.54606845,126.8799429,53.881728558387955,,,,471381317,,,,,목2동
목동중앙로13나길,주거지 도로,37.5460021,126.8802368,37.546541,126.8807376,37.54627155,126.8804872,74.43212042584418,,,,465029441,,,,,목2동
목동중앙로13가길,주거지 도로,37.5452955,126.8806456,37.5454378,126.8810222,37.545366650000005,126.8808339,36.77993376215361,,,,204261531,,,,,목2동
목동중앙로13나길,주거지 도로,37.5452955,126.8806456,37.5455473,126.8804794,37.5454214,126.8805625,31.601304485624013,,,,465029441,,,,,목2동
목동중앙로13나길,주거지 도로,37.5452955,126.8806456,37.5448023,126.8808215,37.5450489,126.88073355,60.50915095375082,,,,465029441,,,,,목2동
공항대로59다길,주거지 도로,37.5480415,126.8776645,37.5480173,126.8771092,37.5480294,126.87738685,49.02926811039052,,,,204261522,,,,,염창동
공항대로,주거지 도로,37.5480415,126.8776645,37.5488695,126.8781594,37.5484555,126.87791195,101.88422950713648,,,,204261532,,,,,염창동
공항대로,주거지 도로,37.5480415,126.8776645,37.5471615,126.8777083,37.5476015,126.8776864,97.92783443668726,,,,204261532,,,,,염창동
공항대로59다길,주거지 도로,37.5490973,126.8728882,37.5482932,126.8748578,37.54869525,126.873873,195.30937390907013,,,,204261522,,,,,염창동
공항대로71길,주거지 도로,37.5490973,126.8728882,37.5474195,126.871739,37.548258399999995,126.8723136,212.32827154257137,,,,204261530,,,,,염창동
공항대로71길,주거지 도로,37.5490973,126.8728882,37.5500221,126.8736628,37.5495597,126.8732755,123.44418974755038,,,,471718436,,,,,염창동
목동중앙북로,주거지 도로,37.5465041,126.8780135,37.5463722,126.8774476,37.54643815,126.87773055,52.002068492462925,,,,240226840,,,,,목2동
목동중앙북로24길,주거지 도로,37.5465041,126.8780135,37.5459893,126.8781047,37.5462467,126.8780591,57.80515007196774,,,,471381317,,,,,목2동
목동중앙북로,주거지 도로,37.5465041,126.8780135,37.5471802,126.8779123,37.54684215,126.8779629,75.70681532659209,,,,240226840,,,,,목2동
목동중앙북로24길,주거지 도로,37.5465041,126.8780135,37.5461348,126.879649,37.54631945,126.87883125,149.92280240137845,,,,471381317,,,,,목2동
공항대로71길,주거지 도로,37.5474195,126.871739,37.5490973,126.8728882,37.548258399999995,126.8723136,212.32827154257131,,,,204261530,,,,,염창동
목동중앙로13나길,주거지 도로,37.5458576,126.8802746,37.5457917,126.8803181,37.54582465,126.88029635,8.270663133802932,,,,465029441,,,,,목2동
목동중앙로13나길,주거지 도로,37.5458576,126.8802746,37.5460021,126.8802368,37.54592985,126.8802557,16.409647736692502,,,,465029441,,,,,목2동
목동중앙로13나길,주거지 도로,37.5458576,126.8802746,37.5448023,126.8808215,37.54532995,126.88054805,165.2049709516353,,,,465024122,,,,,목2동
목동중앙로13나길,주거지 도로,37.5618583,126.8597194,37.5634657,126.8611633,37.562662,126.86044135,219.41679517637584,,,,204261528,,,,,가양3동
공항대로71길,주거지 도로,37.5500221,126.8736628,37.5490973,126.8728882,37.5495597,126.8732755,123.4441897475504,,,,471718436,,,,,염창동
공항대로,주거지 도로,37.5471615,126.8777083,37.5480415,126.8776645,37.5476015,126.8776864,97.92783443668726,,,,204261532,,,,,염창동
허준로,주거지 도로,37.5634657,126.8611633,37.5640807,126.8580095,37.5637732,126.8595864,305.70362898376834,,,,204146820,,,,,가양3동
허준로,주거지 도로,37.5634657,126.8611633,37.5602043,126.8627913,37.561835,126.8619773,527.9621279229958,,,,204146820,,,,,가양3동
허준로,주거지 도로,37.5634657,126.8611633,37.5618583,126.8597194,37.562662,126.86044135,219.41679517637584,,,,204261528,,,,,가양3동
목동중앙북로,주거지 도로,37.5471802,126.8779123,37.5465041,126.8780135,37.54684215,126.8779629,75.70681532659209,,,,240226840,,,,,목2동
목동중앙북로,주거지 도로,37.5680668,126.9481791,37.5682381,126.94781,37.56815245,126.94799455,37.69736368943406,,yes,,204778123,,,,,신촌동
성산로24길,주거지 도로,37.5680668,126.9481791,37.5680247,126.9481487,37.56804575,126.9481639,5.393849458570964,,,,246158668,,,,,신촌동
성산로24길,주거지 도로,37.5680668,126.9481791,37.5683186,126.9489965,37.5681927,126.9485878,83.77584255318433,,,,327214354,,,,,신촌동
북아현로,주거지 도로,37.567246,126.94713,37.567821,126.9468963,37.5675335,126.94701315,67.17309961090287,,,,338082882,,,,,신촌동
북아현로,주거지 도로,37.567246,126.94713,37.5670458,126.9471223,37.5671459,126.94712615,22.271598210154263,,,,338082882,,,,,신촌동
성산로,주거지 도로,37.567246,126.94713,37.5682381,126.94781,37.56774205,126.94747,125.5457560839852,,,,204778129,,,,,신촌동
성산로,주거지 도로,37.5682381,126.94781,37.5680668,126.9481791,37.56815245,126.94799455,37.69736368943406,,yes,,204778123,,,,,신촌동
"['봉원사2길', '성산로']",주거지 도로,37.5682381,126.94781,37.5686691,126.947662,37.5684536,126.947736,92.98962577464764,,,,"[204778129, 780736485]",,,,,신촌동
성산로,주거지 도로,37.5682381,126.94781,37.567246,126.94713,37.56774205,126.94747,125.5457560839852,,,,204778129,,,,,신촌동
북아현로,주거지 도로,37.5686691,126.947662,37.5696246,126.9485452,37.56914685,126.9481036,179.97926020844864,,,,338082882,,,,,신촌동
북아현로,주거지 도로,37.5686691,126.947662,37.567821,126.9468963,37.56824505,126.94727915,130.45398542722936,,,,338082882,,,,,신촌동
"['봉원사2길', '성산로']",주거지 도로,37.5686691,126.947662,37.5682381,126.94781,37.5684536,126.947736,92.98962577464764,,,,"[204778129, 780736485]",,,,,신촌동
북아현로26길,주거지 도로,37.5649316,126.9515513,37.5657558,126.9517158,37.5653437,126.95163355,92.78680409531673,,,,327214351,,,,,충현동
북아현로,주거지 도로,37.5649316,126.9515513,37.5650555,126.9521916,37.56499355,126.95187145,58.09341840764558,,,,338082882,,,,,충현동
북아현로25길,주거지 도로,37.5649316,126.9515513,37.5635157,126.9518515,37.56422365,126.9517014,169.4053524241003,,,,327214348,,,,,충현동
북아현로,주거지 도로,37.5649316,126.9515513,37.5649659,126.9511501,37.56494875,126.9513507,36.460262216094115,,,,338082882,,,,,충현동
북아현로26길,주거지 도로,37.566398,126.9510662,37.5663414,126.9517963,37.5663697,126.95143125,64.65697100073972,,,,237264692,,,,,충현동
북아현로,주거지 도로,37.566398,126.9510662,37.5649659,126.9511501,37.56568195,126.95110815,172.8302491101587,,,,338082882,,,,,충현동
북아현로,주거지 도로,37.566398,126.9510662,37.5696246,126.9485452,37.568011299999995,126.9498057,503.01502543420537,,,,338082882,,,,,신촌동
연희로10가길,주거지 도로,37.5646791,126.9297033,37.564801,126.9304965,37.56474005,126.9300999,72.55515975287881,,,,379199205,,,,,연희동
가재울로,주거지 도로,37.5732905,126.9228524,37.5736129,126.9226402,37.5734517,126.9227463,40.433988447277834,,,,204781414,,,,,남가좌2동
거북골로,3차로,37.5767396,126.9201115,37.5765412,126.9198842,37.5766404,126.91999785,29.798292393978755,,,,480185242,,,,,남가좌2동
가재울로,주거지 도로,37.5767396,126.9201115,37.5764866,126.9204662,37.5766131,126.92028885,42.05376486133351,,,,515592179,,,,,남가좌2동
거북골로,3차로,37.5767396,126.9201115,37.5772748,126.9207724,37.5770072,126.92044195,83.27713133016077,,,,480185242,,,,,남가좌2동
홍제천로,주거지 도로,37.5776201,126.9314635,37.5779916,126.9321385,37.57780585,126.931801,72.42113737943731,,,,37403382,,,True,,연희동
홍제천로,,37.5950819,126.9491309,37.5933026,126.9456296,37.59419225,126.94738025,387.1539551234752,,yes,,"[204781426, 1026954367]",,,True,,홍제3동
연희로,3차로,37.5899943,126.9386033,37.5907388,126.9401702,37.59036655,126.93938675,161.05415701095916,,,,1139178449,,,,,홍은2동
홍은중앙로,주거지 도로,37.5933026,126.9456296,37.5942113,126.9463901,37.59375695,126.94600985,121.59319551730772,,,,221501489,,,True,,홍은1동
홍은중앙로,3차로,37.5933026,126.9456296,37.5922597,126.94378,37.59278115,126.9447048,204.73521268510427,,,,392873443,,,True,,홍은1동
하정로,주거지 도로,37.5764396,127.0261836,37.5760743,127.0263533,37.57625695,127.02626845,43.285154991725115,,,,204782690,,,,,용신동
하정로,주거지 도로,37.5721394,127.0268682,37.5728866,127.0268366,37.572513,127.0268524,83.13162816143596,,,,204782690,,,,,용신동
하정로,주거지 도로,37.5721394,127.0268682,37.5718637,127.0268691,37.57200155,127.02686865,30.656587194370296,,,,204782690,,,,,용신동
난계로28길,주거지 도로,37.5721394,127.0268682,37.5721391,127.0271785,37.57213925,127.02702335,27.34728478244044,,,,945091680,,,,,용신동
난계로28길,주거지 도로,37.5721394,127.0268682,37.572172,127.0263409,37.5721557,127.02660455,46.85504672282797,,,,945091680,,,,,용신동
역삼로92길,주거지 도로,37.5020764,127.064664,37.5031787,127.0629079,37.50262755,127.06378595,238.22434442132985,,,,"[205296884, 205296877]",,,,,대치2동
영동대로65길,주거지 도로,37.5020764,127.064664,37.5019383,127.0653981,37.50200735,127.06503105,66.76336089295245,,,,205296888,,,,,대치2동
영동대로65길,주거지 도로,37.5020764,127.064664,37.5018479,127.0632738,37.50196215,127.0639689,125.24075626710874,,,,205296888,,,,,대치2동
도곡로93길,주거지 도로,37.5010621,127.064742,37.5001379,127.0647225,37.5006,127.06473225,102.7808928067354,,,,417915019,,,,,대치2동
삼성로64길,주거지 도로,37.5010621,127.064742,37.500717,127.0636893,37.50088955,127.06421565,100.50174945609322,,,,205296876,,,,,대치2동
도곡로93길,주거지 도로,37.5010621,127.064742,37.5019383,127.0653981,37.501500199999995,127.06507005,113.42390376314428,,,,417915019,,,,,대치2동
삼성로64길,주거지 도로,37.5002163,127.0621774,37.5002202,127.0613379,37.50021825,127.06175765,74.05921724309562,,,,205296870,,,,,대치2동
도곡로83길,주거지 도로,37.5002163,127.0621774,37.4999767,127.0622991,37.5000965,127.06223825,28.724135432855064,,,,417915017,,,,,대치2동
삼성로64길,주거지 도로,37.5002163,127.0621774,37.5005299,127.0631745,37.5003731,127.06267595,94.63038488732664,,,,205296891,,,,,대치2동
"['삼성로68길', '도곡로83길']",주거지 도로,37.5002163,127.0621774,37.5014319,127.0603895,37.5008241,127.06128345,243.57681125549345,,,,"[417915017, 205296865]",,,,,대치2동
삼성로67길,주거지 도로,37.5013765,127.0596603,37.5013443,127.0595294,37.5013604,127.05959485,12.089753988927969,,,,919260601,,,,,대치2동
삼성로68길,주거지 도로,37.5013765,127.0596603,37.5014319,127.0603895,37.5014042,127.0600249,64.75165019923243,,,,205296865,,,,,대치2동
삼성로72길,주거지 도로,37.5025631,127.0590115,37.5025486,127.0599821,37.50255585,127.0594968,85.64357755202896,,,,205296892,,,,,대치2동
역삼로90길,주거지 도로,37.5035123,127.0618649,37.5029237,127.0621927,37.503218,127.0620288,71.55262989718449,,,,205296871,,,,,대치2동
역삼로92길,주거지 도로,37.5031787,127.0629079,37.5029237,127.0621927,37.5030512,127.0625503,69.16911678544899,,,,205296869,,,,,대치2동
역삼로92길,주거지 도로,37.5031787,127.0629079,37.5038645,127.0629543,37.5035216,127.0629311,91.75579001744204,,,,205296869,,,,,대치2동
역삼로92길,주거지 도로,37.5031787,127.0629079,37.5020764,127.064664,37.50262755,127.06378595,238.22434442132985,,,,"[205296884, 205296877]",,,,,대치2동
역삼로92길,주거지 도로,37.5038645,127.0629543,37.5044057,127.0626748,37.5041351,127.06281455,65.03359503719038,,,,205296869,,,,,대치2동
영동대로71길,주거지 도로,37.5038645,127.0629543,37.5043057,127.0642854,37.5040851,127.06361985,127.25597619860524,,,,205296885,,,,,대치2동
역삼로92길,주거지 도로,37.5038645,127.0629543,37.5031787,127.0629079,37.5035216,127.0629311,91.75579001744204,,,,205296869,,,,,대치2동
영동대로71길,주거지 도로,37.5043057,127.0642854,37.5038645,127.0629543,37.5040851,127.06361985,127.25597619860524,,,,205296885,,,,,대치2동
역삼로84길,주거지 도로,37.5035509,127.0600398,37.5025486,127.0599821,37.50304975,127.06001095,111.71273428273832,,,,205296867,,,,,대치2동
역삼로83길,주거지 도로,37.5035509,127.0600398,37.5042246,127.0597217,37.50388775,127.05988075,80.76332867761144,,,,417915014,,,,,대치2동
역삼로90길,주거지 도로,37.5018479,127.0632738,37.5029237,127.0621927,37.5023858,127.06273325,153.27679416293506,,,,205296871,,,,,대치2동
영동대로65길,주거지 도로,37.5018479,127.0632738,37.5020764,127.064664,37.50196215,127.0639689,125.24075626710874,,,,205296888,,,,,대치2동
영동대로65길,주거지 도로,37.5018479,127.0632738,37.5016541,127.0627283,37.501751,127.06300105,52.77187922321112,,,,900203757,,,,,대치2동
삼성로72길,주거지 도로,37.5016541,127.0627283,37.500717,127.0636893,37.50118555,127.0632088,134.33733802048823,,,,205296875,,,,,대치2동
삼성로72길,주거지 도로,37.5016541,127.0627283,37.5023428,127.0615357,37.50199845,127.062132,141.86706946089254,,,,"[205296875, 205296892]",,,,,대치2동
"['역삼로88길', '도곡로87길', '영동대로65길']",주거지 도로,37.5016541,127.0627283,37.5023428,127.0615357,37.50199845,127.062132,179.98411303726397,,,,"[205296872, 900203753, 900203757]",,,,,대치2동
영동대로65길,주거지 도로,37.5016541,127.0627283,37.5018479,127.0632738,37.501751,127.06300105,52.77187922321112,,,,900203757,,,,,대치2동
역삼로92길,주거지 도로,37.5044057,127.0626748,37.5038645,127.0629543,37.5041351,127.06281455,65.03359503719038,,,,205296869,,,,,대치2동
삼성로62길,주거지 도로,37.4994882,127.0606493,37.4999767,127.0622991,37.49973245,127.0614742,156.04063936594656,,,,379530465,,,,,대치2동
삼성로62길,주거지 도로,37.5002202,127.0613379,37.4998878,127.0615048,37.500054000000006,127.06142135,39.78583105734218,,,,205296868,,,,,대치2동
삼성로64길,주거지 도로,37.5002202,127.0613379,37.5002163,127.0621774,37.50021825,127.06175765,74.05921724309562,,,,205296870,,,,,대치2동
삼성로64길,주거지 도로,37.5002202,127.0613379,37.5002042,127.0602772,37.5002122,127.06080755,93.5884091681919,,,,205296870,,,,,대치2동
역삼로88길,주거지 도로,37.5039303,127.0612121,37.5023428,127.0615357,37.50313655,127.0613739,179.7391315251534,,,,205296872,,,,,대치2동
역삼로87길,주거지 도로,37.5039303,127.0612121,37.5046448,127.0609952,37.50428755,127.06110365,81.72751166097649,,,,417911706,,,,,대치2동
삼성로64길,주거지 도로,37.5002042,127.0602772,37.5002202,127.0613379,37.5002122,127.06080755,93.5884091681919,,,,205296870,,,,,대치2동
삼성로64길,주거지 도로,37.500717,127.0636893,37.5005299,127.0631745,37.50062345,127.0634319,49.95235793484677,,,,205296876,,,,,대치2동
삼성로72길,주거지 도로,37.500717,127.0636893,37.5016541,127.0627283,37.50118555,127.0632088,134.33733802048823,,,,205296875,,,,,대치2동
삼성로64길,주거지 도로,37.500717,127.0636893,37.5010621,127.064742,37.50088955,127.06421565,100.50174945609322,,,,205296876,,,,,대치2동
삼성로64길,주거지 도로,37.5005299,127.0631745,37.500717,127.0636893,37.50062345,127.0634319,49.95235793484677,,,,205296876,,,,,대치2동
도곡로87길,주거지 도로,37.5005299,127.0631745,37.5002697,127.0632976,37.5003998,127.06323605,30.903785354111672,,,,900203754,,,,,대치2동
삼성로64길,주거지 도로,37.5005299,127.0631745,37.5002163,127.0621774,37.5003731,127.06267595,94.63038488732664,,,,205296891,,,,,대치2동
동남로30길,주거지 도로,37.5042881,127.1403572,37.5041796,127.1407737,37.50423385,127.14056545,38.67047110152651,,,,376665442,,,,,오금동
동남로30길,주거지 도로,37.5042881,127.1403572,37.504491,127.1396171,37.50438955,127.13998715,69.07405023820608,,,,376665442,,,,,오금동
마천로25길,주거지 도로,37.5042881,127.1403572,37.5048331,127.1404362,37.5045606,127.1403967,61.03425759761967,,,,1104062437,30.0,,,,오금동
마천로27길,주거지 도로,37.5035385,127.1400281,37.5032224,127.1404586,37.503380449999995,127.14024335,51.745426664561855,,,,376665560,,,,,오금동
문정로25길,주거지 도로,37.503855,127.1402227,37.5037426,127.1406418,37.5037988,127.14043225,39.02536012438922,,,,376665576,,,,,오금동
감일남로,3차로,37.5069509,127.1403789,37.5069727,127.14029,37.5069618,127.14033445,8.20787550540301,,,,393900508,,,True,,오금동
송파대로8길,3차로,37.4781192,127.1304317,37.4808565,127.1332365,37.47948785,127.1318341,400.1962960739936,,,,205405112,,,,,장지동
송파대로8길,3차로,37.4781192,127.1304317,37.4773058,127.1276903,37.4777125,127.129061,259.00344587524955,,,,205405112,,,,,장지동
충민로4길,주거지 도로,37.4781192,127.1304317,37.4802902,127.1288093,37.4792047,127.1296205,280.67551682599776,,,,393840108,,,,,장지동
송파대로6길,주거지 도로,37.481359,127.1348266,37.4763879,127.1278725,37.478873449999995,127.13134955,896.0013081380143,,,,"[418775512, 617199401]",,,,,장지동
충민로6길,3차로,37.481359,127.1348266,37.4808565,127.1332365,37.48110775,127.13403155,151.3161791016707,,,,"[1032455896, 205405115]",,,,,장지동
충민로6길,3차로,37.481359,127.1348266,37.4816258,127.1359637,37.4814924,127.13539515,104.66202681895106,yes,,,"[205405106, 1032455898, 857253583]",,,,,장지동
거마로27길,주거지 도로,37.501195,127.1450087,37.5021605,127.145343,37.50167775,127.14517585,111.34565250427846,,,,205405104,,,,,마천2동
성내천로23길,주거지 도로,37.501195,127.1450087,37.501166,127.1458483,37.5011805,127.1454285,75.02608536494016,,,,205405108,,,,,마천2동
성내천로23길,주거지 도로,37.501195,127.1450087,37.5013234,127.144618,37.5012592,127.14481335,37.30893041113881,,,,205405108,,,,,마천2동
거마로27길,주거지 도로,37.5018993,127.1485734,37.5019754,127.1470602,37.50193735,127.1478168,136.29695087853554,,,,205405114,,,,,마천2동
거마로,3차로,37.5018993,127.1485734,37.5014716,127.1482606,37.50168545,127.148417,55.07716837280827,,,,468720785,,,,,마천2동
거마로,3차로,37.5018993,127.1485734,37.5032889,127.149959,37.5025941,127.1492662,197.14774294624908,,,,468720785,,,,,마천2동
성내천로,주거지 도로,37.4910492,127.1573241,37.4910353,127.1574452,37.49104225,127.15738465,10.795575234040223,,,,805348116,,4,,,마천1동
성내천로,생활도로,37.4920227,127.156581,37.4918052,127.1565872,37.49191395,127.1565841,24.191115877957955,,,,205405132,,,,,마천1동
성내천로55길,주거지 도로,37.4920227,127.156581,37.4921359,127.1570905,37.4920793,127.15683575,46.68041628443406,,,,779187437,,,,,마천1동
감이남로,3차로,37.492701,127.1588335,37.4936786,127.1597106,37.4931898,127.15927205,133.64393478642302,,,,393900501,,,,,마천1동
성내천로43바길,주거지 도로,37.492701,127.1588335,37.4945212,127.1577118,37.493611099999995,127.15827265,229.4796175186579,,,,779160024,,,,,마천1동
송파대로8길,3차로,37.4773058,127.1276903,37.4781192,127.1304317,37.4777125,127.129061,259.0034458752496,,,,205405112,,,,,장지동
충민로2길,3차로,37.4773058,127.1276903,37.4763879,127.1278725,37.47684685,127.1277814,103.34429133474342,,,,418775519,,,,,장지동
충민로2길,3차로,37.4773058,127.1276903,37.4796859,127.1268976,37.47849585,127.12729395,275.5541148190272,,,,418775519,,,,,장지동
충민로2길,주거지 도로,37.4978911,127.155785,37.4983553,127.1563295,37.498123199999995,127.15605725,90.36054040753405,,,,779160023,,,,,마천1동
성내천로35길,주거지 도로,37.4999806,127.1595436,37.4983553,127.1563295,37.49916795,127.15793655,387.8727760290812,,,,205405135,,,,,마천1동
성내천로41길,주거지 도로,37.4973834,127.1558653,37.497138,127.1554146,37.4972607,127.15563995,48.22365605008804,,,,205411505,,,,,마천1동
성내천로43마길,주거지 도로,37.4973834,127.1558653,37.4978275,127.1557925,37.497605449999995,127.1558289,49.797622199905106,,,,779160022,,,,,마천1동
"['성내천로43마길', '성내천로47길']",주거지 도로,37.4973834,127.1558653,37.4962173,127.157036,37.49680035,127.15645065,166.9330412897448,,,,"[433819784, 779160022]",,,,,마천1동
성내천로43바길,주거지 도로,37.4945212,127.1577118,37.494881,127.1571159,37.4947011,127.15741385,66.06420571594062,,,,779187429,,,,,마천1동
성내천로43바길,주거지 도로,37.4945212,127.1577118,37.494949,127.1575823,37.4947351,127.15764705,48.9220059564215,,,,779187430,,,,,마천1동
성내천로43바길,주거지 도로,37.4945212,127.1577118,37.492701,127.1588335,37.493611099999995,127.15827265,229.47961751865796,,,,779160024,,,,,마천1동
성내천로43바길,생활도로,37.4907596,127.1570319,37.4918052,127.1565872,37.4912824,127.15680955,123.34756825846956,,,,205405132,,,,,마천1동
성내천로35길,주거지 도로,37.4983553,127.1563295,37.4999806,127.1595436,37.49916795,127.15793655,387.87277602908114,,,,205405135,,,,,마천1동
성내천로35길,주거지 도로,37.4983553,127.1563295,37.4990569,127.1550583,37.4987061,127.1556939,136.61919624123828,,,,779160021,,,,,마천2동
성내천로35길,주거지 도로,37.4983553,127.1563295,37.4978911,127.155785,37.498123199999995,127.15605725,90.36054040753405,,,,779160023,,,,,마천1동
성내천로23길,주거지 도로,37.5011455,127.1471425,37.5011795,127.1463234,37.5011625,127.14673295,72.82997380798388,,,,205405108,,,,,마천2동
성내천로,주거지 도로,37.5011455,127.1471425,37.5019754,127.1470602,37.50156045,127.14710135,95.582668729514,,,,376665521,,,,,마천2동
성내천로,주거지 도로,37.5011455,127.1471425,37.500778,127.1465685,37.50096175,127.1468555,66.05636777000362,,,,468413755,,,True,,마천2동
성내천로,3차로,37.5040081,127.1506905,37.5039145,127.1506077,37.5039613,127.1506491,12.715017128184185,,,,468720783,,,,,마천2동
성내천로57길,주거지 도로,37.4917056,127.1571685,37.4919279,127.157135,37.49181675,127.15715175,24.894739083894738,,,,779187438,,,,,마천1동
성내천로59길,주거지 도로,37.4917056,127.1571685,37.4916728,127.1568007,37.4916892,127.1569846,32.65414055879528,,,,779187441,,,,,마천1동
성내천로,주거지 도로,37.4917056,127.1571685,37.4912719,127.1571045,37.49148875,127.1571365,50.641842930729375,,,,779187439,,,,,마천1동
성내천로41길,주거지 도로,37.497138,127.1554146,37.4973834,127.1558653,37.4972607,127.15563995,48.22365605008804,,,,205411505,,,,,마천1동
성내천로41길,주거지 도로,37.497138,127.1554146,37.4969837,127.1550691,37.49706085,127.15524185,35.063701211734106,,,,205411505,,,,,마천1동
성내천로43라길,주거지 도로,37.497138,127.1554146,37.4956689,127.1564018,37.49640345,127.1559082,185.88477376009425,,,,779187434,,,,,마천1동
성내천로41길,주거지 도로,37.4969209,127.1547503,37.4969837,127.1550691,37.4969523,127.1549097,28.978666972624183,,,,205411505,,,,,마천1동
성내천로43가길,주거지 도로,37.4969209,127.1547503,37.4954181,127.1553487,37.4961695,127.1550495,175.37000204739354,,,,205411504,,,,,마천1동
성내천로41길,주거지 도로,37.4969209,127.1547503,37.4968682,127.1540874,37.49689455,127.15441885,58.78200544219371,,,,205411505,,,,,마천1동
성내천로47길,주거지 도로,37.4945195,127.1558457,37.494984,127.1556491,37.494751750000006,127.1557474,54.48460724070683,,,,205411501,,,,,마천1동
성내천로47길,주거지 도로,37.4945195,127.1558457,37.4944383,127.1554584,37.4944789,127.15565205,35.34178643964951,,,,468408319,,,,,마천1동
성내천로47길,주거지 도로,37.4945195,127.1558457,37.4946396,127.156365,37.49457955,127.15610535,47.7244548273896,,,,468408319,,,,,마천1동
성내천로25길,주거지 도로,37.5023127,127.1497348,37.5014735,127.1489851,37.5018931,127.14935995,123.55895081907404,,,,205411507,,,,,마천2동
성내천로41길,주거지 도로,37.4968682,127.1540874,37.4969209,127.1547503,37.49689455,127.15441885,58.78200544219371,,,,205411505,,,,,마천1동
성내천로55길,주거지 도로,37.4921359,127.1570905,37.4920227,127.156581,37.4920793,127.15683575,46.68041628443406,,,,779187437,,,,,마천1동
성내천로43라길,주거지 도로,37.4921359,127.1570905,37.4947453,127.1567102,37.4934406,127.15690035,295.6282476376286,,,,205411503,,,,,마천1동
성내천로55길,주거지 도로,37.4921359,127.1570905,37.4919279,127.157135,37.4920319,127.15711275,23.904916633854647,,,,779187436,,,,,마천1동
성내천로47길,주거지 도로,37.494984,127.1556491,37.4945195,127.1558457,37.494751750000006,127.1557474,54.48460724070683,,,,205411501,,,,,마천1동
성내천로57길,주거지 도로,37.4919279,127.157135,37.4917056,127.1571685,37.49181675,127.15715175,24.894739083894738,,,,779187438,,,,,마천1동
성내천로55길,주거지 도로,37.4919279,127.157135,37.4921359,127.1570905,37.4920319,127.15711275,23.904916633854647,,,,779187436,,,,,마천1동
성내천로57길,주거지 도로,37.4919279,127.157135,37.4918727,127.1566654,37.4919003,127.1569002,42.58112203799005,,,,779187440,,,,,마천1동
성내천로43나길,주거지 도로,37.4969837,127.1550691,37.4964012,127.1554345,37.49669245,127.1552518,72.34952934542679,,,,205411499,,,,,마천1동
성내천로41길,주거지 도로,37.4969837,127.1550691,37.4969209,127.1547503,37.4969523,127.1549097,28.978666972624183,,,,205411505,,,,,마천1동
성내천로41길,주거지 도로,37.4969837,127.1550691,37.497138,127.1554146,37.49706085,127.15524185,35.063701211734106,,,,205411505,,,,,마천1동
성내천로47길,주거지 도로,37.4944383,127.1554584,37.4945195,127.1558457,37.4944789,127.15565205,35.34178643964951,,,,468408319,,,,,마천1동
마천로61길,주거지 도로,37.4944383,127.1554584,37.4942041,127.1549727,37.4943212,127.15521555,51.254863891451365,,,,205411496,,,,,마천1동
성내천로25길,주거지 도로,37.5014735,127.1489851,37.5023127,127.1497348,37.5018931,127.14935995,123.55895081907404,,,,205411507,,,,,마천2동
성내천로47길,주거지 도로,37.4947453,127.1567102,37.494881,127.1571159,37.49481315,127.15691305,38.84274626485765,,,,468408319,,,,,마천1동
성내천로47길,주거지 도로,37.4947453,127.1567102,37.4946396,127.156365,37.49469245,127.1565376,32.643949682245406,,,,468408319,,,,,마천1동
성내천로43라길,주거지 도로,37.4947453,127.1567102,37.4956689,127.1564018,37.4952071,127.156556,106.2463673706166,,,,205411503,,,,,마천1동
성내천로43라길,주거지 도로,37.4947453,127.1567102,37.4921359,127.1570905,37.4934406,127.15690035,295.62824763762865,,,,205411503,,,,,마천1동
성내천로43나길,주거지 도로,37.4961412,127.155694,37.4955333,127.1560303,37.495837249999994,127.15586215,73.96691529040916,,,,779187432,,,,,마천1동
성내천로43나길,주거지 도로,37.4964012,127.1554345,37.4969837,127.1550691,37.49669245,127.1552518,72.34952934542679,,,,205411499,,,,,마천1동
성내천로43가길,주거지 도로,37.4954181,127.1553487,37.4969209,127.1547503,37.4961695,127.1550495,175.3700020473935,,,,205411504,,,,,마천1동
성내천로,주거지 도로,37.4912719,127.1571045,37.4917056,127.1571685,37.49148875,127.1571365,50.641842930729375,,,,779187439,,,,,마천1동
성내천로47길,주거지 도로,37.4946396,127.156365,37.4947453,127.1567102,37.49469245,127.1565376,32.643949682245406,,,,468408319,,,,,마천1동
성내천로43다길,주거지 도로,37.4946396,127.156365,37.4955333,127.1560303,37.49508645,127.15619765,103.67201922496912,,,,205411500,,,,,마천1동
성내천로47길,주거지 도로,37.4946396,127.156365,37.4945195,127.1558457,37.49457955,127.15610535,47.7244548273896,,,,468408319,,,,,마천1동
양산로4길,주거지 도로,37.4897233,127.1449737,37.4912556,127.1456228,37.49048945,127.14529825,179.83301857017472,,,,205411979,,,,,거여2동
양산로4길,주거지 도로,37.4897233,127.1449737,37.4884261,127.1443866,37.4890747,127.14468015,153.26136782394258,,,,205411979,,,,,거여2동
"['양산로4길', '양산로2길']",주거지 도로,37.4897233,127.1449737,37.4881194,127.1456906,37.48892135,127.14533215,264.5350838446273,,,,"[205411978, 205411980]",30.0,4,,,거여2동
양산로4길,주거지 도로,37.4897233,127.1449737,37.4902033,127.14332,37.4899633,127.14414685,155.36360760781227,,,,205411980,30.0,4,,,거여2동
양산로4길,주거지 도로,37.4902317,127.1432149,37.4902033,127.14332,37.4902175,127.14326745,9.7958044064244,,,,205411980,30.0,4,,,거여1동
양산로,주거지 도로,37.4902317,127.1432149,37.4904201,127.1425037,37.4903259,127.1428593,66.26730419164113,,,,690991713,,,,,거여1동
양산로4길,주거지 도로,37.4884261,127.1443866,37.4897233,127.1449737,37.4890747,127.14468015,153.26136782394258,,,,205411979,,,,,거여2동
양산로2길,주거지 도로,37.4884261,127.1443866,37.4881194,127.1456906,37.48827275,127.1450386,122.96518999648212,,,,470154268,,1,True,,거여2동
마천로43길,생활도로,37.500327,127.1513048,37.5002572,127.1511911,37.5002921,127.15124795,12.682474459971155,,,,205411987,,,True,,마천2동
오금로61길,주거지 도로,37.4929541,127.1460022,37.4934271,127.1460466,37.4931906,127.1460244,52.74094519640958,,,,205411983,,,,,거여2동
오금로62길,주거지 도로,37.4929541,127.1460022,37.492525,127.1459902,37.49273955,127.1459962,47.72555463816216,,,,779160041,,,,,거여2동
오금로61길,주거지 도로,37.4934271,127.1460466,37.4929541,127.1460022,37.4931906,127.1460244,52.74094519640958,,,,205411983,,,,,거여2동
오금로61길,주거지 도로,37.4934271,127.1460466,37.4935723,127.1462245,37.4934997,127.14613555,22.517023326578578,,,,205411983,,,,,거여2동
거마로2길,주거지 도로,37.4934271,127.1460466,37.4933963,127.1475567,37.4934117,127.14680165,133.27224382169453,,,,471318738,,,,,거여2동
거마로2길,주거지 도로,37.4934271,127.1460466,37.4934316,127.145189,37.49342935,127.1456178,75.66320301759676,,,,471318738,,,,,거여2동
오금로61길,주거지 도로,37.4944744,127.147262,37.4939666,127.1466813,37.4942205,127.14697165,76.24273562234968,,,,205411983,,,,,거여2동
거마로10길,주거지 도로,37.4944744,127.147262,37.493843,127.1481669,37.4941587,127.14771445,106.33173847690696,,,,205411985,,,,,거여2동
거마로10길,주거지 도로,37.4944744,127.147262,37.4952821,127.146153,37.49487825,127.1467075,132.82437616471702,,,,205411985,,,,,거여2동
"['양산로4길', '양산로2길']",주거지 도로,37.4881194,127.1456906,37.4897233,127.1449737,37.48892135,127.14533215,264.5350838446273,,,,"[205411978, 205411980]",30.0,4,,,거여2동
양산로4길,주거지 도로,37.4912556,127.1456228,37.4897233,127.1449737,37.49048945,127.14529825,179.83301857017472,,,,205411979,,,,,거여2동
양산로8길,주거지 도로,37.4912556,127.1456228,37.4912349,127.1467714,37.491245250000006,127.1461971,104.65210855291956,,,,205411982,,,,,거여2동
양산로8길,주거지 도로,37.4912556,127.1456228,37.4914637,127.1452378,37.49135965,127.1454303,41.10216651459933,,,,471318748,,2,,,거여2동
봉천로62길,주거지 도로,37.477875,126.9586654,37.4774152,126.9588806,37.4776451,126.958773,54.54026488891819,,,,180126077,,,True,,낙성대동
관악로14길,주거지 도로,37.477875,126.9586654,37.4780246,126.9575296,37.4779498,126.9580975,108.17111185290582,,,,172513353,,,,,낙성대동
남부순환로224길,주거지 도로,37.4803727,126.9532306,37.4809574,126.9533222,37.48066505,126.9532764,65.51626440542238,,,,206049088,,,,,낙성대동
관악로16길,주거지 도로,37.4803727,126.9532306,37.4801183,126.953875,37.480245499999995,126.9535528,63.50989727280394,,,,206049098,,,,,낙성대동
남부순환로224길,주거지 도로,37.4803727,126.9532306,37.4791591,126.9530382,37.4797659,126.9531344,136.01013036994345,,,,206049088,,,,,낙성대동
관악로16길,주거지 도로,37.4803727,126.9532306,37.4804369,126.9525498,37.4804048,126.9528902,60.49655389286144,,,,206049098,,,,,낙성대동
관악로14길,주거지 도로,37.4791591,126.9530382,37.479112,126.9535638,37.479135549999995,126.953301,46.67456868459282,,,,1172774168,,,True,,낙성대동
남부순환로224길,주거지 도로,37.4791591,126.9530382,37.4803727,126.9532306,37.4797659,126.9531344,136.01013036994345,,,,206049088,,,,,낙성대동
관악로14나길,주거지 도로,37.4772365,126.957218,37.4764494,126.9569026,37.47684295,126.9570603,91.84048289035276,,,,206049096,,,True,,낙성대동
관악로12길,주거지 도로,37.4772365,126.957218,37.4774085,126.956547,37.4773225,126.9568825,62.22470641195478,,,,206049089,,,True,,낙성대동
관악로6길,주거지 도로,37.4768484,126.9532924,37.4780872,126.9534413,37.4774678,126.95336685,142.3913318037131,,,,206049083,,,,,낙성대동
관악로6길,주거지 도로,37.4768484,126.9532924,37.4757966,126.9535011,37.4763225,126.95339675,118.39613669522792,,,,206049083,,,,,낙성대동
관악로10길,주거지 도로,37.4768484,126.9532924,37.4766954,126.9548079,37.4767719,126.95405015,135.96567926482885,,,,206049094,,,True,,낙성대동
남부순환로230길,주거지 도로,37.4777259,126.9552387,37.4766954,126.9548079,37.47721065,126.9550233,120.72800054069724,,,,206049087,,,,,낙성대동
남부순환로230길,주거지 도로,37.4777259,126.9552387,37.4785768,126.9555777,37.478151350000005,126.9554082,99.23224230166056,,,,206049087,,,,,낙성대동
관악로12길,주거지 도로,37.4777259,126.9552387,37.4780872,126.9534413,37.47790655,126.95434,163.68456903142842,,,,206049089,,,True,,낙성대동
관악로14가길,주거지 도로,37.476533,126.9554662,37.4775674,126.9558932,37.4770502,126.9556797,121.03489116478056,,,,206049081,,,,,낙성대동
관악로14가길,주거지 도로,37.476533,126.9554662,37.4754969,126.9550551,37.47601495000001,126.95526065,120.78590059593589,,,,206049081,,,,,낙성대동
관악로10길,주거지 도로,37.476533,126.9554662,37.4763701,126.9561268,37.47645155,126.9557965,61.286496302680945,,,,206049094,,,True,,낙성대동
관악로16길,주거지 도로,37.4804369,126.9525498,37.4803727,126.9532306,37.4804048,126.9528902,60.49655389286144,,,,206049098,,,,,낙성대동
남부순환로234길,주거지 도로,37.4763701,126.9561268,37.4774085,126.956547,37.4768893,126.9563369,121.27298050225282,,,,206049090,,,True,,낙성대동
관악로10길,주거지 도로,37.4763701,126.9561268,37.4764494,126.9569026,37.47640975,126.9565147,69.76798713389302,,,,206049094,,,True,,낙성대동
남부순환로234길,주거지 도로,37.4763701,126.9561268,37.4753223,126.9557224,37.4758462,126.9559246,121.85300289053652,,,,1172774170,,,True,,낙성대동
관악로14길,주거지 도로,37.4785768,126.9555777,37.4784126,126.9562306,37.4784947,126.95590415,60.43735249105627,,,,172513353,,,,,낙성대동
남부순환로230길,주거지 도로,37.4785768,126.9555777,37.4795956,126.955391,37.4790862,126.95548435,114.47940249759448,,,,206049087,,,,,낙성대동
남부순환로230길,주거지 도로,37.4785768,126.9555777,37.4777259,126.9552387,37.478151350000005,126.9554082,99.23224230166056,,,,206049087,,,,,낙성대동
봉천로62길,주거지 도로,37.4774152,126.9588806,37.4770462,126.9590533,37.4772307,126.95896695,43.769747940249104,,,,180126077,,,True,,낙성대동
관악로12길,주거지 도로,37.4774152,126.9588806,37.4771058,126.9575593,37.4772605,126.95821995,121.62258351998884,,,,206049089,,,True,,낙성대동
관악로8길,주거지 도로,37.4757966,126.9535011,37.475679,126.9526328,37.475737800000005,126.95306695,77.73150379114341,,,,206049091,,,,,낙성대동
관악로6길,주거지 도로,37.4757966,126.9535011,37.4768484,126.9532924,37.4763225,126.95339675,118.39613669522792,,,,206049083,,,,,낙성대동
관악로6길,주거지 도로,37.4757966,126.9535011,37.4744913,126.9528714,37.47514395,126.95318625,213.1930287611169,,,,206049083,,,,,낙성대동
관악로8길,주거지 도로,37.4757966,126.9535011,37.4756679,126.9544011,37.47573225,126.9539511,82.71094093536638,,,,206049091,,,,,낙성대동
관악로14길,주거지 도로,37.4780246,126.9575296,37.4782561,126.9568791,37.47814035,126.95720435,62.909592377993704,,,,172513353,,,,,낙성대동
관악로14길,주거지 도로,37.4780246,126.9575296,37.477875,126.9586654,37.4779498,126.9580975,108.17111185290582,,,,172513353,,,,,낙성대동
관악로14나길,주거지 도로,37.4780246,126.9575296,37.4772365,126.957218,37.47763055,126.9573738,91.8458612761812,,,,206049096,,,True,,낙성대동
남부순환로226길,주거지 도로,37.479112,126.9535638,37.4801183,126.953875,37.47961515,126.9537194,117.28864159413207,,,,206049080,,,,,낙성대동
관악로6길,주거지 도로,37.479112,126.9535638,37.4780872,126.9534413,37.478599599999995,126.95350255,114.4642823997112,,,,206049083,,,,,낙성대동
관악로14길,주거지 도로,37.479112,126.9535638,37.4785768,126.9555777,37.4788444,126.95457075,187.41049282780895,,,,1172774168,,,True,,낙성대동
남부순환로230길,주거지 도로,37.4766954,126.9548079,37.4777259,126.9552387,37.47721065,126.9550233,120.72800054069724,,,,206049087,,,,,낙성대동
남부순환로230길,주거지 도로,37.4766954,126.9548079,37.4756679,126.9544011,37.47618165,126.9546045,119.75980540706432,,,,206049087,,,,,낙성대동
관악로10길,주거지 도로,37.4766954,126.9548079,37.476533,126.9554662,37.4766142,126.95513705,60.83344779427919,,,,206049094,,,True,,낙성대동
남부순환로230길,주거지 도로,37.4795956,126.955391,37.4801666,126.9554054,37.4798811,126.9553982,63.580964947663745,,,,206049087,,,,,낙성대동
남부순환로230길,주거지 도로,37.4795956,126.955391,37.4785768,126.9555777,37.4790862,126.95548435,114.47940249759448,,,,206049087,,,,,낙성대동
관악로16길,주거지 도로,37.4795956,126.955391,37.4801183,126.953875,37.47985695,126.954633,145.8642433484513,,,,206049098,,,,,낙성대동
남부순환로226길,주거지 도로,37.4801183,126.953875,37.4806291,126.9542125,37.4803737,126.95404375,64.13248181370899,,,,206049080,,,,,낙성대동
관악로16길,주거지 도로,37.4801183,126.953875,37.4803727,126.9532306,37.480245499999995,126.9535528,63.50989727280394,,,,206049098,,,,,낙성대동
남부순환로226길,주거지 도로,37.4801183,126.953875,37.479112,126.9535638,37.47961515,126.9537194,117.28864159413207,,,,206049080,,,,,낙성대동
관악로16길,주거지 도로,37.4801183,126.953875,37.4795956,126.955391,37.47985695,126.954633,145.8642433484513,,,,206049098,,,,,낙성대동
관악로12길,주거지 도로,37.4771058,126.9575593,37.4772365,126.957218,37.47717115,126.95738865,33.44080412994604,,,,206049089,,,True,,낙성대동
낙성대로4길,주거지 도로,37.4771058,126.9575593,37.4765088,126.9577335,37.4768073,126.9576464,68.14006228792046,,,,206049093,,,,,낙성대동
관악로14길,주거지 도로,37.4784126,126.9562306,37.4785768,126.9555777,37.4784947,126.95590415,60.43735249105627,,,,172513353,,,,,낙성대동
관악로14길,주거지 도로,37.4784126,126.9562306,37.4782561,126.9568791,37.47833435,126.95655485,59.81276823442772,,,,172513353,,,,,낙성대동
관악로14가길,주거지 도로,37.4784126,126.9562306,37.4775674,126.9558932,37.47799,126.9560619,98.58536792067476,,,,206049081,,,,,낙성대동
남부순환로230길,주거지 도로,37.4756679,126.9544011,37.4766954,126.9548079,37.47618165,126.9546045,119.75980540706432,,,,206049087,,,,,낙성대동
남부순환로230길,주거지 도로,37.4756679,126.9544011,37.4747382,126.9540327,37.47520305,126.9542169,108.36937164983448,,,,206049087,,,,,낙성대동
관악로8길,주거지 도로,37.4756679,126.9544011,37.4754969,126.9550551,37.4755824,126.9547281,60.76438163308793,,,,206049091,,,,,낙성대동
관악로8길,주거지 도로,37.4756679,126.9544011,37.4757966,126.9535011,37.47573225,126.9539511,82.71094093536638,,,,206049091,,,,,낙성대동
남부순환로234길,주거지 도로,37.4787773,126.9571823,37.4793299,126.9575242,37.4790536,126.95735325,68.45348941773196,,,,921285231,,,True,,낙성대동
남부순환로234길,주거지 도로,37.4787773,126.9571823,37.4782561,126.9568791,37.4785167,126.9570307,63.8326126340551,,,,1172774169,,,,,낙성대동
관악로14가길,주거지 도로,37.4775674,126.9558932,37.476533,126.9554662,37.4770502,126.9556797,121.03489116478056,,,,206049081,,,,,낙성대동
관악로12길,주거지 도로,37.4775674,126.9558932,37.4777259,126.9552387,37.47764665,126.95556595,60.38455929233805,,,,206049089,,,True,,낙성대동
관악로14가길,주거지 도로,37.4775674,126.9558932,37.4784126,126.9562306,37.47799,126.9560619,98.58536792067476,,,,206049081,,,,,낙성대동
관악로12길,주거지 도로,37.4774085,126.956547,37.4775674,126.9558932,37.47748795,126.9562201,60.34972273488141,,,,206049089,,,True,,낙성대동
남부순환로234길,주거지 도로,37.4774085,126.956547,37.4782561,126.9568791,37.4778323,126.95671305,98.6999556657412,,,,206049090,,,True,,낙성대동
남부순환로230길,주거지 도로,37.4801666,126.9554054,37.4795956,126.955391,37.4798811,126.9553982,63.580964947663745,,,,206049087,,,,,낙성대동
남부순환로230길,주거지 도로,37.4747382,126.9540327,37.4756679,126.9544011,37.47520305,126.9542169,108.36937164983448,,,,206049087,,,,,낙성대동
관악로6길,주거지 도로,37.4780872,126.9534413,37.479112,126.9535638,37.478599599999995,126.95350255,114.46428239971122,,,,206049083,,,,,낙성대동
관악로6길,주거지 도로,37.4780872,126.9534413,37.4768484,126.9532924,37.4774678,126.95336685,142.3913318037131,,,,206049083,,,,,낙성대동
관악로12길,주거지 도로,37.4780872,126.9534413,37.4781892,126.9522135,37.4781382,126.9528274,108.93656445189524,,,,206049089,,,True,,낙성대동
남부순환로,주거지 도로,37.4783557,126.9582687,37.4789031,126.9585969,37.4786294,126.9584328,67.40684788842461,,,,206103863,,,,,낙성대동
낙성대역길,주거지 도로,37.4769678,126.9619926,37.4774683,126.9622852,37.47721805,126.9621389,61.35106230753993,,,,560616134,,,,,인헌동
낙성대역길,주거지 도로,37.4769678,126.9619926,37.4756813,126.9616313,37.47632455,126.96181195,163.63344319460407,,,,527792206,,,,,인헌동
은천로39길,주거지 도로,37.4889271,126.9528663,37.4888179,126.9537456,37.4888725,126.95330595,78.52565204041815,,,,206108953,,,,,성현동
은천로33길,주거지 도로,37.4889271,126.9528663,37.4899875,126.9535162,37.4894573,126.95319125,132.73312624674287,,,,"[1117670433, 912739359]",,,,,성현동
은천로33길,주거지 도로,37.4889271,126.9528663,37.4877462,126.9519619,37.488336649999994,126.9524141,156.91102263520756,,,,"[1117670432, 549132418, 912739359]",,,,,성현동
은천로39길,주거지 도로,37.4888179,126.9537456,37.4858679,126.9549897,37.4873429,126.95436765,423.2998339231259,,,,206108953,,,,,성현동
은천로39길,주거지 도로,37.4888179,126.9537456,37.4889271,126.9528663,37.4888725,126.95330595,78.52565204041815,,,,206108953,,,,,성현동
은천로35길,주거지 도로,37.4888179,126.9537456,37.486075,126.9538509,37.48744645,126.95379825,308.40462711363693,,,,206108956,,,,,성현동
은천로35길,주거지 도로,37.486075,126.9538509,37.4888179,126.9537456,37.48744645,126.95379825,308.404627113637,,,,206108956,,,,,성현동
은천로36길,주거지 도로,37.486075,126.9538509,37.4852549,126.953627,37.48566495,126.95373895,93.31523201011188,,,,278046178,,,,,중앙동
은천로25가길,주거지 도로,37.4877462,126.9519619,37.4876011,126.9493078,37.48767365,126.95063485,257.55359902080033,,,,206197223,,,,,성현동
은천로33길,주거지 도로,37.4877462,126.9519619,37.4863351,126.9522622,37.48704065,126.95211205,160.2194111154402,,,,549132418,,,,,성현동
은천로33길,주거지 도로,37.4877462,126.9519619,37.4889271,126.9528663,37.488336649999994,126.9524141,156.91102263520756,,,,"[1117670432, 549132418, 912739359]",,,,,성현동
"['관악로', '관악로37길']",주거지 도로,37.4870015,126.9570958,37.4892338,126.9575053,37.48811765,126.95730055,325.5371228300654,,,,"[206108961, 206197220]",,,,,성현동
은천로25길,주거지 도로,37.4876011,126.9493078,37.4895039,126.9478999,37.4885525,126.94860385,312.4075180650738,,,,206197211,,,,,성현동
은천로25길,주거지 도로,37.4876011,126.9493078,37.4867173,126.948855,37.4871592,126.9490814,106.09827535537504,,,,206197211,,,,,성현동
은천로25가길,주거지 도로,37.4876011,126.9493078,37.4877462,126.9519619,37.48767365,126.95063485,257.55359902080033,,,,206197223,,,,,성현동
은천로25길,주거지 도로,37.4895039,126.9478999,37.4876011,126.9493078,37.4885525,126.94860385,312.40751806507376,,,,206197211,,,,,성현동
구암길,주거지 도로,37.4895039,126.9478999,37.4927154,126.946766,37.49110965,126.94733295,434.6236689570938,,,,"[206197218, 520704306]",,,,,성현동
구암길,주거지 도로,37.4895039,126.9478999,37.4886023,126.9463475,37.4890531,126.9471237,185.0674572859963,,,,206197218,,,,,성현동
테헤란로26길,3차로,37.4998095,127.0359777,37.4993293,127.0362155,37.4995694,127.0360966,57.36899420219133,,,,210332891,,,,,역삼1동
논현로87길,주거지 도로,37.4998095,127.0359777,37.4995163,127.0350149,37.4996629,127.0354963,90.97996690520084,,,,176732664,,,,,역삼1동
테헤란로26길,3차로,37.4998095,127.0359777,37.5003255,127.0356986,37.5000675,127.03583815,62.436302433373214,,,,210332891,,,,,역삼1동
테헤란로25길,3차로,37.5018948,127.0354709,37.5016661,127.0353544,37.50178045,127.03541265,27.428423032931,,,,210332897,,,,,역삼1동
테헤란로25길,주거지 도로,37.5018948,127.0354709,37.5023713,127.035254,37.50213305,127.03536245,56.33339967344085,,,,417750356,,,,,역삼1동
논현로93길,3차로,37.5018948,127.0354709,37.5021483,127.0363132,37.50202155,127.03589205,79.47773689395981,,,,210332899,,,,,역삼1동
논현로85길,3차로,37.4993293,127.0362155,37.4991171,127.036673,37.4992232,127.03644425,46.75101099476887,,,,210332890,,,,,역삼1동
테헤란로26길,3차로,37.4993293,127.0362155,37.4998095,127.0359777,37.4995694,127.0360966,57.36899420219133,,,,210332891,,,,,역삼1동
논현로85길,주거지 도로,37.4993293,127.0362155,37.4984944,127.0354893,37.49891185,127.0358524,113.12815532648273,,,,117823785,,,,,역삼1동
테헤란로28길,3차로,37.5001326,127.0389904,37.5004932,127.0388262,37.5003129,127.0389083,42.63314792372046,,,,210332892,,,,,역삼2동
논현로86길,주거지 도로,37.5001326,127.0389904,37.5002691,127.0394171,37.50020085,127.03920375,40.58697390228404,,,,210332894,,,,,역삼2동
논현로86길,3차로,37.5001326,127.0389904,37.5000472,127.0389091,37.5000899,127.03894975,11.900134958523802,,,,802770127,,,,,역삼2동
논현로94길,3차로,37.5021483,127.0363132,37.5024086,127.037175,37.502278450000006,127.0367441,81.34659758400149,,,,921278929,,,,,역삼1동
논현로93길,3차로,37.5021483,127.0363132,37.5018948,127.0354709,37.50202155,127.03589205,79.47773689395981,,,,210332899,,,,,역삼1동
논현로94길,3차로,37.5026135,127.0377267,37.5024086,127.037175,37.50251105,127.03745085,53.73683709765422,,,,210332895,,,,,역삼1동
논현로94길,3차로,37.5026135,127.0377267,37.5028483,127.0384082,37.5027309,127.03806745,65.69549562239318,,,,210332895,,,,,역삼1동
테헤란로27길,3차로,37.5026135,127.0377267,37.5013407,127.038371,37.501977100000005,127.03804885,152.54285886040108,,,,210332898,,,,,역삼1동
테헤란로27길,주거지 도로,37.5026135,127.0377267,37.5032648,127.0374374,37.50293915,127.03758205,76.78627628376626,,,,239953461,,,,,역삼1동
논현로85길,3차로,37.4991171,127.036673,37.4993293,127.0362155,37.4992232,127.03644425,46.75101099476887,,,,210332890,,,,,역삼1동
논현로85길,3차로,37.4991171,127.036673,37.4993957,127.0376016,37.4992564,127.0371373,87.58823230331362,,,,210332890,,,,,역삼1동
역삼로17길,주거지 도로,37.4991171,127.036673,37.4979005,127.0366449,37.4985088,127.03665895,150.68111653879595,,,,404008684,,,,,역삼1동
논현로85길,3차로,37.4993957,127.0376016,37.4991171,127.036673,37.4992564,127.0371373,87.58823230331362,,,,210332890,,,,,역삼1동
논현로86길,3차로,37.4993957,127.0376016,37.5000472,127.0389091,37.49972145,127.03825535,141.29481750912868,,,,802770127,,,,,역삼2동
마포대로1길,주거지 도로,37.5386282,126.9444697,37.5390898,126.9438503,37.538859,126.94416,74.97646145412986,,,,26268425,,,,,용강동
선유로25길,주거지 도로,37.5236561,126.8903639,37.5237487,126.8897585,37.5237024,126.8900612,54.37344621839225,,,,797143565,,2,True,,양평1동
벚꽃로,3차로,37.4573478,126.893826,37.4603078,126.8923122,37.4588278,126.8930691,356.2688146893553,,,,37400804,40.0,4,,,독산1동
벚꽃로,3차로,37.4573478,126.893826,37.4563982,126.8945328,37.456873,126.8941794,124.00339526185492,,,,37400804,40.0,4,,,시흥1동
시흥대로79길,주거지 도로,37.4573478,126.893826,37.4588275,126.8966676,37.45808765,126.8952468,311.0109917524153,,,,469620938,,,,,독산1동
"['범안로', '서부샛길']",주거지 도로,37.4660052,126.8879944,37.4647936,126.887176,37.465399399999995,126.8875852,201.1987132852625,,,,"[407455700, 407455701]",,,,,가산동
한내로,3차로,37.4577072,126.8897671,37.4571364,126.8885731,37.457421800000006,126.8891701,123.0274307285464,,,,520714371,,6,,,독산1동
버드나루로14길,주거지 도로,37.5268368,126.9101116,37.5278855,126.9096341,37.52736115,126.90987285,123.98006550343752,,,,211289382,,,,,당산2동
버드나루로16길,주거지 도로,37.5268368,126.9101116,37.5266538,126.9094518,37.5267453,126.9097817,61.64033415644265,,,,464777205,,,,,당산2동
버드나루로14길,주거지 도로,37.5268368,126.9101116,37.5256829,126.9105521,37.52625985,126.91033185,138.58800977818055,,,,211289382,,,,,영등포동
버드나루로14길,주거지 도로,37.5278855,126.9096341,37.5268368,126.9101116,37.52736115,126.90987285,123.98006550343752,,,,211289382,,,,,당산2동
버드나루로18길,주거지 도로,37.5278855,126.9096341,37.527742,126.9090602,37.52781375,126.90934715,53.064744547995616,,,,464777210,,,,,당산2동
버드나루로14길,주거지 도로,37.5278855,126.9096341,37.5289975,126.909167,37.5284415,126.90940055,130.33163820250007,,,,211289382,,,,,당산2동
버드나루로14가길,주거지 도로,37.527742,126.9090602,37.528849,126.9086229,37.5282955,126.90884155,128.99207536414352,,,,211289384,,,,,당산2동
버드나루로18길,주거지 도로,37.527742,126.9090602,37.5278855,126.9096341,37.52781375,126.90934715,53.064744547995616,,,,464777210,,,,,당산2동
버드나루로14가길,주거지 도로,37.527742,126.9090602,37.5266538,126.9094518,37.5271979,126.909256,125.8370552644132,,,,211289384,,,,,당산2동
버드나루로18길,주거지 도로,37.527742,126.9090602,37.5275374,126.9083475,37.5276397,126.90870385,66.83995028706346,,,,464777210,,,,,당산2동
버드나루로14가길,주거지 도로,37.525503,126.9101035,37.5266538,126.9094518,37.5260784,126.90977765,140.2765638274786,,,,211289384,,,,,영등포동
버드나루로14가길,주거지 도로,37.528849,126.9086229,37.527742,126.9090602,37.5282955,126.90884155,128.99207536414352,,,,211289384,,,,,당산2동
버드나루로20길,주거지 도로,37.528849,126.9086229,37.5289975,126.909167,37.528923250000005,126.90889495,50.74216806246111,,,,211289387,,,,,당산2동
버드나루로20길,주거지 도로,37.528849,126.9086229,37.5286809,126.9079218,37.52876495,126.90827235,64.58892898011224,,,,211289387,,,,,당산2동
버드나루로20길,주거지 도로,37.5286809,126.9079218,37.528849,126.9086229,37.52876495,126.90827235,64.58892898011224,,,,211289387,,,,,당산2동
버드나루로19길,주거지 도로,37.5286809,126.9079218,37.5284915,126.9072444,37.5285862,126.9075831,63.33912698697686,,,,464777212,,,,,당산2동
버드나루로16길,주거지 도로,37.5266538,126.9094518,37.5268368,126.9101116,37.5267453,126.9097817,61.64033415644265,,,,464777205,,,,,당산2동
버드나루로14가길,주거지 도로,37.5266538,126.9094518,37.527742,126.9090602,37.5271979,126.909256,125.8370552644132,,,,211289384,,,,,당산2동
버드나루로14가길,주거지 도로,37.5266538,126.9094518,37.525503,126.9101035,37.5260784,126.90977765,140.2765638274786,,,,211289384,,,,,영등포동
버드나루로16길,주거지 도로,37.5266538,126.9094518,37.52641,126.90876,37.526531899999995,126.9091059,66.75889487738884,,,,464777205,,,,,당산2동
버드나루로20길,주거지 도로,37.5289975,126.909167,37.528849,126.9086229,37.528923250000005,126.90889495,50.74216806246111,,,,211289387,,,,,당산2동
버드나루로14길,주거지 도로,37.5289975,126.909167,37.5278855,126.9096341,37.5284415,126.90940055,130.33163820250007,,,,211289382,,,,,당산2동
버드나루로14길,주거지 도로,37.5289975,126.909167,37.5309621,126.9084136,37.52997980000001,126.9087903,228.3356173329629,,,,211289382,,,,,당산2동
연세로7길,주거지 도로,37.5576842,126.9363021,37.5576709,126.936937,37.557677549999994,126.93661955,55.98601387141776,,,,214101645,,,True,,신촌동
연세로7안길,주거지 도로,37.5576842,126.9363021,37.5581045,126.9363118,37.55789435,126.93630695,46.743880043125046,,,,463908708,,,True,,신촌동
연세로7안길,주거지 도로,37.558139,126.9349503,37.5581303,126.9352937,37.55813465,126.935122,30.285568129874385,,,,371394073,,,,,신촌동
연세로7길,주거지 도로,37.558139,126.9349503,37.5577056,126.9349282,37.5579223,126.93493925,48.231307261142646,,,,463787708,,,True,,신촌동
연세로7안길,주거지 도로,37.558139,126.9349503,37.5586141,126.9336446,37.55837655,126.93429745,126.64002783703782,,,,324258416,,,,,신촌동
연세로9길,주거지 도로,37.5585301,126.9349849,37.5588649,126.934065,37.5586975,126.93452495,89.2246041093001,,,,324258398,,,,,신촌동
연세로7안길,주거지 도로,37.5585301,126.9349849,37.558139,126.9349503,37.55833455,126.9349676,43.595214386985774,,,,463787709,,,True,,신촌동
연세로9길,주거지 도로,37.5585301,126.9349849,37.5585286,126.9353014,37.55852935,126.93514315,27.899276145352413,,,,620357091,,,,,신촌동
연세로9길,주거지 도로,37.5589266,126.9349873,37.5585301,126.9349849,37.55872835,126.9349861,44.089358250447866,,,,564899354,,,True,,신촌동
연세로11길,주거지 도로,37.5589266,126.9349873,37.5590192,126.9345322,37.5589729,126.93475975,41.51862420134336,,,,564899353,,,,,신촌동
연세로11길,주거지 도로,37.5589616,126.9363464,37.5589266,126.9349873,37.558944100000005,126.93566685,119.86420110788208,,,,463787706,,,True,,신촌동
성산로22길,주거지 도로,37.5590192,126.9345322,37.5591184,126.9344757,37.559068800000006,126.93450395,12.102752419042467,,,,222843828,,,,,신촌동
신촌로11길,주거지 도로,37.5590192,126.9345322,37.5588649,126.934065,37.55894205,126.9342986,44.685698277774456,,,,239549324,,,,,신촌동
연세로11길,주거지 도로,37.5590192,126.9345322,37.5589266,126.9349873,37.5589729,126.93475975,41.51862420134336,,,,564899353,,,,,신촌동
성산로22길,주거지 도로,37.5591184,126.9344757,37.5590192,126.9345322,37.559068800000006,126.93450395,12.102752419042467,,,,222843828,,,,,신촌동
성산로22길,주거지 도로,37.5591184,126.9344757,37.5592557,126.9344082,37.559187050000006,126.93444195,16.392838597440594,,,,222843828,,,,,신촌동
연세로13길,주거지 도로,37.5591184,126.9344757,37.5593213,126.9368094,37.559219850000005,126.93564255,207.0600213504872,,,,324328496,,,,,신촌동
성산로22길,주거지 도로,37.5592557,126.9344082,37.5594045,126.9343707,37.5593301,126.93438945,16.872783256528717,,,,222843828,,,,,신촌동
성산로22길,주거지 도로,37.5592557,126.9344082,37.5591184,126.9344757,37.559187050000006,126.93444195,16.392838597440594,,,,222843828,,,,,신촌동
신촌로9길,주거지 도로,37.5592557,126.9344082,37.5589431,126.9336679,37.5590994,126.93403805,74.25372423616977,,,,239549323,,,,,신촌동
동작대로9길,주거지 도로,37.4807115,126.9774039,37.4807382,126.9769739,37.48072485,126.9771889,38.05907202459329,,,,156291914,,,,,사당1동
동작대로9길,주거지 도로,37.4807115,126.9774039,37.4806881,126.9780561,37.4806998,126.97773,57.60878008351956,,,,156291914,,,,,사당1동
동작대로9다길,주거지 도로,37.4807115,126.9774039,37.479623,126.9773646,37.480167249999994,126.97738425,121.08551782530564,,,,156298106,,,,,사당1동
잠원로8길,주거지 도로,37.5157372,127.0090305,37.5147005,127.0105924,37.51521885,127.00981145,179.62688622715356,,,,215040178,,,,,잠원동
잠원로8길,주거지 도로,37.5134199,127.0125217,37.5144106,127.0110291,37.51391525,127.0117754,171.65859027919123,,,,215040178,,,,,잠원동
잠원로4길,3차로,37.5134199,127.0125217,37.5138164,127.0133484,37.51361815,127.01293505,85.20870665427123,,,,522783538,,,,,잠원동
잠원로8길,주거지 도로,37.5134199,127.0125217,37.5130344,127.0132476,37.513227150000006,127.01288465,77.05009054994476,,,,522783545,,,,,잠원동
잠원로4길,3차로,37.5134199,127.0125217,37.512577,127.0107641,37.51299845,127.0116429,181.15430808480895,,,,215040175,,,,,잠원동
나루터로,3차로,37.517095,127.0104347,37.5161882,127.0119705,37.5166416,127.0112026,168.86287534852883,,,,218870940,,,,,잠원동
나루터로,주거지 도로,37.517095,127.0104347,37.5174556,127.0098483,37.517275299999994,127.0101415,65.44408558750817,,,,913695901,,,,,잠원동
잠원로3길,주거지 도로,37.5083279,127.0032639,37.5104907,127.0064589,37.5094093,127.0048614,382.5550383731138,,,,215040146,,,,,반포3동
신반포로23길,3차로,37.5083279,127.0032639,37.5120507,127.0052757,37.5101893,127.0042698,506.01867937575,,,,"[523344140, 828782199]",,"['2', '4']",,,반포3동
신반포로23길,3차로,37.5083279,127.0032639,37.5064906,127.0041808,37.507409249999995,127.00372235,219.73235114586052,,,,523344140,,4,,,반포3동
나루터로,3차로,37.515873,127.0187917,37.5157992,127.0185655,37.5158361,127.0186786,21.57225417505359,,,,494954975,,,,,잠원동
나루터로15길,주거지 도로,37.515873,127.0187917,37.5165238,127.0180668,37.5161984,127.01842925,96.56381964459896,,,,47073340,,,,,잠원동
나루터로,3차로,37.515873,127.0187917,37.5160595,127.0193796,37.51596625,127.01908565,55.84872490751352,,,,494954975,,,,,잠원동
성수일로,3차로,37.5441435,127.0495752,37.5457116,127.0501343,37.54492755,127.04985475,181.19851117874592,,,,37401071,,,,,성수2가3동
성수일로,3차로,37.5441435,127.0495752,37.5440048,127.049519,37.54407415,127.0495471,16.19914118995162,,,,37401071,,,,,성수1가1동
연무장길,주거지 도로,37.5441435,127.0495752,37.5440705,127.0498285,37.544107,127.04970185,23.761626171168764,,,,235572756,,,,,성수1가1동
상원길,주거지 도로,37.5441435,127.0495752,37.5444688,127.0494141,37.54430615,127.04949465,39.57354018296817,,,,919040207,,,,,성수1가2동
전농로38길,주거지 도로,37.585642,127.0524505,37.585956,127.0526813,37.585799,127.0525659,40.40632712274845,,,,215285418,,,True,,전농1동
전농로38가길,주거지 도로,37.585642,127.0524505,37.5856469,127.053297,37.58564445,127.05287375,74.59266710575614,,,,379739057,,,,,전농1동
전농로38길,주거지 도로,37.585956,127.0526813,37.5862428,127.0529394,37.5860994,127.05281035,39.290073474282416,,,,215285418,,,True,,전농1동
전농로38나길,주거지 도로,37.585956,127.0526813,37.5859436,127.0532932,37.5859498,127.05298725,53.93540988552285,,,,379739076,,,,,전농1동
전농로38길,주거지 도로,37.5862428,127.0529394,37.5865613,127.0535315,37.58640205,127.05323545,64.91835926763088,,,,215285418,,,True,,전농1동
전농로38다길,주거지 도로,37.5862428,127.0529394,37.5862357,127.0532858,37.586239250000006,127.0531126,30.535221853028865,,,,379739078,,,,,전농1동
전농로38길,주거지 도로,37.5865613,127.0535315,37.5865613,127.0536765,37.5865613,127.053604,12.776620457451,,,,215285418,,,True,,전농1동
전농로38라길,주거지 도로,37.5865613,127.0535315,37.5871362,127.0537974,37.58684875,127.05366445,81.92080001395412,,,,379739045,,,,,전농1동
전농로38길,주거지 도로,37.5865613,127.0536765,37.5865586,127.0541233,37.586559949999995,127.0538999,39.3707593752648,,,,215285418,,,True,,전농1동
전농로38다길,주거지 도로,37.5865613,127.0536765,37.5862316,127.0536896,37.586396449999995,127.05368305,36.67918951703911,,,,793089329,,,,,전농1동
전농로38길,주거지 도로,37.5865586,127.0541233,37.5868387,127.0546687,37.58669865,127.054396,57.703950906961296,,,,215285418,,,True,,전농1동
전농로38다길,주거지 도로,37.5865586,127.0541233,37.5862304,127.0541279,37.5863945,127.0541256,36.49648021996863,,,,793089328,,,,,전농1동
전농로38길,주거지 도로,37.5868387,127.0546687,37.5869805,127.0549083,37.5869096,127.0547885,26.3502637562807,,,,1270741585,,,True,,전농1동
서울시립대로29길,주거지 도로,37.5868387,127.0546687,37.587128,127.0543013,37.58698335,127.054485,45.687337222254875,,,,1270741584,,,,,전농1동
서울시립대로29길,주거지 도로,37.5868387,127.0546687,37.5861637,127.0551446,37.5865012,127.05490665,88.00385392395546,,,,1270741586,,,,,전농1동
전농로38길,주거지 도로,37.5869805,127.0549083,37.5871787,127.0552441,37.5870796,127.0550762,36.894469188098356,,,,1270741585,,,True,,휘경2동
망우로4길,주거지 도로,37.5869805,127.0549083,37.5867107,127.0551404,37.5868456,127.05502435,36.36452976490288,,,,379739071,,,,,휘경2동
망우로4길,주거지 도로,37.5869805,127.0549083,37.5876475,127.0549247,37.587314000000006,127.0549165,77.94463220484263,,,,379739071,,,,,휘경2동
청계천로,3차로,37.5682877,126.9888744,37.568306,126.9877648,37.56829685,126.9883196,97.81713980859163,,,,1212424791,,2,True,,종로1·2·3·4가동
종로16길,주거지 도로,37.5682877,126.9888744,37.5692327,126.9886766,37.5687602,126.9887755,106.51670661465072,,,,344663901,,,,,종로1·2·3·4가동
청계천로,3차로,37.5683253,126.9896122,37.5682877,126.9888744,37.5683065,126.9892433,65.16117848277842,,,,1212424791,,2,True,,종로1·2·3·4가동
수표로,3차로,37.5683253,126.9896122,37.5692323,126.9895131,37.5687788,126.98956265,101.33603034198212,,,,215843535,,,,,종로1·2·3·4가동
수표로,주거지 도로,37.5172739,126.9262908,37.5180669,126.9275402,37.5176704,126.9269155,141.13105757274894,,,,237392537,,,,,여의동
여의대방로65길,주거지 도로,37.5181496,126.9302441,37.5185852,126.9307243,37.5183674,126.9304842,69.57209778380107,,,,384826216,,,,,여의동
서림3길,주거지 도로,37.4715418,126.9414182,37.471815,126.9410679,37.4716784,126.94124305,43.34208650258188,,,,215946256,,,,,서림동
서림3길,주거지 도로,37.4715418,126.9414182,37.4721895,126.9421216,37.47186565,126.9417699,95.08082707599549,,,,215946229,,,,,서림동
"['서림3길', '서림11가길']",주거지 도로,37.4715418,126.9414182,37.4709068,126.9419211,37.4712243,126.94166965,87.39804719281648,,,,"[215946256, 215946213]",,,,,서림동
서림11길,주거지 도로,37.4727914,126.9421918,37.4726092,126.9416085,37.4727003,126.94190015,55.31919172467171,,,,215946243,,,,,서림동
복은길,주거지 도로,37.4751291,126.9429333,37.4751608,126.9431205,37.47514495,126.9430269,16.89159059868041,,,,173757300,,,,,서림동
복은14길,주거지 도로,37.4751291,126.9429333,37.4746205,126.9426651,37.474874799999995,126.9427992,61.30658349890032,,,,215946225,,,,,서림동
복은길,주거지 도로,37.4751291,126.9429333,37.4749632,126.9417182,37.47504615,126.94232575,108.80351739576744,,,,173757300,,,,,서림동
서림11가길,주거지 도로,37.471815,126.9410679,37.4713818,126.9405868,37.471598400000005,126.94082735,64.21017098245893,,,,215946255,,,,,서림동
서림3길,주거지 도로,37.471815,126.9410679,37.4715418,126.9414182,37.4716784,126.94124305,43.34208650258188,,,,215946256,,,,,서림동
서림3길,주거지 도로,37.471815,126.9410679,37.4720914,126.9407136,37.4719532,126.94089075,43.84318410048983,,,,215946256,,,,,서림동
복은14길,주거지 도로,37.4744214,126.9432154,37.4746205,126.9426651,37.47452095,126.94294025,53.3707461982619,,,,215946253,,,,,서림동
서림7길,주거지 도로,37.4722356,126.9427813,37.4721895,126.9421216,37.472212549999995,126.94245145,58.4444389989514,,,,215946241,,,,,서림동
복은6길,주거지 도로,37.4741291,126.938654,37.4744929,126.9382726,37.474311,126.9384633,52.62372289169709,,,,215946236,,,,,서림동
복은길,주거지 도로,37.4741291,126.938654,37.4746035,126.9390833,37.4743663,126.93886865,64.94537503933462,,,,215946260,,,,,서림동
복은6길,주거지 도로,37.4741291,126.938654,37.473941,126.9399469,37.47403505,126.93930045,128.22102081743404,,,,215946236,,,,,서림동
복은10길,주거지 도로,37.4746205,126.9426651,37.4743461,126.9425204,37.4744833,126.94259275,33.07619195613426,,,,215946214,,,,,서림동
복은14길,주거지 도로,37.4746205,126.9426651,37.4751291,126.9429333,37.474874799999995,126.9427992,61.30658349890032,,,,215946225,,,,,서림동
복은14길,주거지 도로,37.4746205,126.9426651,37.4744214,126.9432154,37.47452095,126.94294025,53.3707461982619,,,,215946253,,,,,서림동
복은14길,주거지 도로,37.4746205,126.9426651,37.4749632,126.9417182,37.47479185,126.94219165,91.83968137285856,,,,215946253,,,,,서림동
서림5길,주거지 도로,37.4730399,126.9392626,37.4727307,126.9390502,37.4728853,126.9391564,39.15903284232649,,,,215946216,,,,,서림동
서림길,주거지 도로,37.4730399,126.9392626,37.4731802,126.9388206,37.47311005,126.9390416,42.010056617257774,,,,215946259,,,,,서림동
서림5길,주거지 도로,37.4730399,126.9392626,37.4732956,126.9399472,37.47316775,126.9396049,68.66902143430758,,,,215946216,,,,,서림동
복은10길,주거지 도로,37.4738066,126.9422359,37.4740315,126.9423546,37.473919050000006,126.94229525,27.11299835225978,,,,215946261,,,,,서림동
"['복은8길', '복은10길']",주거지 도로,37.4738066,126.9422359,37.4740315,126.9423546,37.473919050000006,126.94229525,104.49336268471556,,,,"[215946258, 215946228, 215946247]",,,,,서림동
복은8길,주거지 도로,37.4738066,126.9422359,37.4744166,126.9406,37.4741116,126.94141795,159.50484256618935,,,,215946228,,,,,서림동
복은10길,주거지 도로,37.4740853,126.9423829,37.4743461,126.9425204,37.4742157,126.94245165,31.435900563435485,,,,215946214,,,,,서림동
복은10길,주거지 도로,37.4740853,126.9423829,37.4740315,126.9423546,37.4740584,126.94236875,6.482661946643002,,,,215946247,,,,,서림동
복은10길,주거지 도로,37.4740853,126.9423829,37.4746902,126.9407304,37.47438775,126.94155665,160.59332119833368,,,,215946247,,,,,서림동
복은길,주거지 도로,37.474838,126.9408008,37.4748801,126.9411094,37.47485905,126.9409551,27.632354303597666,,,,173757300,,,,,서림동
복은길,주거지 도로,37.474838,126.9408008,37.4747572,126.940209,37.4747976,126.9405049,52.991636843155625,,,,173757300,,,,,서림동
복은8길,주거지 도로,37.474838,126.9408008,37.4746902,126.9407304,37.4747641,126.9407656,17.56966864439494,,,,215946228,,,,,서림동
서림11길,주거지 도로,37.4726092,126.9416085,37.4727914,126.9421918,37.4727003,126.94190015,55.31919172467171,,,,215946243,,,,,서림동
서림7길,주거지 도로,37.4726092,126.9416085,37.4721895,126.9421216,37.47239935,126.94186505,65.736633157881,,,,215946241,,,,,서림동
서림7길,주거지 도로,37.4726092,126.9416085,37.4733152,126.9412581,37.4729622,126.9414333,84.37435536713735,,,,215946241,,,,,서림동
서림11길,주거지 도로,37.4726092,126.9416085,37.4720914,126.9407136,37.4723503,126.94116105,99.50288612519044,,,,215946243,,,,,서림동
서림길,주거지 도로,37.472631,126.9391011,37.472403,126.9392176,37.472517,126.93915935,27.357785190834573,,,,215946233,,,,,서림동
서림길,주거지 도로,37.472631,126.9391011,37.4727307,126.9390502,37.47268085,126.93907565,11.961595580735072,,,,215946233,,,,,서림동
서림7길,주거지 도로,37.472631,126.9391011,37.4729506,126.9401086,37.4727908,126.93960485,95.75025287833088,,,,215946241,,,,,서림동
복은6길,주거지 도로,37.473669,126.9414605,37.4735555,126.9421243,37.47361225,126.9417924,59.92324000693186,,,,215946236,,,,,서림동
복은6길,주거지 도로,37.473669,126.9414605,37.4733152,126.9412581,37.4734921,126.9413593,46.91432355498781,,,,215946231,,,,,서림동
복은6길,주거지 도로,37.473669,126.9414605,37.4737286,126.9404292,37.4736988,126.94094485,91.77473526735608,,,,215946236,,,,,서림동
복은길,주거지 도로,37.4749632,126.9417182,37.4748801,126.9411094,37.47492165,126.9414138,54.51338564402215,,,,173757300,,,,,서림동
복은길,주거지 도로,37.4749632,126.9417182,37.4751291,126.9429333,37.47504615,126.94232575,108.80351739576744,,,,173757300,,,,,서림동
복은14길,주거지 도로,37.4749632,126.9417182,37.4746205,126.9426651,37.47479185,126.94219165,91.83968137285856,,,,215946253,,,,,서림동
서림11가길,주거지 도로,37.4713818,126.9405868,37.471815,126.9410679,37.471598400000005,126.94082735,64.21017098245893,,,,215946255,,,,,서림동
서림길,주거지 도로,37.4731802,126.9388206,37.4734244,126.9386959,37.4733023,126.93875825,29.29901049549309,,,,215946233,,,,,서림동
서림길,주거지 도로,37.4731802,126.9388206,37.4730399,126.9392626,37.47311005,126.9390416,42.010056617257774,,,,215946259,,,,,서림동
서림길,주거지 도로,37.4731802,126.9388206,37.4727307,126.9390502,37.47295545,126.9389354,53.93297833662928,,,,215946233,,,,,서림동
서림3길,주거지 도로,37.4721895,126.9421216,37.4715418,126.9414182,37.47186565,126.9417699,95.0808270759955,,,,215946229,,,,,서림동
서림7길,주거지 도로,37.4721895,126.9421216,37.4722356,126.9427813,37.472212549999995,126.94245145,58.4444389989514,,,,215946241,,,,,서림동
서림7길,주거지 도로,37.4721895,126.9421216,37.4726092,126.9416085,37.47239935,126.94186505,65.736633157881,,,,215946241,,,,,서림동
서림길,주거지 도로,37.4715129,126.9399628,37.4707915,126.9409191,37.4711522,126.94044095,116.43478026935884,,,,215946233,,,,,서림동
서림길,주거지 도로,37.4715129,126.9399628,37.4718695,126.9394901,37.471691199999995,126.93972645,57.554469811735295,,,,215946233,,,,,서림동
서림11길,주거지 도로,37.4715129,126.9399628,37.4720914,126.9407136,37.47180215,126.9403382,92.34741561055228,,,,215946243,,,,,서림동
서림5길,주거지 도로,37.4727307,126.9390502,37.4730399,126.9392626,37.4728853,126.9391564,39.15903284232649,,,,215946216,,,,,서림동
서림길,주거지 도로,37.4727307,126.9390502,37.472631,126.9391011,37.47268085,126.93907565,11.961595580735072,,,,215946233,,,,,서림동
서림6길,주거지 도로,37.4727307,126.9390502,37.4723697,126.937977,37.4725502,126.9385136,111.14110129196077,,,,181200518,,,,,서림동
서림길,주거지 도로,37.4727307,126.9390502,37.4731802,126.9388206,37.47295545,126.9389354,53.93297833662928,,,,215946233,,,,,서림동
복은8길,주거지 도로,37.4744166,126.9406,37.4746902,126.9407304,37.4745534,126.9406652,32.52657371061634,,,,215946228,,,,,서림동
복은8길,주거지 도로,37.4744166,126.9406,37.4738066,126.9422359,37.4741116,126.94141795,159.50484256618932,,,,215946228,,,,,서림동
복은8길,주거지 도로,37.4744166,126.9406,37.473941,126.9399469,37.4741788,126.94027345,88.44095040758874,,,,215946249,,,,,서림동
복은10길,주거지 도로,37.4740315,126.9423546,37.4740853,126.9423829,37.4740584,126.94236875,6.482661946643002,,,,215946247,,,,,서림동
복은10길,주거지 도로,37.4740315,126.9423546,37.4738066,126.9422359,37.473919050000006,126.94229525,27.11299835225978,,,,215946261,,,,,서림동
"['복은8길', '복은10길']",주거지 도로,37.4740315,126.9423546,37.4738066,126.9422359,37.473919050000006,126.94229525,104.49336268471556,,,,"[215946258, 215946228, 215946247]",,,,,서림동
복은길,주거지 도로,37.4748801,126.9411094,37.4749632,126.9417182,37.47492165,126.9414138,54.51338564402215,,,,173757300,,,,,서림동
복은길,주거지 도로,37.4748801,126.9411094,37.474838,126.9408008,37.47485905,126.9409551,27.632354303597666,,,,173757300,,,,,서림동
복은12길,주거지 도로,37.4748801,126.9411094,37.4743461,126.9425204,37.4746131,126.9418149,137.94970824576754,,,,215946217,,,,,서림동
복은10길,주거지 도로,37.4743461,126.9425204,37.4740853,126.9423829,37.4742157,126.94245165,31.435900563435485,,,,215946214,,,,,서림동
복은10길,주거지 도로,37.4743461,126.9425204,37.4746205,126.9426651,37.4744833,126.94259275,33.07619195613426,,,,215946214,,,,,서림동
복은12길,주거지 도로,37.4743461,126.9425204,37.4748801,126.9411094,37.4746131,126.9418149,137.94970824576754,,,,215946217,,,,,서림동
"['서림3길', '서림11가길']",주거지 도로,37.4709068,126.9419211,37.4715418,126.9414182,37.4712243,126.94166965,87.39804719281648,,,,"[215946256, 215946213]",,,,,서림동
서림5길,주거지 도로,37.4737286,126.9404292,37.4732956,126.9399472,37.4735121,126.9401882,78.61497702623464,,,,215946216,,,,,서림동
복은6길,주거지 도로,37.4737286,126.9404292,37.473669,126.9414605,37.4736988,126.94094485,91.77473526735608,,,,215946236,,,,,서림동
복은6길,주거지 도로,37.4737286,126.9404292,37.473941,126.9399469,37.473834800000006,126.94018805,51.74275220032534,,,,215946236,,,,,서림동
서림3길,주거지 도로,37.4720914,126.9407136,37.471815,126.9410679,37.4719532,126.94089075,43.84318410048983,,,,215946256,,,,,서림동
서림11길,주거지 도로,37.4720914,126.9407136,37.4726092,126.9416085,37.4723503,126.94116105,99.50288612519044,,,,215946243,,,,,서림동
서림11길,주거지 도로,37.4720914,126.9407136,37.4715129,126.9399628,37.47180215,126.9403382,92.34741561055228,,,,215946243,,,,,서림동
서림3길,주거지 도로,37.4720914,126.9407136,37.4723409,126.9403938,37.472216149999994,126.9405537,39.575007586599064,,,,215946256,,,,,서림동
복은8길,주거지 도로,37.4746902,126.9407304,37.474838,126.9408008,37.4747641,126.9407656,17.56966864439494,,,,215946228,,,,,서림동
복은8길,주거지 도로,37.4746902,126.9407304,37.4744166,126.9406,37.4745534,126.9406652,32.52657371061634,,,,215946228,,,,,서림동
복은10길,주거지 도로,37.4746902,126.9407304,37.4740853,126.9423829,37.47438775,126.94155665,160.59332119833368,,,,215946247,,,,,서림동
복은6길,주거지 도로,37.4735555,126.9421243,37.473669,126.9414605,37.47361225,126.9417924,59.92324000693186,,,,215946236,,,,,서림동
서림7길,주거지 도로,37.4733152,126.9412581,37.4729506,126.9401086,37.4731329,126.94068335,109.2432708167102,,,,215946241,,,,,서림동
서림7길,주거지 도로,37.4733152,126.9412581,37.473669,126.9414605,37.4734921,126.9413593,46.91432355498781,,,,215946231,,,,,서림동
서림7길,주거지 도로,37.4733152,126.9412581,37.4726092,126.9416085,37.4729622,126.9414333,84.37435536713735,,,,215946241,,,,,서림동
복은6길,주거지 도로,37.473941,126.9399469,37.4737286,126.9404292,37.473834800000006,126.94018805,51.74275220032535,,,,215946236,,,,,서림동
복은6길,주거지 도로,37.473941,126.9399469,37.4741291,126.938654,37.47403505,126.93930045,128.22102081743404,,,,215946236,,,,,서림동
복은8길,주거지 도로,37.473941,126.9399469,37.4744166,126.9406,37.4741788,126.94027345,88.44095040758874,,,,215946249,,,,,서림동
서림7길,주거지 도로,37.4729506,126.9401086,37.4733152,126.9412581,37.4731329,126.94068335,109.2432708167102,,,,215946241,,,,,서림동
서림7길,주거지 도로,37.4729506,126.9401086,37.472631,126.9391011,37.4727908,126.93960485,95.75025287833088,,,,215946241,,,,,서림동
서림3길,주거지 도로,37.4729506,126.9401086,37.4732956,126.9399472,37.473123099999995,126.9400279,40.92113461847839,,,,215946256,,,,,서림동
서림3길,주거지 도로,37.4729506,126.9401086,37.4723409,126.9403938,37.47264575,126.9402512,72.31675226112901,,,,215946256,,,,,서림동
남현길,3차로,37.4734876,126.975907,37.4732987,126.9757038,37.47339315,126.9758054,27.618091950257156,,,,180126085,,,,,남현동
남현7길,주거지 도로,37.4734876,126.975907,37.4731218,126.9763098,37.4733047,126.9761084,54.01872562609616,,,,218695721,,,,,남현동
남현길,3차로,37.4734876,126.975907,37.4744135,126.9761778,37.47395055,126.9760424,105.72187319748156,,,,180126085,,,,,남현동
남부순환로256길,주거지 도로,37.4742835,126.9727503,37.473848,126.9732298,37.474065749999994,126.97299005,64.3083341462743,,,,216093171,,,,,남현동
남현2길,주거지 도로,37.4742835,126.9727503,37.4753078,126.9738345,37.47479565,126.9732924,148.7764839264301,,,,216093159,,,,,남현동
남부순환로256길,주거지 도로,37.4742835,126.9727503,37.4744977,126.9723938,37.4743906,126.97257205,39.723313074864315,,,,216093171,,,,,남현동
남현7길,주거지 도로,37.4736468,126.978719,37.4736044,126.9777386,37.4736256,126.9782288,86.65659546792219,,,,218695721,,,,,남현동
"['남현3길', '남부순환로272길', '남현7길']",주거지 도로,37.4736468,126.978719,37.4747682,126.978475,37.4742075,126.978597,161.26617389474907,,,,"[218695721, 239548894, 960622102]",,,,,남현동
남현7길,주거지 도로,37.4736468,126.978719,37.4731452,126.9785999,37.473395999999994,126.97865945,56.85457457537521,,,,218695982,,,,,남현동
남현7길,주거지 도로,37.4731218,126.9763098,37.4734876,126.975907,37.4733047,126.9761084,54.01872562609616,,,,218695721,,,,,남현동
남현7길,주거지 도로,37.4731218,126.9763098,37.4735755,126.977001,37.473348650000005,126.9766554,79.15679624085436,,,,218695721,,,,,남현동
승방길,주거지 도로,37.4731218,126.9763098,37.4718436,126.9777133,37.4724827,126.97701155,218.79816082838403,,,,218696609,,,,,남현동
남현2길,주거지 도로,37.4755935,126.9750212,37.4754264,126.9739485,37.47550995,126.97448485,96.46772506955254,,,,216093159,,,,,남현동
남부순환로262길,주거지 도로,37.4755935,126.9750212,37.4749954,126.9751624,37.47529445,126.9750918,67.66298302406149,,,,216093176,,,,,남현동
남현2길,주거지 도로,37.4755935,126.9750212,37.4758224,126.9763289,37.47570795,126.97567505,118.17847128878024,,,,216093159,,,,,남현동
남부순환로262길,주거지 도로,37.4755935,126.9750212,37.4762545,126.974846,37.475924000000006,126.9749336,75.12628270937269,,,,216093176,,,,,남현동
남부순환로266길,주거지 도로,37.4752253,126.9764897,37.4758224,126.9763289,37.47552385,126.9764093,67.89400023373818,,,,216093157,,,,,남현동
남현4길,주거지 도로,37.4752253,126.9764897,37.4750594,126.9768527,37.47514235,126.9766712,36.96541485786741,,,,216093161,,,,,남현동
남현4길,주거지 도로,37.4752253,126.9764897,37.4749954,126.9751624,37.475110349999994,126.97582605,120.01652222907695,,,,216093161,,,,,남현동
남부순환로256나길,주거지 도로,37.4734575,126.973618,37.4731012,126.9733223,37.47327935,126.97347015,47.44053145324978,,,,216093164,,,,,남현동
남부순환로256길,주거지 도로,37.4734575,126.973618,37.4731357,126.9740053,37.4732966,126.97381165,49.48306158634296,,,,216093171,,,,,남현동
남부순환로256길,주거지 도로,37.4734575,126.973618,37.473848,126.9732298,37.47365275,126.9734239,55.3086532368604,,,,216093171,,,,,남현동
남부순환로260길,주거지 도로,37.4756443,126.9736164,37.4744977,126.9723938,37.475071,126.9730051,167.02174488318468,,,,216093146,,,,,남현동
남부순환로260길,주거지 도로,37.4756443,126.9736164,37.4759804,126.9734511,37.47581235,126.97353375,40.31909638038144,,,,216093146,,,,,남현동
남부순환로260길,주거지 도로,37.4756443,126.9736164,37.4754264,126.9739485,37.47553535,126.97378245,38.03673717378523,,,,216093165,,,,,남현동
남부순환로256길,주거지 도로,37.4744977,126.9723938,37.4745202,126.9722119,37.47450895,126.97230285,16.24594965572213,,,,216093171,,,,,남현동
남부순환로256길,주거지 도로,37.4744977,126.9723938,37.4742141,126.9721155,37.4743559,126.97225465,39.970072800454986,,,,216093175,,,,,남현동
남부순환로260길,주거지 도로,37.4744977,126.9723938,37.4756443,126.9736164,37.475071,126.9730051,167.02174488318468,,,,216093146,,,,,남현동
남부순환로256길,주거지 도로,37.4744977,126.9723938,37.4742835,126.9727503,37.4743906,126.97257205,39.723313074864315,,,,216093171,,,,,남현동
승방길,주거지 도로,37.4712912,126.9774983,37.4718436,126.9777133,37.4715674,126.9776058,65.61106254018863,,,,216093141,,,,,남현동
남현6길,주거지 도로,37.4742945,126.9753909,37.4744135,126.9761778,37.474354,126.97578435,70.69125203426832,,,,216093149,,,,,남현동
남부순환로262길,주거지 도로,37.4742945,126.9753909,37.4749954,126.9751624,37.47464495,126.97527665,80.50293780293946,,,,216093176,,,,,남현동
남현6길,주거지 도로,37.4742945,126.9753909,37.4738636,126.9748869,37.47407905,126.9751389,65.3832793877601,,,,216093149,,,,,남현동
남현1길,주거지 도로,37.4758351,126.9810025,37.4758657,126.9799453,37.4758504,126.9804739,93.35518618621322,,,,180126062,,,,,남현동
남현1길,주거지 도로,37.4758351,126.9810025,37.475822,126.9815196,37.47582855,126.98126105,45.67812415498072,,,,180126062,,,,,남현동
"['승방2길', '남현3길']",주거지 도로,37.4758351,126.9810025,37.4747682,126.978475,37.47530165,126.97973875,277.81985499166063,,,,"[216093137, 700329599]",,,,,남현동
남현길,3차로,37.4750594,126.9768527,37.4748362,126.9767496,37.474947799999995,126.97680115,26.433835132207413,,,,180126085,,,,,남현동
남현길,3차로,37.4750594,126.9768527,37.4758856,126.9773802,37.475472499999995,126.97711645,102.98961761359074,,,,180126085,,,,,남현동
남현4길,주거지 도로,37.4750594,126.9768527,37.4752253,126.9764897,37.47514235,126.9766712,36.96541485786741,,,,216093161,,,,,남현동
남현길,3차로,37.4732987,126.9757038,37.4734876,126.975907,37.47339315,126.9758054,27.618091950257156,,,,180126085,,,,,남현동
남현길,3차로,37.4732987,126.9757038,37.4725458,126.974794,37.47292225,126.9752489,116.02533909290862,,,,180126085,,,,,남현동
남현8길,주거지 도로,37.4732987,126.9757038,37.4738636,126.9748869,37.47358115,126.97529535,95.61679957299444,,,,216093140,,,,,남현동
남부순환로256길,주거지 도로,37.473848,126.9732298,37.4734575,126.973618,37.47365275,126.9734239,55.3086532368604,,,,216093171,,,,,남현동
남부순환로256길,주거지 도로,37.473848,126.9732298,37.4742835,126.9727503,37.474065749999994,126.97299005,64.3083341462743,,,,216093171,,,,,남현동
남현4길,주거지 도로,37.473848,126.9732298,37.474872,126.9743303,37.47436,126.97378005,149.65601293972128,,,,216093161,,,,,남현동
남부순환로256길,주거지 도로,37.471679,126.9729283,37.4711504,126.9723845,37.4714147,126.9726564,75.8810480256979,,,,216093145,,,,,남현동
남부순환로256길,주거지 도로,37.471679,126.9729283,37.4721653,126.9734493,37.47192215,126.9731888,70.97902904342463,,,,216093145,,,,,남현동
남현12길,주거지 도로,37.471679,126.9729283,37.4712069,126.9736012,37.47144295,126.97326475,79.26029588194261,,,,216093177,,,,,남현동
남현12길,주거지 도로,37.471679,126.9729283,37.4720704,126.9723341,37.4718747,126.9726312,68.1487021793794,,,,216093177,,,,,남현동
남부순환로260길,주거지 도로,37.4729453,126.9727735,37.4728193,126.9730576,37.472882299999995,126.97291555,28.720703361441128,,,,216093142,,,,,남현동
남부순환로260길,주거지 도로,37.4729453,126.9727735,37.472184,126.9720969,37.472564649999995,126.9724352,103.59212633167816,,,,239548893,,,,,남현동
남부순환로260길,주거지 도로,37.4729453,126.9727735,37.4742945,126.9720047,37.4736199,126.9723891,177.8619313471533,,,,239548893,,,,,남현동
남현4길,주거지 도로,37.474872,126.9743303,37.4749954,126.9751624,37.474933699999994,126.97474635,74.70102235226038,,,,216093161,,,,,남현동
남현2길,주거지 도로,37.474872,126.9743303,37.4753078,126.9738345,37.4750899,126.9740824,65.35588821998951,,,,216093147,,,,,남현동
남현4길,주거지 도로,37.474872,126.9743303,37.473848,126.9732298,37.47436,126.97378005,149.65601293972128,,,,216093161,,,,,남현동
남부순환로256길,주거지 도로,37.4711504,126.9723845,37.471679,126.9729283,37.4714147,126.9726564,75.8810480256979,,,,216093145,,,,,남현동
남부순환로260길,주거지 도로,37.4711504,126.9723845,37.472184,126.9720969,37.4716672,126.9722407,138.17804750946337,,,,239548893,,,,,남현동
남현12길,주거지 도로,37.472184,126.9720969,37.472405,126.9716561,37.4722945,126.9718765,46.01232328226515,,,,216093177,,,,,남현동
남현12길,주거지 도로,37.472184,126.9720969,37.4720704,126.9723341,37.4721272,126.9722155,24.44886118672918,,,,216093177,,,,,남현동
남부순환로260길,주거지 도로,37.472184,126.9720969,37.4729453,126.9727735,37.472564649999995,126.9724352,103.59212633167816,,,,239548893,,,,,남현동
남부순환로260길,주거지 도로,37.472184,126.9720969,37.4711504,126.9723845,37.4716672,126.9722407,138.17804750946337,,,,239548893,,,,,남현동
남부순환로260길,주거지 도로,37.4728193,126.9730576,37.4729453,126.9727735,37.472882299999995,126.97291555,28.720703361441128,,,,216093142,,,,,남현동
남부순환로256나길,주거지 도로,37.4728193,126.9730576,37.4720704,126.9723341,37.47244485,126.97269585,104.93423989836649,,,,216093164,,,,,남현동
남부순환로256나길,주거지 도로,37.4728193,126.9730576,37.4731012,126.9733223,37.47296025,126.97318995,39.09259387371462,,,,216093164,,,,,남현동
남부순환로256길,주거지 도로,37.4729461,126.9742154,37.4721653,126.9734493,37.4725557,126.97383235,110.03967945069668,,,,216093145,,,,,남현동
남부순환로256길,주거지 도로,37.4729461,126.9742154,37.4725458,126.974794,37.47274595,126.9745047,67.73837349974393,,,,216093171,,,,,남현동
남부순환로256길,주거지 도로,37.4729461,126.9742154,37.4731357,126.9740053,37.4730409,126.97411035,28.07573939504175,,,,216093171,,,,,남현동
남부순환로256나길,주거지 도로,37.4720704,126.9723341,37.4728193,126.9730576,37.47244485,126.97269585,104.93423989836649,,,,216093164,,,,,남현동
남현12길,주거지 도로,37.4720704,126.9723341,37.472184,126.9720969,37.4721272,126.9722155,24.44886118672918,,,,216093177,,,,,남현동
남현12길,주거지 도로,37.4720704,126.9723341,37.471679,126.9729283,37.4718747,126.9726312,68.1487021793794,,,,216093177,,,,,남현동
남현7길,주거지 도로,37.4735755,126.977001,37.4731218,126.9763098,37.473348650000005,126.9766554,79.15679624085436,,,,218695721,,,,,남현동
남현7길,주거지 도로,37.4735755,126.977001,37.4735785,126.9774609,37.473577000000006,126.97723095,40.586717526436544,,,,218695721,,,,,남현동
남현3가길,주거지 도로,37.4735755,126.977001,37.4747667,126.9769868,37.47417110000001,126.9769939,132.48212342618984,,,,216094865,,,,,남현동
남현2길,주거지 도로,37.4754264,126.9739485,37.4753078,126.9738345,37.4753671,126.9738915,16.586774427479735,,,,216093159,,,,,남현동
남현2길,주거지 도로,37.4754264,126.9739485,37.4755935,126.9750212,37.47550995,126.97448485,96.46772506955254,,,,216093159,,,,,남현동
남부순환로260길,주거지 도로,37.4754264,126.9739485,37.4756443,126.9736164,37.47553535,126.97378245,38.03673717378523,,,,216093165,,,,,남현동
남부순환로256길,주거지 도로,37.4731357,126.9740053,37.4729461,126.9742154,37.4730409,126.97411035,28.07573939504175,,,,216093171,,,,,남현동
남부순환로256길,주거지 도로,37.4731357,126.9740053,37.4734575,126.973618,37.4732966,126.97381165,49.48306158634296,,,,216093171,,,,,남현동
남현6길,주거지 도로,37.4731357,126.9740053,37.4738636,126.9748869,37.47349965,126.9744461,112.2818638609702,,,,216093149,,,,,남현동
남부순환로260가길,주거지 도로,37.4742945,126.9720047,37.4742141,126.9721155,37.4742543,126.9720601,13.248800660032048,,,,216093153,,,,,남현동
남부순환로260길,주거지 도로,37.4742945,126.9720047,37.4745202,126.9722119,37.47440735,126.9721083,31.051258466428028,,,,239548893,,,,,남현동
남부순환로260길,주거지 도로,37.4742945,126.9720047,37.4729453,126.9727735,37.4736199,126.9723891,177.8619313471533,,,,239548893,,,,,남현동
남현2길,주거지 도로,37.4753078,126.9738345,37.4754264,126.9739485,37.4753671,126.9738915,16.586774427479735,,,,216093159,,,,,남현동
남현2길,주거지 도로,37.4753078,126.9738345,37.474872,126.9743303,37.4750899,126.9740824,65.35588821998951,,,,216093147,,,,,남현동
남현2길,주거지 도로,37.4753078,126.9738345,37.4742835,126.9727503,37.47479565,126.9732924,148.7764839264301,,,,216093159,,,,,남현동
남부순환로266길,주거지 도로,37.4758224,126.9763289,37.4752253,126.9764897,37.47552385,126.9764093,67.89400023373818,,,,216093157,,,,,남현동
남부순환로266길,주거지 도로,37.4758224,126.9763289,37.4764462,126.9761311,37.4761343,126.97623,71.5643562707165,,,,216093157,,,,,남현동
남현2길,주거지 도로,37.4758224,126.9763289,37.4755935,126.9750212,37.47570795,126.97567505,118.17847128878024,,,,216093159,,,,,남현동
남현2길,주거지 도로,37.4758224,126.9763289,37.4758856,126.9773802,37.475854,126.97685455,93.9621846248678,,,,216093159,,,,,남현동
남부순환로256길,주거지 도로,37.4745202,126.9722119,37.4744977,126.9723938,37.47450895,126.97230285,16.24594965572213,,,,216093171,,,,,남현동
남부순환로260길,주거지 도로,37.4745202,126.9722119,37.4742945,126.9720047,37.47440735,126.9721083,31.051258466428028,,,,239548893,,,,,남현동
남부순환로256길,주거지 도로,37.4745202,126.9722119,37.4754732,126.9716065,37.474996700000005,126.9719092,118.7488501033615,,,,216093171,,,,,남현동
남현4길,주거지 도로,37.4749954,126.9751624,37.474872,126.9743303,37.474933699999994,126.97474635,74.70102235226038,,,,216093161,,,,,남현동
남부순환로262길,주거지 도로,37.4749954,126.9751624,37.4755935,126.9750212,37.47529445,126.9750918,67.66298302406149,,,,216093176,,,,,남현동
남부순환로262길,주거지 도로,37.4749954,126.9751624,37.4742945,126.9753909,37.47464495,126.97527665,80.50293780293946,,,,216093176,,,,,남현동
남현4길,주거지 도로,37.4749954,126.9751624,37.4752253,126.9764897,37.475110349999994,126.97582605,120.01652222907695,,,,216093161,,,,,남현동
남현3길,주거지 도로,37.4747667,126.9769868,37.4748362,126.9767496,37.47480145,126.9768682,22.31315630250442,,,,216093137,,,,,남현동
남현3길,주거지 도로,37.4747667,126.9769868,37.4747744,126.9777284,37.47477055,126.9773576,65.45021828077665,,,,216093137,,,,,남현동
남현3가길,주거지 도로,37.4747667,126.9769868,37.4735755,126.977001,37.47417110000001,126.9769939,132.48212342618984,,,,216094865,,,,,남현동
남현8길,주거지 도로,37.4738636,126.9748869,37.4732987,126.9757038,37.47358115,126.97529535,95.61679957299444,,,,216093140,,,,,남현동
남현6길,주거지 도로,37.4738636,126.9748869,37.4731357,126.9740053,37.47349965,126.9744461,112.2818638609702,,,,216093149,,,,,남현동
남현6길,주거지 도로,37.4738636,126.9748869,37.4742945,126.9753909,37.47407905,126.9751389,65.3832793877601,,,,216093149,,,,,남현동
남현1길,주거지 도로,37.4758774,126.9783608,37.4758721,126.9777317,37.47587475,126.97804625,55.51836306974978,,,,180126062,,,,,남현동
남부순환로272길,주거지 도로,37.4758774,126.9783608,37.4765257,126.9783287,37.47620155,126.97834475,72.143405731571,,,,700329598,,,,,남현동
남현1길,주거지 도로,37.4758774,126.9783608,37.4758657,126.9799453,37.47587155,126.97915305,139.87192612216288,,,,180126062,,,,,남현동
남부순환로272길,주거지 도로,37.4758774,126.9783608,37.4747701,126.9783613,37.47532375,126.97836105,123.12732595872484,,,,251118728,,,True,,남현동
남부순환로260가길,주거지 도로,37.4731012,126.9733223,37.4742141,126.9721155,37.47365765,126.9727189,163.2654310515466,,,,216093153,,,,,남현동
남부순환로256나길,주거지 도로,37.4731012,126.9733223,37.4728193,126.9730576,37.47296025,126.97318995,39.09259387371462,,,,216093164,,,,,남현동
남부순환로256나길,주거지 도로,37.4731012,126.9733223,37.4734575,126.973618,37.47327935,126.97347015,47.44053145324978,,,,216093164,,,,,남현동
남부순환로260가길,주거지 도로,37.4742141,126.9721155,37.4742945,126.9720047,37.4742543,126.9720601,13.248800660032048,,,,216093153,,,,,남현동
남부순환로260가길,주거지 도로,37.4742141,126.9721155,37.4731012,126.9733223,37.47365765,126.9727189,163.2654310515466,,,,216093153,,,,,남현동
남부순환로260가길,주거지 도로,37.4742141,126.9721155,37.4744977,126.9723938,37.4743559,126.97225465,39.970072800454986,,,,216093175,,,,,남현동
남현3길,주거지 도로,37.4747701,126.9783613,37.4747682,126.978475,37.47476915,126.97841815,10.035884186926795,,,,216093137,,,,,남현동
남현3길,주거지 도로,37.4747701,126.9783613,37.4747744,126.9777284,37.47477225,126.97804485,55.85343842971731,,,,216093137,,,,,남현동
남현12길,주거지 도로,37.472405,126.9716561,37.472184,126.9720969,37.4722945,126.9718765,46.01232328226515,,,,216093177,,,,,남현동
승방10길,주거지 도로,37.4726487,126.9783098,37.4725718,126.9775491,37.47261025,126.97792945,67.67367106132818,,,,218695715,,,,,남현동
승방길,주거지 도로,37.4726487,126.9783098,37.4718436,126.9777133,37.47224615,126.97801155,105.34310474031324,,,,216093141,,,,,남현동
승방길,주거지 도로,37.4726487,126.9783098,37.4739644,126.9818427,37.47330655,126.98007625,348.103948018694,,,,"[1278208826, 216093141]",,,,,남현동
남현3길,주거지 도로,37.4747744,126.9777284,37.4747701,126.9783613,37.47477225,126.97804485,55.85343842971731,,,,216093137,,,,,남현동
남현3길,주거지 도로,37.4747744,126.9777284,37.4747667,126.9769868,37.47477055,126.9773576,65.45021828077665,,,,216093137,,,,,남현동
남현1가길,주거지 도로,37.4747744,126.9777284,37.4736044,126.9777386,37.4741894,126.9777335,130.11683033240658,,,,216094873,,,,,남현동
남현1가길,주거지 도로,37.4747744,126.9777284,37.4758721,126.9777317,37.47532325,126.97773005,122.06235316219214,,,,216094873,,,,,남현동
남현1길,주거지 도로,37.4758657,126.9799453,37.4758351,126.9810025,37.4758504,126.9804739,93.35518618621322,,,,180126062,,,,,남현동
남부순환로,주거지 도로,37.4758657,126.9799453,37.4765125,126.9799716,37.4761891,126.97995845,71.95841656578145,,,,216094862,,,,,남현동
남현1길,주거지 도로,37.4758657,126.9799453,37.4758774,126.9783608,37.47587155,126.97915305,139.87192612216285,,,,180126062,,,,,남현동
남현7길,주거지 도로,37.4736044,126.9777386,37.4735785,126.9774609,37.47359145,126.97759975,24.675162675310755,,,,218695721,,,,,남현동
남현1가길,주거지 도로,37.4736044,126.9777386,37.4747744,126.9777284,37.4741894,126.9777335,130.11683033240658,,,,216094873,,,,,남현동
남현7길,주거지 도로,37.4736044,126.9777386,37.4736468,126.978719,37.4736256,126.9782288,86.6565954679222,,,,218695721,,,,,남현동
승방10길,주거지 도로,37.4735785,126.9774609,37.4725718,126.9775491,37.47307515,126.977505,112.21037150274226,,,,218695715,,,,,남현동
남현7길,주거지 도로,37.4735785,126.9774609,37.4735755,126.977001,37.473577000000006,126.97723095,40.586717526436544,,,,218695721,,,,,남현동
남현7길,주거지 도로,37.4735785,126.9774609,37.4736044,126.9777386,37.47359145,126.97759975,24.675162675310755,,,,218695721,,,,,남현동
남현1길,주거지 도로,37.4758721,126.9777317,37.4758856,126.9773802,37.47587885,126.97755595,31.05458905036656,,,,180126062,,,,,남현동
남현1길,주거지 도로,37.4758721,126.9777317,37.4758774,126.9783608,37.47587475,126.97804625,55.51836306974978,,,,180126062,,,,,남현동
남현1가길,주거지 도로,37.4758721,126.9777317,37.4747744,126.9777284,37.47532325,126.97773005,122.06235316219214,,,,216094873,,,,,남현동
승방10길,주거지 도로,37.4725718,126.9775491,37.4726487,126.9783098,37.47261025,126.97792945,67.67367106132818,,,,218695715,,,,,남현동
승방10길,주거지 도로,37.4725718,126.9775491,37.4735785,126.9774609,37.47307515,126.977505,112.21037150274226,,,,218695715,,,,,남현동
승방10길,주거지 도로,37.4725718,126.9775491,37.4724061,126.9767538,37.47248895,126.97715145,80.77604223246959,,,,218695722,,,,,남현동
한천로78길,주거지 도로,37.612247,127.0643734,37.6114197,127.0632612,37.61183335,127.0638173,134.9013967084937,,,,216881807,,,,,석관동
한천로78길,주거지 도로,37.612247,127.0643734,37.6125617,127.0646252,37.612404350000006,127.0644993,41.432834608101075,,,,216881807,,,,,석관동
한천로76길,주거지 도로,37.612247,127.0643734,37.6116651,127.0646063,37.61195605,127.06448985,67.89875944946735,,,,379747469,,,,,석관동
한천로68길,주거지 도로,37.6092736,127.0659902,37.6084327,127.0660509,37.60885315,127.06602055,93.6567020168148,,,,216881810,,,,,석관동
한천로70길,주거지 도로,37.6092736,127.0659902,37.6092446,127.0656818,37.6092591,127.065836,27.35697683579675,,,,232490830,,,,,석관동
한천로68길,주거지 도로,37.6092736,127.0659902,37.6098305,127.0659763,37.609552050000005,127.06598325,61.93664593170221,,,,379747441,,,,,석관동
한천로76가길,주거지 도로,37.61133,127.0646755,37.6107871,127.0647616,37.61105855,127.06471855,60.845348731776575,,,,232490829,,,,,석관동
한천로76길,주거지 도로,37.61133,127.0646755,37.6116651,127.0646063,37.61149755,127.0646409,38.001542402908285,,,,379747469,,,,,석관동
한천로76길,주거지 도로,37.6153533,127.0611708,37.615394,127.0611863,37.61537365,127.06117855,4.727083480675079,,,,216881809,,,,,월계1동
한천로76길,주거지 도로,37.5412319,126.8637135,37.5411878,126.8635671,37.54120985,126.8636403,13.80791605648897,,,,217941402,,,,,목3동
등촌로5길,주거지 도로,37.5333003,126.8629576,37.5332339,126.8623807,37.5332671,126.86266915,51.4027261867695,,,,47569407,,,,,화곡4동
등촌로5길,주거지 도로,37.5333003,126.8629576,37.5333811,126.8636102,37.5333407,126.8632839,58.24185812179903,,,,47569407,,,,,화곡4동
곰달래로59길,주거지 도로,37.5333003,126.8629576,37.5344378,126.8628603,37.53386905,126.86290895,126.77505768733724,,,,464999421,,,,,화곡4동
곰달래로59길,주거지 도로,37.5333003,126.8629576,37.5322838,126.8630494,37.53279205,126.8630035,113.31928983357965,,,,801441269,,,,,화곡4동
등촌로13길,주거지 도로,37.5356022,126.8635596,37.535593,126.8634147,37.5355976,126.86348715,12.8174348239696,,,,517242930,,,,,목4동
목동중앙남로3길,주거지 도로,37.5356022,126.8635596,37.5356533,126.8642057,37.53562775,126.86388265,57.387444778779,,,,278156765,,,,,목4동
등촌로13가길,주거지 도로,37.5361852,126.8627142,37.5361687,126.8623824,37.53617695,126.8625483,29.31368353646959,,,,278156169,,,,,등촌2동
등촌로35길,주거지 도로,37.5361852,126.8627142,37.5355611,126.8627642,37.53587315,126.8627392,69.53675236705133,,,,334272669,,,,,등촌2동
등촌로35길,주거지 도로,37.5361852,126.8627142,37.5369483,126.8627817,37.53656675,126.86274795,85.06144443765085,,,,334272669,,,,,등촌2동
곰달래로60길,주거지 도로,37.5298321,126.8632414,37.5303613,126.8631969,37.5300967,126.86321915,58.97513264599616,,,,217941403,,,,,화곡4동
곰달래로60길,주거지 도로,37.5410069,126.8629665,37.5411878,126.8635671,37.54109735,126.8632668,56.645756157461264,,,,217941402,,,,,등촌2동
등촌로35길,주거지 도로,37.5410069,126.8629665,37.5384708,126.8629164,37.53973885,126.86294145,285.3602194716251,,,,334272669,,,,,등촌2동
등촌로35길,주거지 도로,37.5410069,126.8629665,37.5425622,126.8624199,37.54178455,126.8626932,204.49158080116985,,,,334272669,,,,,등촌2동
등촌로35길,주거지 도로,37.5425622,126.8624199,37.542538,126.8628185,37.5425501,126.8626192,35.24611670632455,,,,465059938,,,,,등촌2동
등촌로35길,주거지 도로,37.5425622,126.8624199,37.5410069,126.8629665,37.54178455,126.8626932,204.49158080116985,,,,334272669,,,,,등촌2동
등촌로35길,주거지 도로,37.5425622,126.8624199,37.542981,126.8625729,37.542771599999995,126.8624964,77.9028902160195,,,,334272669,,,,,등촌2동
목동동로18길,주거지 도로,37.5318965,126.8837198,37.5321264,126.883613,37.53201145,126.8836664,29.605078551314964,,,,1108073978,,,True,,목5동
곰달래로60길,주거지 도로,37.5314713,126.8631111,37.5318601,126.8630803,37.531665700000005,126.8630957,43.3178736799887,,,,217941403,,,,,화곡4동
곰달래로60길,주거지 도로,37.5314713,126.8631111,37.5303613,126.8631969,37.5309163,126.863154,123.65821478454114,,,,217941403,,,,,화곡4동
등촌로3길,주거지 도로,37.5314713,126.8631111,37.5315015,126.8637754,37.5314864,126.86344325,58.67400265439824,,,,255676901,,,,,화곡4동
등촌로3길,주거지 도로,37.5314713,126.8631111,37.531392,126.8625615,37.53143165,126.8628363,49.259290057623915,,,,255676901,,,,,화곡4동
삼양로173길,주거지 도로,37.6622862,127.0098237,37.6621217,127.0099079,37.66220395,127.0098658,19.736151794991503,,,,357284631,,,,,우이동
삼양로173길,주거지 도로,37.6622862,127.0098237,37.6622174,127.0096199,37.6622518,127.0097218,19.50258932680889,,,,855299915,,2,,,우이동
삼양로173길,주거지 도로,37.6622862,127.0098237,37.6624752,127.0101862,37.6623807,127.01000495,38.28692390318022,,,,855299915,,2,,,우이동
잠원로14길,3차로,37.5206485,127.0157332,37.5207988,127.0157871,37.52072365,127.01576015,17.37550536670161,,,,37400404,,,,,잠원동
잠원로14길,3차로,37.5206485,127.0157332,37.5204487,127.0156624,37.5205486,127.0156978,23.07754980255239,,,,37400404,,,,,잠원동
남현3길,주거지 도로,37.4747682,126.978475,37.4747701,126.9783613,37.47476915,126.97841815,10.035884186926795,,,,216093137,,,,,남현동
"['승방2길', '남현3길']",주거지 도로,37.4747682,126.978475,37.4758351,126.9810025,37.47530165,126.97973875,277.8198549916607,,,,"[216093137, 700329599]",,,,,남현동
"['남현3길', '남부순환로272길', '남현7길']",주거지 도로,37.4747682,126.978475,37.4736468,126.978719,37.4742075,126.978597,161.26617389474904,,,,"[218695721, 239548894, 960622102]",,,,,남현동
남현7길,주거지 도로,37.4731452,126.9785999,37.4736468,126.978719,37.473395999999994,126.97865945,56.85457457537521,,,,218695982,,,,,남현동
승방10길,주거지 도로,37.4724061,126.9767538,37.4725718,126.9775491,37.47248895,126.97715145,80.77604223246959,,,,218695722,,,,,남현동
동작대로21길,주거지 도로,37.4838527,126.9809407,37.4838828,126.9796176,37.48386775,126.98027915,116.793080948749,,,,156292574,,,,,사당1동
사당로30길,주거지 도로,37.4838527,126.9809407,37.4842458,126.9810402,37.48404925,126.98099045,44.58376327307448,,,,218699858,,,,,사당1동
사당로30길,주거지 도로,37.4838527,126.9809407,37.4834608,126.9809232,37.48365675,126.98093195,43.604702442343346,,,,218699858,,,,,사당1동
사당로30길,주거지 도로,37.4772694,126.9793203,37.4767826,126.9793184,37.477025999999995,126.97931935,54.13002642042969,,,,156290609,,,,,사당1동
동작대로1길,주거지 도로,37.4772694,126.9793203,37.4772555,126.9800003,37.47726245,126.9796603,60.02571842920488,,,,251118729,,,,,사당1동
동작대로1길,주거지 도로,37.4772694,126.9793203,37.4772891,126.9783606,37.477279249999995,126.97884045,84.71592675854534,,,,251118729,,,,,사당1동
동작대로3길,주거지 도로,37.4789297,126.9780116,37.4788555,126.9790043,37.4788926,126.97850795,87.98545628539472,,,,156291892,,,,,사당1동
사당로26길,주거지 도로,37.4789297,126.9780116,37.479128,126.9780206,37.479028850000006,126.9780161,22.064282410794313,,,,156291906,,,,,사당1동
사당로26길,주거지 도로,37.4789297,126.9780116,37.4784271,126.9779248,37.4786784,126.9779682,56.4090796981126,,,,156291906,,,,,사당1동
신반포로,주거지 도로,37.5052577,127.0018003,37.5057151,127.0016021,37.5054864,127.0017012,53.78169258607618,,,,131326713,,,,,반포3동
신반포로,주거지 도로,37.5056473,127.00302,37.5060886,127.0028273,37.505867949999995,127.00292365,51.93108784360019,,,,799014371,,,,,반포3동
신반포로23길,3차로,37.5060515,127.0043844,37.5060066,127.0044111,37.506029049999995,127.00439775,5.520292550707754,,,,215040171,,,,,반포3동
신반포로23길,3차로,37.5060515,127.0043844,37.5064906,127.0041808,37.506271049999995,127.0042826,52.02400943634531,,,,523344140,,4,,,반포3동
학동로2길,주거지 도로,37.5113059,127.0221892,37.5108464,127.0224033,37.51107615,127.02229625,54.47232243685264,,,,117792360,,,,,논현1동
학동로1길,주거지 도로,37.5114115,127.0221427,37.5122169,127.0217788,37.5118142,127.02196075,95.13460516144256,,,,805827659,,,True,,논현1동
학동로4길,주거지 도로,37.5114859,127.0228138,37.5110367,127.0230224,37.5112613,127.0229181,53.22987509409127,,,,417635420,,,,,논현1동
학동로4길,주거지 도로,37.5114859,127.0228138,37.5116071,127.0227501,37.511546499999994,127.02278195,14.60114615046256,,,,417635420,,,,,논현1동
학동로6길,주거지 도로,37.5116831,127.0234891,37.5104457,127.0247233,37.511064399999995,127.0241062,179.20532800641888,,,,417723812,,,,,논현1동
학동로7길,주거지 도로,37.5119823,127.0240127,37.5127032,127.023707,37.51234275,127.02385985,84.57387619782111,,,,117793350,,,,,논현1동
학동로12길,주거지 도로,37.5122095,127.0252212,37.5123346,127.0251568,37.51227205,127.025189,15.025554215785972,,,,908605485,,,,,논현1동
학동로12길,주거지 도로,37.5122095,127.0252212,37.511345,127.0256356,37.511777249999994,127.0254284,102.85138585969594,,,,417635421,,,True,,논현1동
학동로17길,주거지 도로,37.5128497,127.0268366,37.5127407,127.0269464,37.5127952,127.0268915,15.51423903074664,,,,920871175,,,,,논현1동
학동로17길,주거지 도로,37.5128497,127.0268366,37.5134495,127.0262447,37.5131496,127.02654065,84.7935929986738,,,,417635423,,,,,논현1동
학동로23길,주거지 도로,37.5134059,127.0285917,37.5132729,127.0286512,37.5133394,127.02862145,15.69248704847438,,,,417718812,,,,,논현1동
학동로23길,주거지 도로,37.5134059,127.0285917,37.5140474,127.0282807,37.51372665,127.0284362,76.4252328014866,,,,417718812,,,,,논현1동
학동로34길,주거지 도로,37.5145939,127.0330806,37.5147428,127.033003,37.51466835,127.0330418,17.91582762479799,,,,417671902,,,,,논현2동
학동로34길,주거지 도로,37.5145939,127.0330806,37.5140053,127.0333741,37.5142996,127.03322735,70.3828845629673,,,,417671902,,,,,논현2동
학동로37길,주거지 도로,37.5152134,127.034442,37.5159333,127.0344719,37.51557335,127.03445695,80.09276780095472,,,,375138532,,,,,논현2동
학동로44길,주거지 도로,37.5158441,127.0371204,37.5151498,127.0371855,37.51549695,127.03715295,77.43834062513773,,,,417666599,,,,,논현2동
학동로43길,주거지 도로,37.5160423,127.0371861,37.5168799,127.0374062,37.5164611,127.03729615,95.15916846251648,,,,417622699,,,,,논현2동
학동로47길,주거지 도로,37.5166066,127.0389982,37.5172348,127.0387531,37.5169207,127.03887565,73.12465725957708,,,,117785752,,,,,논현2동
학동로53길,주거지 도로,37.5170345,127.0404174,37.5176771,127.0401786,37.5173558,127.040298,74.49768449713983,,,,117785742,,,,,논현2동
학동로56길,주거지 도로,37.5173126,127.0422501,37.5166837,127.0424637,37.51699815,127.0423569,72.42368234478268,,,,475635716,,,,,삼성2동
학동로55길,주거지 도로,37.5174542,127.0421361,37.5180971,127.0419131,37.51777565,127.0420246,74.14347874256369,,,,46696320,,,,,청담동
학동로60길,주거지 도로,37.5175913,127.0437876,37.5177562,127.0437491,37.51767375,127.04376835,18.647820197360726,,,,475635713,,,,,청담동
학동로60길,주거지 도로,37.5175913,127.0437876,37.5169448,127.0439564,37.51726805,127.043872,73.41301173601141,,,,475635713,,,,,삼성2동
학동로59길,주거지 도로,37.5177562,127.0437491,37.5183951,127.0435647,37.51807565,127.0436569,72.88028843218758,,,,46696324,,,,,청담동
학동로60길,주거지 도로,37.5177562,127.0437491,37.5175913,127.0437876,37.51767375,127.04376835,18.647820197360726,,,,475635713,,,,,청담동
학동로64길,주거지 도로,37.5178233,127.0451228,37.5171905,127.0452941,37.5175069,127.04520845,71.96790957964828,,,,417652009,,,,,삼성2동
학동로68길,주거지 도로,37.5180693,127.0464621,37.5174165,127.0466448,37.5177429,127.04655345,74.35510552316539,,,,46717716,,,,,삼성2동
학동로68길,주거지 도로,37.5180693,127.0464621,37.5182287,127.0464207,37.518149,127.0464414,18.09667731782555,,,,46717716,,,,,청담동
학동로67길,주거지 도로,37.5182287,127.0464207,37.5189333,127.0466004,37.518581,127.04651055,79.93495799606727,,,,46653281,,,,,청담동
학동로68길,주거지 도로,37.5182287,127.0464207,37.5180693,127.0464621,37.518149,127.0464414,18.09667731782555,,,,46717716,,,,,청담동
학동로68길,주거지 도로,37.518344,127.0480249,37.5171116,127.0483532,37.5177278,127.04818905,140.06237371920156,,,,46717680,,,,,삼성2동
학동로73길,주거지 도로,37.518344,127.0480249,37.5185174,127.0479818,37.5184307,127.04800335,19.658019226116945,,,,"[46717680, 46696339]",,,,,청담동
학동로73길,주거지 도로,37.5185174,127.0479818,37.518344,127.0480249,37.5184307,127.04800335,19.658019226116945,,,,"[46717680, 46696339]",,,,,청담동
학동로73길,주거지 도로,37.5185174,127.0479818,37.5188785,127.0479542,37.51869795,127.047968,41.3639524985405,,,,46696339,,,,,청담동
학동로82길,주거지 도로,37.5189146,127.0511786,37.5183098,127.0514814,37.5186122,127.05133,72.35916739499662,,,,46620950,,,,,삼성1동
학동로82길,주거지 도로,37.5189146,127.0511786,37.5190683,127.0510921,37.51899145,127.05113535,18.71604970011291,,,,46620950,,,,,청담동
학동로88길,주거지 도로,37.5191853,127.0526479,37.5193402,127.0526061,37.51926275,127.052627,17.61421805014045,,,,46620936,,,,,청담동
학동로88길,주거지 도로,37.5191853,127.0526479,37.5185415,127.0528265,37.5188634,127.0527372,73.2998443143448,,,,46620936,,,,,삼성1동
도산대로38길,주거지 도로,37.5207959,127.0317891,37.5201056,127.0321312,37.52045075,127.03196015,82.47460520103121,,,,117785734,,,,,논현2동
도산대로45길,주거지 도로,37.5222427,127.0359504,37.5230382,127.035541,37.52264045,127.0357457,95.54049367597396,,,,117824446,,,,,압구정동
도산대로50길,주거지 도로,37.5225769,127.0374071,37.5218076,127.0374934,37.52219225,127.03745025,85.88028701231124,,,,117785738,,,,,논현2동
도산대로49길,주거지 도로,37.5226994,127.0373918,37.5235898,127.0372798,37.5231446,127.0373358,99.49956952988566,,,,417420131,,,,,압구정동
도산대로53길,주거지 도로,37.5229701,127.0382854,37.5239508,127.0384096,37.52346045,127.0383475,110.05852241105002,,,,117824452,,,,,압구정동
도산대로56길,주거지 도로,37.5232303,127.0399937,37.5225331,127.0402675,37.5228817,127.0401306,81.19856903117768,,,,46653305,,,,,청담동
도산대로55길,주거지 도로,37.5233802,127.040019,37.5241524,127.0402641,37.5237663,127.04014155,88.5436845432013,,,,46707751,,,,,청담동
도산대로58길,주거지 도로,37.5234122,127.0414005,37.5226819,127.0415477,37.52304705,127.0414741,82.23684267615874,,,,46653304,,,,,청담동
도산대로57길,주거지 도로,37.523557,127.0413711,37.5242666,127.0412592,37.52391179999999,127.04131515,79.52836046174987,,,,803282751,,,,,청담동
도산대로62길,주거지 도로,37.5235969,127.0430346,37.5228803,127.043146,37.5232386,127.0430903,80.40134516825158,,,,46653308,,,,,청담동
도산대로61길,주거지 도로,37.5237485,127.0430105,37.5244697,127.0428585,37.5241091,127.0429345,81.30649652377564,,,,803282747,,,,,청담동
도산대로67길,주거지 도로,37.5237893,127.0446624,37.5239385,127.0446373,37.523863899999995,127.04464985,16.7373242408965,,,,46708384,,,,,청담동
도산대로68길,주거지 도로,37.5237893,127.0446624,37.5230896,127.0448023,37.52343945,127.04473235,78.77535396889327,,,,46653299,,,,,청담동
도산대로72길,주거지 도로,37.5239304,127.0456089,37.5231774,127.0455887,37.5235539,127.0455988,85.3775515530777,,,,46653277,,,,,청담동
도산대로67길,주거지 도로,37.5239385,127.0446373,37.5237893,127.0446624,37.523863899999995,127.04464985,16.7373242408965,,,,46708384,,,,,청담동
도산대로67길,주거지 도로,37.5239385,127.0446373,37.5246804,127.04451,37.52430945,127.04457365,83.2559949640365,,,,46708384,,,,,청담동
도산대로78길,주거지 도로,37.524079,127.0469699,37.5233748,127.0471237,37.5237269,127.0470468,79.46960292733638,,,,46653279,,,,,청담동
도산대로75길,주거지 도로,37.5241581,127.0463997,37.5248622,127.0460563,37.52451015,127.046228,84.04524108802485,,,,46707755,,,,,청담동
삼성로148길,주거지 도로,37.5243419,127.0489333,37.5232453,127.0479557,37.523793600000005,127.0484445,149.33611305408405,,,,46696273,,,,,청담동
도산대로81길,주거지 도로,37.5243857,127.0482504,37.5250877,127.0478534,37.524736700000005,127.0480519,85.55078837286156,,,,46708382,,,,,청담동
도산대로90길,주거지 도로,37.52445,127.0498652,37.5233216,127.0488562,37.5238858,127.0493607,153.82208906821026,,,,803489809,,,,,청담동
"['도산대로90길', '도산대로89길']",주거지 도로,37.52445,127.0498652,37.5246219,127.050014,37.52453595,127.0499396,23.20552589067921,,,,"[803489809, 46677729]",,,,,청담동
도산대로85길,주거지 도로,37.5244523,127.0487011,37.5252222,127.0489834,37.52483725,127.04884225,89.1554631765865,,,,46677719,,,True,,청담동
도산대로92길,주거지 도로,37.5245125,127.0504103,37.5240923,127.050503,37.5243024,127.05045665,47.43395345748901,,,,46696269,,,,,청담동
도산대로102길,주거지 도로,37.5247992,127.0528381,37.5241015,127.052993,37.524450349999995,127.05291555,78.77427784963368,,,,803489803,,,,,청담동
도산대로101길,주거지 도로,37.5249361,127.0528057,37.5256734,127.0526658,37.52530475,127.05273575,82.9072325676839,,,,46677737,,,,,청담동
세검정로7나길,주거지 도로,37.6037272,126.9598973,37.6037267,126.9598989,37.60372695,126.9598981,0.1515197595545268,,,,218735432,,,,,부암동
세검정로7나길,주거지 도로,37.6037272,126.9598973,37.6037151,126.9594029,37.60372115,126.9596501,43.57460221677718,,,,218735436,,,,,부암동
세검정로7나길,주거지 도로,37.6037272,126.9598973,37.6037151,126.9594029,37.60372115,126.9596501,224.60801877935964,,,,218735432,,,,,부암동
세검정로7길,주거지 도로,37.6040404,126.9605557,37.6037293,126.9605303,37.60388485,126.960543,34.68925595240418,,,,218735433,,,,,부암동
세검정로7나길,주거지 도로,37.6037267,126.9598989,37.6037272,126.9598973,37.60372695,126.9598981,0.1515197595545268,,,,218735432,,,,,부암동
세검정로7길,주거지 도로,37.6037267,126.9598989,37.6037293,126.9605303,37.603728,126.9602146,55.6234914916209,,,,218735435,,,,,부암동
세검정로7나길,주거지 도로,37.6037267,126.9598989,37.6027319,126.9607009,37.6032293,126.9602999,145.75801932354673,,,,218735432,,,,,부암동
세검정로7길,주거지 도로,37.6018617,126.9610589,37.6022158,126.9608591,37.602038750000006,126.960959,44.47826939816797,,,,218735433,,,,,부암동
세검정로7나길,주거지 도로,37.6037151,126.9594029,37.6037272,126.9598973,37.60372115,126.9596501,43.57460221677718,,,,218735436,,,,,부암동
세검정로7나길,주거지 도로,37.6037151,126.9594029,37.6037272,126.9598973,37.60372115,126.9596501,224.60801877935967,,,,218735432,,,,,부암동
세검정로7나길,주거지 도로,37.6037151,126.9594029,37.6030637,126.9594558,37.6033894,126.95942935,72.63203710850736,,,,218735432,,,,,부암동
세검정로7나길,주거지 도로,37.6030637,126.9594558,37.6037151,126.9594029,37.6033894,126.95942935,72.63203710850736,,,,218735432,,,,,부암동
세검정로7나길,주거지 도로,37.6027319,126.9607009,37.6037267,126.9598989,37.6032293,126.9602999,145.75801932354676,,,,218735432,,,,,부암동
세검정로7길,주거지 도로,37.6027319,126.9607009,37.6022158,126.9608591,37.60247385,126.96078,62.70345130829038,,,,218735433,,,,,부암동
세검정로7길,주거지 도로,37.6027319,126.9607009,37.6037293,126.9605303,37.6032306,126.9606156,114.46688323068102,,,,218735433,,,,,부암동
세검정로7길,주거지 도로,37.6037293,126.9605303,37.6037267,126.9598989,37.603728,126.9602146,55.6234914916209,,,,218735435,,,,,부암동
세검정로7길,주거지 도로,37.6037293,126.9605303,37.6027319,126.9607009,37.6032306,126.9606156,114.46688323068106,,,,218735433,,,,,부암동
세검정로7길,주거지 도로,37.6037293,126.9605303,37.6040404,126.9605557,37.60388485,126.960543,34.68925595240418,,,,218735433,,,,,부암동
월계로55길,3차로,37.6314727,127.061114,37.6321403,127.0604029,37.6318065,127.06075845,97.11824007484424,,,,37401006,,,,,월계3동
월계로55길,주거지 도로,37.6314727,127.061114,37.630028,127.0601918,37.63075035,127.0606529,239.55965755130364,,,,"[469062848, 469401992, 380123678]",30.0,1,,,월계3동
신내로19길,3차로,37.6157797,127.0929797,37.61337,127.09126,37.61457485,127.09211985,307.79824172652764,,,,37400899,,,,,신내2동
신내로19길,3차로,37.6157797,127.0929797,37.6163876,127.093422,37.61608365,127.09320085,78.01825323912367,,,,37400899,,,,,신내2동
신내로17길,3차로,37.6157797,127.0929797,37.6170166,127.0901494,37.616398149999995,127.09156455,284.71458442660355,,,,218778502,,,,,신내2동
신내로17길,3차로,37.6157797,127.0929797,37.6146649,127.095451,37.6152223,127.09421535,250.541351240945,,,,218778502,,,,,신내2동
신내로17길,3차로,37.6144427,127.0959639,37.6146649,127.095451,37.6145538,127.09570745,51.49197306434496,,,,218778502,,,,,신내2동
신내로16길,3차로,37.6144427,127.0959639,37.6141679,127.096751,37.6143053,127.09635745,75.76428506690374,,,,239294188,,4,,,신내1동
신내로,3차로,37.6144427,127.0959639,37.6148656,127.0958034,37.61465415,127.09588365,49.12275570510681,,,,823280655,,8,,,신내1동
신내로,3차로,37.6144427,127.0959639,37.6138481,127.0961403,37.6141454,127.0960521,68.0678888143792,,,,823280655,,8,,,신내1동
신내로21길,3차로,37.6170166,127.0901494,37.6156703,127.0892078,37.61634345,127.0896786,171.14021183588457,,,,37400004,,,,,묵1동
신내로21길,3차로,37.6170166,127.0901494,37.6176506,127.0905949,37.617333599999995,127.09037215,80.682149076762,,,,37400004,,,,,묵1동
신내로17길,3차로,37.6170166,127.0901494,37.6157797,127.0929797,37.616398149999995,127.09156455,284.71458442660355,,,,218778502,,,,,신내2동
신내로17길,주거지 도로,37.6170166,127.0901494,37.6176561,127.088725,37.61733635,127.0894372,144.20948996227665,,,,611179005,,2,,,묵1동
진황도로,3차로,37.5349686,127.138919,37.5354809,127.1379524,37.53522475,127.1384357,102.5145992026532,,,,218837303,,,,,길동
진황도로,3차로,37.5349686,127.138919,37.5346338,127.1396139,37.5348012,127.13926645,71.71734619684945,,,,297326144,30.0,,,,길동
천호대로,주거지 도로,37.5336388,127.1398519,37.5324158,127.1394723,37.5330273,127.1396621,141.3793661912212,,,,382423929,,,,,둔촌2동
천호대로,,37.4991925,127.1127495,37.5010078,127.1111584,37.500100149999994,127.11195395,248.3262931174978,,,,"[1196805370, 1196805373]",,"['1', '2']",True,,가락1동
송파대로36길,주거지 도로,37.4996445,127.1124181,37.4998451,127.1126342,37.4997448,127.11252615,29.34898468583984,,,,169802945,,,,,송파2동
송파대로37길,주거지 도로,37.5003066,127.1114827,37.5001488,127.1111906,37.5002277,127.11133665,31.178674648858603,,,,369922258,30.0,2,,,석촌동
송파대로38길,주거지 도로,37.5004324,127.1117415,37.5005642,127.1119355,37.5004983,127.1118385,22.53438111436977,,,,169802935,,,,,송파2동
가락로,3차로,37.5019313,127.1100162,37.5020229,127.1102368,37.501977100000005,127.1101265,21.96454745535632,,,,1078761925,,,,,송파2동
가락로,3차로,37.5019313,127.1100162,37.5013482,127.1082357,37.50163975,127.10912595,169.9238359888502,,,,391710900,40.0,2,,,석촌동
가락로,,37.5019313,127.1100162,37.5000416,127.1117512,37.50098645,127.1108837,261.79583322280035,,,,"[1196805376, 1196805371, 1196805372]",,"['1', '2']",True,,석촌동
가락로,3차로,37.5020229,127.1102368,37.5019313,127.1100162,37.501977100000005,127.1101265,21.96454745535632,,,,1078761925,,,,,송파2동
가락로,3차로,37.5020229,127.1102368,37.5021434,127.1106424,37.50208315,127.1104396,38.59197551439608,,,,908111135,,2,,,송파2동
송파대로39길,주거지 도로,37.5028657,127.1091639,37.5027368,127.1087408,37.502801250000005,127.10895235,39.98072184371219,,,,682331325,,,,,석촌동
송파대로40길,주거지 도로,37.5029984,127.1093669,37.503192,127.1096724,37.5030952,127.10951965,34.49517375652052,,,,169796579,,,,,송파1동
송파대로42길,주거지 도로,37.5042943,127.1081987,37.5044991,127.1084756,37.5043967,127.10833715,33.40902524794645,,,,169796570,,,True,,송파1동
백제고분로,3차로,37.5052465,127.1070232,37.5053547,127.1072198,37.5053006,127.1071215,21.106996169219432,,,,522343763,,,,,송파1동
백제고분로,3차로,37.5052465,127.1070232,37.5049986,127.106557,37.50512255,127.1067901,49.507798243600575,,,,218901555,,3,True,,석촌동
백제고분로,3차로,37.5053547,127.1072198,37.5052465,127.1070232,37.5053006,127.1071215,21.106996169219432,,,,522343763,,,,,송파1동
송파대로44길,주거지 도로,37.5063535,127.1063512,37.5064981,127.1065655,37.5064258,127.10645835,24.828785814307555,,,,169794475,,,,,송파1동
송파대로45길,주거지 도로,37.5065682,127.1058612,37.5063935,127.1054888,37.50648085,127.105675,38.16503930584723,,,,169406162,,,,,석촌동
송파대로46길,주거지 도로,37.5075952,127.1051851,37.5077391,127.1054433,37.50766715,127.1053142,27.88652030483025,,,,169794474,,,True,,송파1동
송파대로47길,주거지 도로,37.5077397,127.1047473,37.5075887,127.1043895,37.5076642,127.1045684,35.7491761649739,,,,169406139,,,,,석촌동
송파대로49길,주거지 도로,37.5080695,127.1044664,37.5078959,127.1040969,37.5079827,127.10428165,37.88067944065901,,,,169406157,,,,,석촌동
올림픽로,주거지 도로,37.5524266,127.1283801,37.5525546,127.1278186,37.5524906,127.12809935,51.50464377273415,,,,186983895,,,,,암사2동
올림픽로100길,주거지 도로,37.5524266,127.1283801,37.5523004,127.129,37.5523635,127.12869005,56.420314057982,,,,381493306,,,,,암사1동
동남로79길,주거지 도로,37.5575411,127.1566952,37.557137,127.1524431,37.55733905,127.15456915,384.3294730152372,,,,419363589,,,,,고덕1동
명일로,3차로,37.5546599,127.1501693,37.5491541,127.1493435,37.551907,127.1497564,616.5646945059042,,,,516725218,,,,,명일1동
고덕로55길,주거지 도로,37.5562872,127.1489141,37.5574523,127.1488436,37.55686975,127.14887885,129.78102847915483,,,,37398879,,,,,고덕1동
양재대로156길,주거지 도로,37.5562872,127.1489141,37.557137,127.1524431,37.5567121,127.1506786,330.98247650376413,,,,37399583,,,,,고덕1동
양재대로156길,주거지 도로,37.5562872,127.1489141,37.5566105,127.144665,37.556448849999995,127.14678955,376.6416362390583,,,,37399583,,,,,고덕1동
고덕로55길,주거지 도로,37.5562872,127.1489141,37.5546849,127.1489524,37.55548605,127.14893325,178.20093993544864,,,,218853723,,,,,고덕1동
천중로,3차로,37.5454731,127.1258664,37.5455815,127.1252023,37.5455273,127.12553435,59.7770249791695,,,,481322512,,2,,,천호2동
고덕로55길,주거지 도로,37.5546849,127.1489524,37.5562872,127.1489141,37.55548605,127.14893325,178.20093993544864,,,,218853723,,,,,고덕1동
천호대로,주거지 도로,37.537151,127.1280582,37.5358805,127.1277097,37.53651575,127.12788395,144.57664463727045,,,,382451627,,,,,성내2동
천호대로164길,주거지 도로,37.5363416,127.1305043,37.5359603,127.1304406,37.53615095,127.13047245,42.769099256510025,,,,382451680,,,,,성내2동
천호대로170길,주거지 도로,37.535414,127.1335813,37.5349508,127.1333571,37.5351824,127.1334692,55.16913501109013,,,,382451619,,,,,성내2동
서운로,3차로,37.4919997,127.0265779,37.4885147,127.0282365,37.4902572,127.0274072,414.2604049869305,,,,218857635,,,,,서초2동
서운로,3차로,37.4919997,127.0265779,37.4935673,127.0258164,37.4927835,127.02619715,187.0421780222588,,,,"[218873827, 1056882877]",,,,,서초2동
테헤란로4길,주거지 도로,37.4984367,127.0294169,37.4968648,127.0302159,37.49765075,127.0298164,188.46648342101716,,,,417933646,,,,,역삼1동
테헤란로5길,주거지 도로,37.4987176,127.0298353,37.4992073,127.0296209,37.49896245,127.0297281,57.643687647314025,,,,129731858,,,,,역삼1동
테헤란로8길,주거지 도로,37.4989338,127.0310733,37.4990814,127.0310001,37.4990076,127.0310367,17.63708857298885,,,,417933642,,,,,역삼1동
테헤란로8길,주거지 도로,37.4989338,127.0310733,37.4973549,127.0318573,37.49814435,127.0314653,188.69951520053843,,,,417933642,,,,,역삼1동
테헤란로8길,주거지 도로,37.4990814,127.0310001,37.4989338,127.0310733,37.4990076,127.0310367,17.63708857298885,,,,417933642,,,,,역삼1동
테헤란로7길,주거지 도로,37.4990814,127.0310001,37.4995478,127.0307726,37.499314600000005,127.03088635,55.612065244748806,,,,417750336,,,,,역삼1동
강남대로61길,주거지 도로,37.4994695,127.0267729,37.4989723,127.0252056,37.4992209,127.02598925,148.90944445412185,,,,504509918,,3,,,서초4동
테헤란로14길,주거지 도로,37.4994654,127.0328273,37.4989206,127.0331056,37.499193,127.03296645,65.37138818558172,,,,176732663,,,,,역삼1동
테헤란로20길,주거지 도로,37.4998173,127.0339983,37.4992838,127.034267,37.499550549999995,127.03413265,64.28448263163601,,,,117823788,,,,,역삼1동
테헤란로19길,주거지 도로,37.4999818,127.0339114,37.5006318,127.0336239,37.5003068,127.03376765,76.59916280975892,,,,417750348,,,,,역삼1동
테헤란로26길,3차로,37.5003255,127.0356986,37.4998095,127.0359777,37.5000675,127.03583815,62.436302433373214,,,,210332891,,,,,역삼1동
테헤란로25길,3차로,37.5005054,127.0355884,37.5011212,127.0352706,37.5008133,127.0354295,73.9946036771328,,,,210332897,,,,,역삼1동
테헤란로28길,3차로,37.5011697,127.0384737,37.5008372,127.0386536,37.50100345,127.03856365,40.23448091933469,,,,210332892,,,,,역삼2동
강남대로102길,주거지 도로,37.5011915,127.0261977,37.5017209,127.0267333,37.5014562,127.0264655,75.54096635556245,,,,417750337,,,,,역삼1동
테헤란로27길,3차로,37.5013407,127.038371,37.5026135,127.0377267,37.501977100000005,127.03804885,152.54285886040108,,,,210332898,,,,,역삼1동
테헤란로34길,주거지 도로,37.5016084,127.0398822,37.5012806,127.0400408,37.501444500000005,127.0399615,39.049579332392554,,,,417927289,,,,,역삼2동
테헤란로33길,주거지 도로,37.5017994,127.039773,37.5026875,127.0393049,37.50224345,127.03953895,107.05468174092756,,,,239953210,,,,,역삼1동
테헤란로38길,주거지 도로,37.5020387,127.0412482,37.5014245,127.0415719,37.5017316,127.04141005,74.03428328475175,,,,117795635,,,,,역삼2동
테헤란로37길,주거지 도로,37.5022297,127.0411471,37.5031019,127.0407074,37.5026658,127.04092725,104.46753702542216,,,,210334210,,,,,역삼1동
테헤란로44길,주거지 도로,37.5029961,127.0444204,37.5025887,127.0446334,37.5027924,127.0445269,49.042997965673955,,,,130065883,,,,,역삼2동
테헤란로43길,주거지 도로,37.503186,127.0443191,37.5039275,127.0439312,37.50355675,127.04412515,89.26951808812115,,,,72465248,50.0,,,,역삼1동
테헤란로47길,주거지 도로,37.5035974,127.0456262,37.5043532,127.0452536,37.50397529999999,127.0454399,90.23984511913665,,,,72465268,,,,,역삼1동
테헤란로52길,주거지 도로,37.5038537,127.047284,37.5029825,127.0476773,37.503418100000005,127.04748065,102.91594390916568,,,,72509419,,,,,역삼2동
테헤란로51길,주거지 도로,37.5040792,127.0471884,37.5048128,127.0467862,37.504446,127.0469873,88.95456212898128,,,,72465265,,,,,역삼1동
테헤란로64길,주거지 도로,37.5049572,127.050874,37.5035345,127.0515452,37.50424585,127.0512096,169.1750662072355,,,,78061509,,,,,대치4동
테헤란로63길,3차로,37.5051715,127.0507387,37.5062344,127.0502438,37.50570295,127.05049125,126.023189346992,,,,72465246,,2,,,삼성2동
테헤란로70길,주거지 도로,37.5056088,127.0530185,37.5050892,127.0532922,37.505348999999995,127.05315535,62.61849025852431,,,,417920132,,,,,대치4동
테헤란로69길,3차로,37.5058282,127.0529047,37.5069777,127.0523129,37.50640295,127.0526088,138.09429133497753,,,,72465315,,2,,,삼성2동
강남대로118길,주거지 도로,37.5058716,127.023937,37.5063749,127.024524,37.50612325,127.0242305,76.24369904655734,,,,417726317,,,,,논현1동
테헤란로78길,주거지 도로,37.5062617,127.0551363,37.5057814,127.0553965,37.50602155,127.0552664,58.130126141512505,,,,78061501,,,,,대치4동
테헤란로77길,주거지 도로,37.5064628,127.0549768,37.5077756,127.0542417,37.507119200000005,127.05460925,159.7574869133463,,,,417734691,,,,,삼성2동
테헤란로82길,주거지 도로,37.5070024,127.0575855,37.5063706,127.0578917,37.5066865,127.0577386,75.26626966597576,,,,78061499,,,True,,대치2동
테헤란로82길,주거지 도로,37.5070024,127.0575855,37.5072284,127.0574738,37.5071154,127.05752965,26.992609816781297,,,,668205095,,,,,대치2동
강남대로122길,주거지 도로,37.5071882,127.023336,37.5076753,127.0239221,37.50743175,127.02362905,74.87598661385955,,,,117792390,,,,,논현1동
테헤란로84길,주거지 도로,37.5072002,127.0582175,37.5074164,127.0580833,37.5073083,127.0581504,26.796783216261968,,,,78061505,,,,,대치2동
테헤란로84길,주거지 도로,37.5072002,127.0582175,37.5065741,127.0585283,37.50688715,127.0583729,74.82271236556355,,,,78061505,,,,,대치2동
테헤란로88길,주거지 도로,37.5076197,127.0594947,37.5078464,127.0593745,37.50773305,127.0594346,27.346924800448612,,,,919185416,,,,,삼성1동
테헤란로88길,주거지 도로,37.5076197,127.0594947,37.5071832,127.0597025,37.50740145,127.0595986,51.88240277515545,,,,78061503,,,,,대치2동
테헤란로92길,주거지 도로,37.5080198,127.060809,37.5075827,127.0610285,37.50780125,127.06091875,52.31787006376008,,,,78061498,,,,,대치2동
테헤란로98길,주거지 도로,37.5084129,127.0620504,37.5086519,127.0619317,37.5085324,127.06199105,28.56375498290452,,,,78061502,,,,,삼성1동
테헤란로98길,주거지 도로,37.5084129,127.0620504,37.5079683,127.0622761,37.508190600000006,127.06216325,53.295347406669045,,,,78061502,,,,,대치2동
테헤란로98길,,37.5130541,127.0202796,37.511131,127.0212507,37.51209255,127.02076515,230.72797936792384,,,,767756200,,,True,,잠원동
역삼로,3차로,37.505264,127.0652484,37.5056743,127.0665073,37.50546915,127.06587785,120.0557369490071,,,,218877840,,,,,대치2동
중대로9길,주거지 도로,37.4933967,127.1204973,37.4938512,127.1200951,37.49362395,127.1202962,61.7512238839823,,,,155387334,,,,,가락본동
풍성로,3차로,37.5258787,127.147423,37.5262246,127.1461787,37.52605165,127.14680085,116.27574116084324,,,,218902465,,,,,둔촌2동
상일로11길,주거지 도로,37.553417,127.1652015,37.5534851,127.1669212,37.55345105000001,127.16606135,151.78883270758672,,,,37399111,,,,,상일1동
고덕로80길,주거지 도로,37.553417,127.1652015,37.5556998,127.1656184,37.554558400000005,127.16540995,262.486003087013,,,,901509129,,4,,,상일1동
고덕로80길,주거지 도로,37.553417,127.1652015,37.5505277,127.1652887,37.55197235,127.1652451,321.4008473374372,,,,901509130,,4,,,상일1동
사평대로56길,주거지 도로,37.5039472,127.0227946,37.5027062,127.0234219,37.5033267,127.02310825,148.67472596750872,,,,129731717,,,,,서초4동
사평대로55길,주거지 도로,37.5039472,127.0227946,37.5043539,127.0227046,37.50415055,127.0227496,46.05484466342852,,,,239954462,,,,,반포1동
한남대로40길,주거지 도로,37.5462368,127.0026729,37.5456273,127.0027467,37.545932050000005,127.0027098,71.82122148548191,,,,381743714,,,,,한남동
한남대로,주거지 도로,37.536578,127.0054139,37.5374502,127.00487,37.5370141,127.00514195,223.09393441848107,,,,420183937,,,,,한남동
한남대로,주거지 도로,37.478537,127.0561386,37.4786168,127.0562657,37.4785769,127.05620215,14.301267099591538,,,,813345856,,2,,,개포4동
언주로7길,3차로,37.478537,127.0561386,37.4758927,127.0538003,37.47721485,127.05496945,375.6577873478538,,,,183669514,,,,,개포4동
한천로,3차로,37.6229922,127.0508068,37.6238384,127.0499402,37.6234153,127.0503735,121.15543908249252,,,,219055002,,,,,장위3동
한천로,3차로,37.6229922,127.0508068,37.6228639,127.0509474,37.62292805,127.0508771,18.890828278212663,,,,219055002,,,,,장위3동
한천로101길,주거지 도로,37.6229922,127.0508068,37.6228637,127.0504281,37.622927950000005,127.05061745,36.28451021731311,,,,380253603,,,,,장위3동
매봉길,주거지 도로,37.5457625,127.0155413,37.5461613,127.0159333,37.5459619,127.0157373,60.98068620484912,,,,377333869,,,,,금호4가동
매봉길,주거지 도로,37.5457625,127.0155413,37.5453388,127.0153995,37.54555065,127.0154704,48.86639673620011,,,,1298272278,,,,,옥수동
"['동호로', '매봉길']",주거지 도로,37.5457625,127.0155413,37.5482228,127.0154626,37.54699265,127.01550195,330.2984440173934,,,,"[377333804, 779239892, 1298272278]",,,,,금호4가동
매봉길,3차로,37.5452176,127.0171037,37.5451654,127.0163509,37.5451915,127.0167273,66.62286686431989,,,,582849968,,,,,옥수동
테헤란로114길,3차로,37.5097523,127.0664924,37.5099964,127.0664228,37.50987435,127.0664576,27.828325107379246,,,,170335455,,,,,삼성1동
테헤란로114길,3차로,37.5097523,127.0664924,37.5085805,127.066924,37.5091664,127.0667082,135.75017308077693,,,,522435833,,,,,대치2동
동소문로34길,주거지 도로,37.6016799,127.0237648,37.6003683,127.0234708,37.6010241,127.0236178,159.69327144708592,,,,379553608,,,,,돈암1동
국제금융로8길,3차로,37.5194346,126.9265691,37.5198726,126.9272729,37.5196536,126.926921,78.89744328265868,,,,452574892,,2,True,,여의동
"['국제금융로8길', '여의동로3길']",3차로,37.5194346,126.9265691,37.5192838,126.9263411,37.5193592,126.9264551,26.18489715924657,,,,"[384826213, 452574893]",,,,,여의동
신월로,3차로,37.5170599,126.8394282,37.51671,126.83826,37.516884950000005,126.8388441,110.13316903155992,,,,219815613,,7,,,신월6동
신월로,3차로,37.5170599,126.8394282,37.5173133,126.840229,37.5171866,126.8398286,76.04109070508812,,,,517213074,,7,,,신월6동
충무로,주거지 도로,37.5643789,126.9928787,37.5639798,126.9934677,37.56417935,126.9931732,72.88991908703906,,,,381456465,,,,,을지로동
남부순환로105길,3차로,37.4818853,126.8868098,37.4825097,126.8861565,37.4821975,126.88648315,90.36220714076762,,,,"[37398158, 219684262]",,,True,,가리봉동
구로동로42길,주거지 도로,37.4955881,126.88266,37.4957477,126.8827182,37.4956679,126.8826891,18.474576609141423,,,,37398624,,,True,,구로2동
남부순환로120길,주거지 도로,37.4792539,126.9008822,37.4786407,126.9010457,37.4789473,126.90096395,69.6945078476093,,,,546538441,,,,,독산3동
목동서로2길,3차로,37.5421966,126.8799687,37.5383457,126.8831411,37.540271149999995,126.8815549,557.5594128869968,,,,37403280,,2,,,목5동
향기1로,주거지 도로,37.5918147,126.8858908,37.5910622,126.8854553,37.59143845,126.88567305,92.38370171632756,,,,1203475839,,,,,화전동
수색로24길,주거지 도로,37.5918147,126.8858908,37.5914768,126.8838707,37.59164575,126.88488075,189.61317779166308,,,,1203475840,,,,,수색동
수색로24길,주거지 도로,37.59128,126.8829315,37.5910473,126.8826953,37.59116365,126.8828134,33.407483433124895,,,,1205132944,,,,,수색동
수색로24길,주거지 도로,37.59128,126.8829315,37.5914608,126.8834101,37.5913704,126.8831708,46.92636762161547,,,,1205132949,,,True,,수색동
수색로24길,주거지 도로,37.5914768,126.8838707,37.5918147,126.8858908,37.59164575,126.88488075,189.61317779166308,,,,1203475840,,,,,수색동
수색로24길,주거지 도로,37.5914768,126.8838707,37.5915788,126.8835695,37.5915278,126.8837201,29.109361145836445,,,,1205132946,,,True,,수색동
수색로24길,주거지 도로,37.5909305,126.8825891,37.5910473,126.8826953,37.5909889,126.8826422,16.00733841988553,,,,1205132944,,,,,수색동
흑석로,3차로,37.5075828,126.9615342,37.5074181,126.9618267,37.50750045,126.96168045,31.639874719146043,,,,832887496,,,,,흑석동
흑석로,주거지 도로,37.5075828,126.9615342,37.5080571,126.9611921,37.50781995,126.96136315,64.42838779468289,,,,219745444,,2,True,,흑석동
흑석로,3차로,37.5075828,126.9615342,37.5077193,126.9610149,37.50765105,126.96127455,48.270709695259896,,,,521182513,,,,,흑석동
서달로,3차로,37.5080992,126.9630737,37.5086751,126.9638707,37.50838715,126.9634722,95.09472108953346,,,,219745443,,,,,흑석동
서달로14길,주거지 도로,37.5080992,126.9630737,37.5080831,126.9631765,37.50809115,126.9631251,9.24275820473522,,,,385515536,,,,,흑석동
서달로,3차로,37.5080992,126.9630737,37.5074181,126.9618267,37.50775865,126.9624502,133.6686228947735,,,,219745443,,,,,흑석동
서달로15길,주거지 도로,37.5080992,126.9630737,37.508897,126.9616846,37.5084981,126.96237915,151.86485871933715,,,,466511639,,,,,흑석동
흑석로,3차로,37.5080571,126.9611921,37.508897,126.9616846,37.50847705,126.96143835,103.8887821407352,,,,219745445,,3,,,흑석동
흑석로,3차로,37.5080571,126.9611921,37.5077193,126.9610149,37.5078882,126.9611035,40.69963380042737,,,,219745445,,3,,,흑석동
흑석로,3차로,37.5074181,126.9618267,37.5075828,126.9615342,37.50750045,126.96168045,31.639874719146043,,,,832887496,,,,,흑석동
서달로,3차로,37.5074181,126.9618267,37.5080992,126.9630737,37.50775865,126.9624502,133.6686228947735,,,,219745443,,,,,흑석동
서달로,3차로,37.5074181,126.9618267,37.5009689,126.9602943,37.5041935,126.9610605,752.3465905737812,,,,278046401,,,,,흑석동
목동중앙본로,3차로,37.5470416,126.8723973,37.54677,126.87192,37.546905800000005,126.87215865,53.07407248517653,,,,517043467,,,,,목2동
목동중앙본로,,37.5472235,126.8724764,37.5471377,126.8719976,37.5471806,126.872237,114.78709527961496,,,,"[1323563306, 1323563307]",,,True,,염창동
공항대로,주거지 도로,37.5492307,126.8683788,37.5496806,126.8687582,37.54945565,126.8685685,60.178006699218734,,,,278164460,,,,,염창동
공항대로55길,주거지 도로,37.5531537,126.8604643,37.5536691,126.8608126,37.5534114,126.86063845,65.01664936820804,,,,278165077,,,,,등촌1동
까치산로,3차로,37.5550307,126.8546992,37.5551657,126.8548067,37.5550982,126.85475295,17.752209514879326,,,,517242918,,2,,,등촌1동
까치산로,3차로,37.5550307,126.8546992,37.5545216,126.8543488,37.55477615,126.854524,64.48820578949278,,,,517242918,,2,,,화곡6동
까치산로,3차로,37.5551657,126.8548067,37.5550307,126.8546992,37.5550982,126.85475295,17.752209514879326,,,,517242918,,2,,,등촌1동
공항대로41길,3차로,37.5578883,126.8443413,37.5579455,126.8443972,37.5579169,126.84436925,8.045771749782885,,,,37399444,,,,,우장산동
공항대로42길,주거지 도로,37.5578883,126.8443413,37.5575085,126.8439911,37.5576984,126.8441662,52.48456669126378,,,,167956537,,,,,우장산동
공항대로7길,주거지 도로,37.5612563,126.8124407,37.5619268,126.8123662,37.56159155,126.81240345,74.85886830606566,,,,117940259,,,,,공항동
송정로,3차로,37.5613887,126.8098543,37.5603689,126.8099676,37.5608788,126.80991095,115.41044252940608,,,,37401492,,,,,공항동
오목로52길,주거지 도로,37.5236094,126.8692764,37.5239784,126.8686174,37.5237939,126.8689469,71.22237582681825,,,,37401307,,2,,,신정6동
오목로52길,주거지 도로,37.525516,126.8678393,37.5239784,126.8686174,37.5247472,126.86822835,303.3610935353595,,,,37401307,,2,,,목1동
오목로,주거지 도로,37.5260963,126.874322,37.5248174,126.8740141,37.52545685,126.87416805,144.77689283375645,,,,276210488,,,,,목1동
오목로,주거지 도로,37.5105772,126.84216,37.5106984,126.8423683,37.5106378,126.84226415,22.785779786655095,,,,919632648,,,,,신정3동
오목로,주거지 도로,37.5105772,126.84216,37.5103962,126.8415996,37.5104867,126.8418798,53.408173847641365,,,,465566861,,,,,신정3동
남부순환로,,37.5105772,126.84216,37.5091839,126.8428949,37.50988055,126.84252745,170.36036482802683,,,,919632647,,3,True,,신정3동
지양로,주거지 도로,37.5213486,126.8341867,37.5211726,126.8337013,37.521260600000005,126.833944,47.069643197115944,,,,48387189,,,,,신월7동
남부순환로70길,3차로,37.5213486,126.8341867,37.521516,126.8346265,37.5214323,126.8344066,43.02197970898913,,,,226508817,,,,,신월7동
지양로,3차로,37.5213486,126.8341867,37.5209849,126.8343934,37.521166750000006,126.83429005,44.360274219366765,,,,919637847,,3,,,신월7동
지양로,3차로,37.5213486,126.8341867,37.5223063,126.8336122,37.52182745,126.83389945,117.92995349738214,,,,919637847,,3,,,신월7동
지양로,3차로,37.519627,126.8358793,37.5189372,126.836846,37.5192821,126.83636265,114.6824622128616,,,,520484566,,2,,,신월7동
지양로,3차로,37.519627,126.8358793,37.5209849,126.8343934,37.52030595,126.83513635,202.01453195198164,,,,919637847,,3,,,신월7동
지양로2길,주거지 도로,37.5189759,126.8375744,37.5192443,126.8371963,37.5191101,126.83738535,44.75137819207934,,,,377211676,,,,,신월7동
지양로2길,주거지 도로,37.5189759,126.8375744,37.5182975,126.8381028,37.5186367,126.8378386,89.87882531494847,,,,377211676,,,,,신월7동
남부순환로74길,주거지 도로,37.5189759,126.8375744,37.5195907,126.8376339,37.5192833,126.83760415,78.22871626482069,,,,377211732,,,,,신월7동
남부순환로88길,주거지 도로,37.5121683,126.8414931,37.5119967,126.8409378,37.5120825,126.84121545,52.564500528508205,,,,517213088,,,,,신정3동
남부순환로,,37.5121683,126.8414931,37.5105772,126.84216,37.51137275,126.84182655,186.4449237674633,,,,624211593,,2,True,,신정3동
지양로5길,주거지 도로,37.5209849,126.8343934,37.52076,126.8338218,37.52087245,126.8341076,56.27282488778649,,,,48387179,,,,,신월7동
지양로,3차로,37.5209849,126.8343934,37.5213486,126.8341867,37.521166750000006,126.83429005,44.360274219366765,,,,919637847,,3,,,신월7동
지양로,3차로,37.5209849,126.8343934,37.519627,126.8358793,37.52030595,126.83513635,202.01453195198164,,,,919637847,,3,,,신월7동
남부순환로82길,주거지 도로,37.5154682,126.8388184,37.5155997,126.8392903,37.515533950000005,126.83905435,44.11473330104872,,,,250002688,,,,,신월6동
남부순환로82길,주거지 도로,37.5154682,126.8388184,37.5155502,126.837777,37.5155092,126.8382977,121.14108820964408,,,,250002688,,,,,신월6동
남부순환로,,37.506577,126.8439665,37.5058829,126.8444015,37.506229950000005,126.844184,86.19268480699357,,,,919647541,,1,True,,신정3동
고척로21길,주거지 도로,37.506577,126.8439665,37.5051046,126.8446532,37.5058408,126.84430985,174.60963732067165,,,,249665854,,,,,신정3동
남부순환로72길,주거지 도로,37.520735,126.8370258,37.5202431,126.8372203,37.52048905,126.83712305,57.32801414050579,,,,377211780,,,,,신월7동
남부순환로66길,주거지 도로,37.5223063,126.8336122,37.5226657,126.8339248,37.522486,126.8337685,48.549921861615246,,,,226508808,,,,,신월7동
지양로7길,주거지 도로,37.5223063,126.8336122,37.5219065,126.8332665,37.5221064,126.83343935,53.90556898391881,,,,226513707,,,,,신월7동
지양로,3차로,37.5223063,126.8336122,37.5213486,126.8341867,37.52182745,126.83389945,117.92995349738214,,,,919637847,,3,,,신월7동
지양로,3차로,37.5223063,126.8336122,37.5225128,126.8332292,37.52240955,126.8334207,40.842709499717905,,,,919711807,,2,,,신월7동
목동중앙로13가길,주거지 도로,37.5457842,126.881939,37.5456323,126.881537,37.54570825,126.881738,39.26054999028078,,,,204261531,,,,,목2동
목동중앙로13나길,주거지 도로,37.5466601,126.8808483,37.546541,126.8807376,37.546600549999994,126.88079295,16.45096343131834,,,,465029441,,,,,목2동
공항대로,주거지 도로,37.5488695,126.8781594,37.5480415,126.8776645,37.5484555,126.87791195,101.88422950713648,,,,204261532,,,,,염창동
문래로,3차로,37.5205599,126.8850259,37.5203995,126.8860981,37.5204797,126.885562,96.22766864557104,,,,267201430,,,,,문래동
문래로,3차로,37.5205599,126.8850259,37.5207489,126.8837788,37.5206544,126.88440235,111.9748373348173,,,,276687116,,,,,문래동
선유서로,3차로,37.5205599,126.8850259,37.5211142,126.8851649,37.52083705,126.8850954,62.84268911118481,,,,521566088,,,,,문래동
선유서로,3차로,37.5205599,126.8850259,37.5196774,126.8848088,37.52011865,126.88491735,99.9801399244762,,,,1234859461,,,,,문래동
선유로9길,주거지 도로,37.5179178,126.8843724,37.5177493,126.88545,37.51783355,126.8849112,96.86918072696548,,,,276687112,,,,,문래동
선유로9길,주거지 도로,37.5179178,126.8843724,37.5181254,126.8831258,37.5180216,126.8837491,112.34199815885204,,,,276687112,,,,,문래동
선유서로,3차로,37.5179178,126.8843724,37.5187576,126.8845806,37.5183377,126.8844765,95.16986216254,,,,1234859461,,,,,문래동
선유서로,3차로,37.5179178,126.8843724,37.5167781,126.8840899,37.51734795,126.88423115,129.15507568067778,,,,1234859461,,,,,문래동
문래로,3차로,37.5198752,126.8894734,37.5200554,126.8883132,37.5199653,126.8888933,104.26545599044672,,,,267201430,,,,,문래동
문래로,3차로,37.5198752,126.8894734,37.5196736,126.8907712,37.5197744,126.8901223,116.63228699753944,,,,267201430,,,,,문래동
곰달래로,3차로,37.5323637,126.8636932,37.5323855,126.8638686,37.5323746,126.8637809,15.655355935042238,,,,278180101,,3,,,목4동
곰달래로,3차로,37.5323637,126.8636932,37.5322838,126.8630494,37.53232375,126.8633713,57.46051436061946,,,,278180101,,3,,,화곡4동
등촌로5길,주거지 도로,37.5333811,126.8636102,37.5333003,126.8629576,37.5333407,126.8632839,58.24185812179903,,,,47569407,,,,,화곡4동
등촌로13길,주거지 도로,37.535593,126.8634147,37.5356022,126.8635596,37.5355976,126.86348715,12.8174348239696,,,,517242930,,,,,목4동
등촌로13길,주거지 도로,37.535593,126.8634147,37.5355611,126.8627642,37.53557705,126.86308945,57.4673758292056,,,,517242930,,,,,등촌2동
등촌로13길,주거지 도로,37.5411878,126.8635671,37.5412319,126.8637135,37.54120985,126.8636403,13.80791605648897,,,,217941402,,,,,목3동
등촌로13길,주거지 도로,37.5411878,126.8635671,37.5410069,126.8629665,37.54109735,126.8632668,56.645756157461264,,,,217941402,,,,,등촌2동
등촌로57길,주거지 도로,37.5506575,126.8640088,37.5508997,126.8634531,37.5507786,126.86373095,55.90355953586911,,,,278159564,,,,,등촌2동
상도로,주거지 도로,37.5041302,126.9469514,37.5040254,126.945569,37.504077800000005,126.9462602,124.2414469808996,,,,171985385,,,,,상도2동
가산디지털2로,3차로,37.4793981,126.8793016,37.4788178,126.8772597,37.47910795,126.87828065,191.3863657383094,,,,219874424,,,,,가산동
가산디지털1로,3차로,37.4793981,126.8793016,37.4800822,126.8817182,37.47974015,126.8805099,226.4045211912455,,,,219874428,,,,,가산동
가산디지털1로,3차로,37.4800822,126.8817182,37.4793981,126.8793016,37.47974015,126.8805099,226.4045211912455,,,,219874428,,,,,가산동
가산디지털2로,3차로,37.4786218,126.8765939,37.4788178,126.8772597,37.4787198,126.8769268,62.66370671226664,,,,219874424,,,,,가산동
서부샛길,주거지 도로,37.4786218,126.8765939,37.4821847,126.8749264,37.480403249999995,126.87576015,422.62475453296736,,,,168384655,,,,,가산동
서부샛길,주거지 도로,37.4786218,126.8765939,37.4782533,126.8767946,37.478437549999995,126.87669425,44.653705346147696,,,,313320265,,,,,가산동
남부순환로17길,3차로,37.5472103,126.8210711,37.5472364,126.8211616,37.54722335,126.82111635,8.490026441710038,,,,517261833,,,,,발산1동
송정로,3차로,37.5550041,126.8122921,37.5551375,126.8124485,37.5550708,126.8123703,20.2511878039926,,,,37401492,,,,,공항동
송정로,3차로,37.5551375,126.8124485,37.5550041,126.8122921,37.5550708,126.8123703,20.2511878039926,,,,37401492,,,,,공항동
송정로,3차로,37.5551375,126.8124485,37.555366,126.8124565,37.55525175,126.8124525,25.821510572536475,,,,37401492,,,,,공항동
남부순환로5길,주거지 도로,37.5577068,126.8090216,37.5584372,126.8092569,37.558072,126.80913925,89.02290256681297,,,,465313121,,,,,공항동
당산로42길,3차로,37.5307987,126.8995958,37.5293345,126.9026419,37.5300666,126.90111885,314.3333551581635,,,,464781130,,,,,당산2동
당산로41길,3차로,37.5308945,126.899418,37.5317625,126.897655,37.5313285,126.8985365,182.9858151543556,,,,37399962,,,,,당산2동
당산로52길,주거지 도로,37.5355234,126.9033539,37.5351452,126.903974,37.5353343,126.90366395,68.97943082684448,,,,267201431,,,,,당산2동
진관2로,3차로,37.6344794,126.9169866,37.6344818,126.9170337,37.6344806,126.91701015,4.1561023962585555,,,,517706839,40.0,2,,,진관동
통일로,주거지 도로,37.6344794,126.9169866,37.634736,126.9123518,37.6346077,126.9146692,435.1461832089599,,,,468619152,,,,,진관동
통일로,주거지 도로,37.6286966,126.9192717,37.6286862,126.9176193,37.628691399999994,126.9184455,145.73963995026182,,,,379004040,,,,,진관동
가좌로,주거지 도로,37.5815592,126.9268901,37.5817903,126.9271421,37.581674750000005,126.9270161,34.505611501378624,,,,462886795,,,,,홍은2동
거북골로,3차로,37.5815592,126.9268901,37.5812684,126.926469,37.5814138,126.92667955,49.21954002451445,,,,480185242,,,,,홍은2동
응암로1길,주거지 도로,37.5808381,126.912048,37.5811157,126.9114869,37.5809769,126.91176745,58.28901247021686,,,,220059760,,,,,북가좌2동
증가로25길,주거지 도로,37.5808381,126.912048,37.5812173,126.9130929,37.5810277,126.91257045,101.27302695196808,,,,377770290,,,,,북가좌2동
응암로2길,주거지 도로,37.5808381,126.912048,37.5804316,126.9123041,37.58063485,126.91217605,50.75979811162277,,,,377770287,,,,,북가좌2동
개화동로25길,주거지 도로,37.5660339,126.805941,37.5660528,126.8062493,37.56604335,126.80609515,27.370628773719716,,,,117940244,,,,,방화2동
개화동로25길,3차로,37.5718245,126.8030915,37.5720755,126.8027802,37.57195,126.80293585,39.20617501364325,,,,220313348,,,,,방화2동
방화동로,3차로,37.5616913,126.8080628,37.5615634,126.8080486,37.561627349999995,126.8080557,14.276822866573276,,,,517948105,,,,,공항동
방화동로,3차로,37.5616913,126.8080628,37.5620481,126.8082811,37.5618697,126.80817195,45.30580542130789,,,,220315371,,,,,공항동
방화동로,3차로,37.5615634,126.8080486,37.5616913,126.8080628,37.561627349999995,126.8080557,14.276822866573276,,,,517948105,,,,,공항동
방화동로,3차로,37.5666043,126.8126401,37.566169,126.8124782,37.56638665,126.81255915,50.46279666762192,,,,37400676,,,,,방화2동
방화동로,3차로,37.5666043,126.8126401,37.5676691,126.8127908,37.567136700000006,126.81271545,119.14321166845332,,,,37400676,,,,,방화1동
방화동로12길,주거지 도로,37.5666043,126.8126401,37.5666001,126.813097,37.566602200000005,126.81286855,40.27327638198374,,,,117940273,,,,,방화1동
개화동로29길,주거지 도로,37.5633548,126.8102065,37.5637568,126.8097741,37.5635558,126.8099903,58.74260177024152,,,,117940227,,,,,방화2동
방화동로,3차로,37.5633548,126.8102065,37.5629461,126.8096696,37.563150449999995,126.80993805,65.6110650970742,,,,220315371,,,,,공항동
방화동로,3차로,37.5633548,126.8102065,37.5635376,126.8104446,37.5634462,126.81032555,29.216478759073187,,,,220315371,,,,,공항동
방화동로,3차로,37.5652628,126.8119269,37.5647976,126.8115634,37.565030199999995,126.81174515,60.84631493657654,,,,220315371,,,,,방화1동
금낭화로,3차로,37.5652628,126.8119269,37.565504,126.8118643,37.5653834,126.8118956,27.451259674459216,,,,37399505,,,,,방화2동
방화동로,3차로,37.5652628,126.8119269,37.566169,126.8124782,37.5657159,126.81220255,112.3953901247461,,,,37400676,,,,,방화2동
방화동로,3차로,37.5682029,126.8128236,37.5676691,126.8127908,37.567936,126.8128072,59.42629304101579,,,,37400676,,,,,방화1동
방화동로,3차로,37.5682029,126.8128236,37.5684897,126.8128345,37.5683463,126.81282905,31.905216670133647,,,,37400676,,,,,방화2동
방화대로33길,주거지 도로,37.5682029,126.8128236,37.5682435,126.8143057,37.568223200000006,126.81356465,133.7232604216412,,,,117940245,,,,,방화1동
방화동로,3차로,37.5676691,126.8127908,37.5682029,126.8128236,37.567936,126.8128072,59.42629304101579,,,,37400676,,,,,방화1동
방화동로,3차로,37.5676691,126.8127908,37.5666043,126.8126401,37.567136700000006,126.81271545,119.14321166845332,,,,37400676,,,,,방화1동
초원로,3차로,37.5676691,126.8127908,37.5677932,126.8117548,37.56773115,126.8122728,92.34667028507177,,,,226575485,,,,,방화2동
초원로,3차로,37.5676691,126.8127908,37.5675567,126.8139233,37.5676129,126.81335705,101.02872674633996,,,,226575485,,,,,방화1동
사임당로19길,주거지 도로,37.4899552,127.0198293,37.4910467,127.0193089,37.49050095,127.0195691,129.76375499932095,,,,220411680,,,,,서초1동
서리풀길,주거지 도로,37.4899552,127.0198293,37.4895498,127.0200072,37.489752499999994,127.01991825,47.73352446745185,,,,260064614,,,,,서초1동
사임당로19길,주거지 도로,37.4914249,127.0188047,37.4915647,127.0191917,37.4914948,127.0189982,37.51603292799764,,,,220411672,,,,,서초1동
사임당로19길,주거지 도로,37.4914249,127.0188047,37.4909645,127.0190704,37.491194699999994,127.01893755,56.30609230044407,,,,220411672,,,,,서초1동
사임당로19길,주거지 도로,37.4914249,127.0188047,37.4917528,127.0183157,37.49158885,127.0185602,56.69282153309795,,,,220411672,,,,,서초1동
사임당로19길,주거지 도로,37.4915647,127.0191917,37.4916836,127.0195294,37.49162415,127.01936055,32.595902631847856,,,,220411672,,,,,서초1동
사임당로19길,주거지 도로,37.4915647,127.0191917,37.4914249,127.0188047,37.4914948,127.0189982,37.51603292799764,,,,220411672,,,,,서초1동
사임당로19길,주거지 도로,37.4915647,127.0191917,37.4922546,127.0185565,37.49190965,127.0188741,95.00320733353615,,,,220411673,,,,,서초1동
사임당로19길,주거지 도로,37.4917226,127.0195846,37.4917493,127.0197762,37.491735950000006,127.0196804,17.16298201488165,,,,220411672,,,,,서초1동
사임당로19길,주거지 도로,37.4917226,127.0195846,37.4916836,127.0195294,37.4917031,127.019557,6.521060478474727,,,,220411672,,,,,서초1동
사임당로19길,주거지 도로,37.4917226,127.0195846,37.4924518,127.0188992,37.4920872,127.0192419,101.14933416809076,,,,220411674,,,,,서초1동
사임당로19길,주거지 도로,37.4920042,127.0199019,37.4922497,127.0200196,37.49212695,127.01996075,29.206755903315305,,,,220411672,,,,,서초1동
사임당로19길,주거지 도로,37.4920042,127.0199019,37.4917493,127.0197762,37.49187675,127.01983905,31.409545109679144,,,,220411672,,,,,서초1동
사임당로19길,주거지 도로,37.4920042,127.0199019,37.4926597,127.0192396,37.49233194999999,127.01957075,94.42611266417788,,,,220411675,,,,,서초1동
사임당로19길,주거지 도로,37.4923439,127.0200648,37.4927184,127.020242,37.492531150000005,127.0201534,44.48047441226353,,,,220411672,,,,,서초1동
사임당로19길,주거지 도로,37.4923439,127.0200648,37.4922497,127.0200196,37.492296800000005,127.0200422,11.20800891724833,,,,220411672,,,,,서초1동
사임당로19길,주거지 도로,37.4923439,127.0200648,37.4928613,127.019576,37.4926026,127.0198204,71.900713797599,,,,220411676,,,,,서초1동
사임당로19길,주거지 도로,37.4927184,127.020242,37.4923439,127.0200648,37.492531150000005,127.0201534,44.48047441226353,,,,220411672,,,,,서초1동
사임당로19길,주거지 도로,37.4927184,127.020242,37.493052,127.0198977,37.4928852,127.02006985,99.60514528986968,,,,220411672,,,,,서초1동
사임당로19길,주거지 도로,37.4927184,127.020242,37.493052,127.0198977,37.4928852,127.02006985,48.0282123750984,,,,220411677,,,,,서초1동
사임당로19길,주거지 도로,37.493052,127.0198977,37.4928613,127.019576,37.49295665,127.01973685,35.42866792531078,,,,220411672,,,,,서초1동
사임당로19길,주거지 도로,37.493052,127.0198977,37.4927184,127.020242,37.4928852,127.02006985,99.60514528986968,,,,220411672,,,,,서초1동
사임당로19길,주거지 도로,37.493052,127.0198977,37.4927184,127.020242,37.4928852,127.02006985,48.0282123750984,,,,220411677,,,,,서초1동
사임당로19길,주거지 도로,37.4928613,127.019576,37.4926597,127.0192396,37.4927605,127.0194078,37.19362932731726,,,,220411672,,,,,서초1동
사임당로19길,주거지 도로,37.4928613,127.019576,37.493052,127.0198977,37.49295665,127.01973685,35.42866792531078,,,,220411672,,,,,서초1동
사임당로19길,주거지 도로,37.4928613,127.019576,37.4923439,127.0200648,37.4926026,127.0198204,71.900713797599,,,,220411676,,,,,서초1동
사임당로19길,주거지 도로,37.4925136,127.0190026,37.4924518,127.0188992,37.4924827,127.0189509,11.421182913369837,,,,220411672,,,,,서초1동
사임당로19길,주거지 도로,37.4925136,127.0190026,37.4926597,127.0192396,37.49258665,127.0191211,26.478800361939378,,,,220411672,,,,,서초1동
사임당로19길,주거지 도로,37.4925136,127.0190026,37.4932748,127.018869,37.4928942,127.0189358,104.04028304803634,,,,220412435,,,,,서초1동
사임당로19길,주거지 도로,37.4924518,127.0188992,37.4922546,127.0185565,37.4923532,127.01872785,37.34945116769968,,,,220411672,,,,,서초1동
사임당로19길,주거지 도로,37.4924518,127.0188992,37.4925136,127.0190026,37.4924827,127.0189509,11.421182913369837,,,,220411672,,,,,서초1동
사임당로19길,주거지 도로,37.4924518,127.0188992,37.4917226,127.0195846,37.4920872,127.0192419,101.14933416809076,,,,220411674,,,,,서초1동
사임당로19길,주거지 도로,37.4922546,127.0185565,37.4924518,127.0188992,37.4923532,127.01872785,37.34945116769968,,,,220411672,,,,,서초1동
사임당로19길,주거지 도로,37.4922546,127.0185565,37.4915647,127.0191917,37.49190965,127.0188741,95.00320733353615,,,,220411673,,,,,서초1동
사임당로19길,주거지 도로,37.4922546,127.0185565,37.4919382,127.0182259,37.4920964,127.0183912,47.59361213816099,,,,220411672,,,,,서초1동
사임당로19길,주거지 도로,37.4919382,127.0182259,37.4917528,127.0183157,37.4918455,127.0182708,22.657542694659952,,,,220411672,,,,,서초1동
사임당로19길,주거지 도로,37.4919382,127.0182259,37.4922546,127.0185565,37.4920964,127.0183912,47.59361213816099,,,,220411672,,,,,서초1동
사임당로17길,주거지 도로,37.4919382,127.0182259,37.4917246,127.0176822,37.491831399999995,127.01795405,55.5308269332989,,,,220412434,,,,,서초1동
사임당로19길,주거지 도로,37.4909645,127.0190704,37.4914249,127.0188047,37.491194699999994,127.01893755,56.30609230044407,,,,220411672,,,,,서초1동
사임당로17길,주거지 도로,37.4909645,127.0190704,37.4906747,127.0183233,37.490819599999995,127.01869685,73.37042122273166,,,,220412433,,,,,서초1동
사임당로19길,주거지 도로,37.4909645,127.0190704,37.4910467,127.0193089,37.491005599999994,127.01918965,22.94170305586507,,,,522799171,,,,,서초1동
사임당로19길,주거지 도로,37.4912192,127.0197764,37.4916836,127.0195294,37.4914514,127.0196529,56.04891824375133,,,,220411679,,,,,서초1동
사임당로19길,주거지 도로,37.4912192,127.0197764,37.4913195,127.0200376,37.49126935,127.019907,25.601897874404905,,,,522799172,,,,,서초1동
사임당로19길,주거지 도로,37.4912192,127.0197764,37.4910467,127.0193089,37.49113295,127.01954265,45.48820922257393,,,,522799172,,,,,서초1동
사임당로19길,주거지 도로,37.4913195,127.0200376,37.4917493,127.0197762,37.491534400000006,127.0199069,53.065262377253894,,,,220411678,,,,,서초1동
사임당로19길,주거지 도로,37.4913195,127.0200376,37.4914963,127.0205339,37.4914079,127.02028575,47.99792162818736,,,,522799172,,,,,서초1동
사임당로19길,주거지 도로,37.4913195,127.0200376,37.4912192,127.0197764,37.49126935,127.019907,25.601897874404905,,,,522799172,,,,,서초1동
사임당로23길,주거지 도로,37.4914963,127.0205339,37.4909862,127.0207194,37.49124125,127.02062665,59.03456113703298,,,,220412439,,,,,서초1동
사임당로23길,주거지 도로,37.4914963,127.0205339,37.4920813,127.0207995,37.4917888,127.0206667,69.1411198180807,,,,220412439,,,,,서초1동
사임당로19길,주거지 도로,37.4914963,127.0205339,37.4913195,127.0200376,37.4914079,127.02028575,47.99792162818736,,,,522799172,,,,,서초1동
사임당로19길,주거지 도로,37.4926597,127.0192396,37.4925136,127.0190026,37.49258665,127.0191211,26.478800361939378,,,,220411672,,,,,서초1동
사임당로19길,주거지 도로,37.4926597,127.0192396,37.4928613,127.019576,37.4927605,127.0194078,37.19362932731726,,,,220411672,,,,,서초1동
사임당로19길,주거지 도로,37.4926597,127.0192396,37.4920042,127.0199019,37.49233194999999,127.01957075,94.42611266417788,,,,220411675,,,,,서초1동
사임당로19길,주거지 도로,37.4917493,127.0197762,37.4917226,127.0195846,37.491735950000006,127.0196804,17.16298201488165,,,,220411672,,,,,서초1동
사임당로19길,주거지 도로,37.4917493,127.0197762,37.4913195,127.0200376,37.491534400000006,127.0199069,53.065262377253894,,,,220411678,,,,,서초1동
사임당로19길,주거지 도로,37.4917493,127.0197762,37.4920042,127.0199019,37.49187675,127.01983905,31.409545109679144,,,,220411672,,,,,서초1동
사임당로19길,주거지 도로,37.4916836,127.0195294,37.4917226,127.0195846,37.4917031,127.019557,6.521060478474727,,,,220411672,,,,,서초1동
사임당로19길,주거지 도로,37.4916836,127.0195294,37.4915647,127.0191917,37.49162415,127.01936055,32.595902631847856,,,,220411672,,,,,서초1동
사임당로19길,주거지 도로,37.4916836,127.0195294,37.4912192,127.0197764,37.4914514,127.0196529,56.04891824375133,,,,220411679,,,,,서초1동
사임당로19길,주거지 도로,37.4910467,127.0193089,37.4912192,127.0197764,37.49113295,127.01954265,45.48820922257393,,,,522799172,,,,,서초1동
사임당로19길,주거지 도로,37.4910467,127.0193089,37.4899552,127.0198293,37.49050095,127.0195691,129.76375499932095,,,,220411680,,,,,서초1동
사임당로19길,주거지 도로,37.4910467,127.0193089,37.4909645,127.0190704,37.491005599999994,127.01918965,22.94170305586507,,,,522799171,,,,,서초1동
서초대로66길,주거지 도로,37.4908888,127.0228875,37.493984,127.0218089,37.4924364,127.0223482,357.29000422982017,,,,220412424,,,,,서초1동
효령로69길,주거지 도로,37.4908888,127.0228875,37.4905006,127.0230502,37.4906947,127.02296885,45.49024837510248,,,,260064617,,,,,서초1동
효령로67길,주거지 도로,37.4907233,127.0223447,37.4903179,127.0225069,37.4905206,127.0224258,47.302828387352754,,,,379427469,,,,,서초1동
서초대로64길,주거지 도로,37.4907233,127.0223447,37.4913836,127.0221028,37.491053449999995,127.02222375,76.49069926719915,,,,522799168,,,,,서초1동
서초대로64길,주거지 도로,37.4952176,127.0206492,37.4947835,127.0208286,37.49500055,127.0207389,50.79834739739374,,,,220412425,,,,,서초1동
서초대로60길,주거지 도로,37.4952176,127.0206492,37.4948209,127.019316,37.49501925,127.0199826,125.61829317158929,,,,220412426,,,,,서초1동
서초대로64길,주거지 도로,37.4952176,127.0206492,37.4957433,127.0204554,37.49548045,127.0205523,60.90435931886368,,,,220412425,,,,,서초1동
서초대로60길,주거지 도로,37.494478,127.0181492,37.4948209,127.019316,37.49464945,127.0187326,109.77356027248774,,,,220412426,,,,,서초1동
서초대로60길,주거지 도로,37.494478,127.0181492,37.4940381,127.0183638,37.49425805,127.0182565,52.4509420305796,,,,220412427,,,,,서초1동
서초대로60길,주거지 도로,37.494478,127.0181492,37.4949593,127.017902,37.49471865,127.0180256,57.79117654911461,,,,220412427,,,,,서초1동
서초대로60길,주거지 도로,37.4940381,127.0183638,37.494478,127.0181492,37.49425805,127.0182565,52.4509420305796,,,,220412427,,,,,서초1동
서초대로60길,주거지 도로,37.4940381,127.0183638,37.4936498,127.0187086,37.49384395,127.0185362,52.81682940596982,,,,220412427,,,,,서초1동
서초중앙로22길,주거지 도로,37.4940381,127.0183638,37.4938982,127.0179032,37.49396815,127.0181335,43.511859369266865,,,,220412428,,,,,서초1동
서초중앙로22길,주거지 도로,37.4940381,127.0183638,37.4942201,127.0189385,37.494129099999995,127.01865115,54.59193071505947,,,,220412428,,,,,서초1동
서초대로64길,주거지 도로,37.4947835,127.0208286,37.4942879,127.0209985,37.4945357,127.02091355,57.1104012705539,,,,220412425,,,,,서초1동
서초대로64길,주거지 도로,37.4947835,127.0208286,37.4952176,127.0206492,37.49500055,127.0207389,50.79834739739374,,,,220412425,,,,,서초1동
서초중앙로22길,주거지 도로,37.4947835,127.0208286,37.4944069,127.019529,37.4945952,127.0201788,122.0630860793707,,,,220412428,,,,,서초1동
서초중앙로22길,주거지 도로,37.4947835,127.0208286,37.494927,127.0213538,37.49485525,127.0210912,49.02027075132273,,,,220412428,,,,,서초1동
서초중앙로22길,주거지 도로,37.4933183,127.0160487,37.4932266,127.015206,37.49327245,127.01562735,75.04312098335542,,,,220412428,,,,,서초1동
서초중앙로22길,주거지 도로,37.4933183,127.0160487,37.493501,127.0166219,37.49340965,127.0163353,54.498465212501856,,,,220412428,,,,,서초1동
서초대로54길,주거지 도로,37.4933183,127.0160487,37.4928658,127.0162545,37.49309205,127.0161516,53.49153506119759,,,,220412431,,,,,서초1동
서초대로54길,주거지 도로,37.4933183,127.0160487,37.4937417,127.0158305,37.49353,127.0159396,50.863665230937194,,,,220412431,,,,,서초1동
서초중앙로22길,주거지 도로,37.4930803,127.0138048,37.4931582,127.0145778,37.49311925000001,127.0141913,68.7459199630832,,,,220412428,,,,,서초1동
서초대로52길,주거지 도로,37.4913602,127.0148719,37.4922607,127.0147246,37.49181045,127.01479825,100.9709972562708,,,,220412429,,,,,서초1동
서초중앙로18길,주거지 도로,37.4913602,127.0148719,37.4914349,127.0155136,37.49139755,127.01519275,57.22144389955486,,,,220412430,,,,,서초1동
서초중앙로18길,주거지 도로,37.4913602,127.0148719,37.4913073,127.014109,37.49133375,127.01449045,67.9381991799325,,,,220412430,,,,,서초1동
서초중앙로18길,주거지 도로,37.4913073,127.014109,37.4913602,127.0148719,37.49133375,127.01449045,67.9381991799325,,,,220412430,,,,,서초1동
반포대로22길,주거지 도로,37.4913073,127.014109,37.4913877,127.0134044,37.4913475,127.0137567,62.80518439007567,,,,230280908,,,,,서초3동
서초대로54길,주거지 도로,37.4924545,127.0164416,37.4921725,127.0167486,37.4923135,127.0165951,41.43526768480807,,,,220412431,,,,,서초1동
서초대로54길,주거지 도로,37.4924545,127.0164416,37.4928658,127.0162545,37.49266015,127.01634805,48.62231703581814,,,,220412431,,,,,서초1동
서초중앙로20길,주거지 도로,37.4924545,127.0164416,37.49239,127.0159806,37.49242225,127.0162111,41.46538452905955,,,,379452240,,,,,서초1동
서초대로54길,주거지 도로,37.4920624,127.0168798,37.4921725,127.0167486,37.49211745,127.0168142,16.848385510189118,,,,220412431,,,,,서초1동
사임당로17길,주거지 도로,37.4920624,127.0168798,37.4915946,127.0169034,37.4918285,127.0168916,52.81181948120504,,,,220412432,,,,,서초1동
사임당로17길,주거지 도로,37.4920624,127.0168798,37.4926267,127.0177142,37.49234455,127.017297,97.00480816536938,,,,220412432,,,,,서초1동
서초대로64길,주거지 도로,37.4942879,127.0209985,37.4938396,127.0211577,37.49406375,127.0210781,51.789649995239344,,,,220412425,,,,,서초1동
서초대로64길,주거지 도로,37.4942879,127.0209985,37.4947835,127.0208286,37.4945357,127.02091355,57.1104012705539,,,,220412425,,,,,서초1동
사임당로17길,주거지 도로,37.4942879,127.0209985,37.4939068,127.0199639,37.49409735,127.0204812,103.8444629211518,,,,220412432,,,,,서초1동
사임당로17길,주거지 도로,37.4913692,127.0170395,37.4917246,127.0176822,37.4915469,127.01736085,69.1159508663705,,,,220412434,,,,,서초1동
사임당로17길,주거지 도로,37.4913692,127.0170395,37.4906747,127.0183233,37.49102195,127.0176814,149.0535701159949,,,,522799174,,,,,서초1동
사임당로17길,주거지 도로,37.4913692,127.0170395,37.4915946,127.0169034,37.4914819,127.01697145,27.792732764600416,,,,522799174,,,,,서초1동
사임당로17길,주거지 도로,37.4906747,127.0183233,37.4909645,127.0190704,37.490819599999995,127.01869685,73.37042122273166,,,,220412433,,,,,서초1동
사임당로17길,주거지 도로,37.4906747,127.0183233,37.4896475,127.0188621,37.490161099999995,127.0185927,123.72888294076732,,,,522799173,,,,,서초1동
사임당로17길,주거지 도로,37.4906747,127.0183233,37.4913692,127.0170395,37.49102195,127.0176814,149.05357011599486,,,,522799174,,,,,서초1동
사임당로18길,주거지 도로,37.4896475,127.0188621,37.4889474,127.0191787,37.489297449999995,127.0190204,82.70992200277546,,,,418114550,,,,,서초1동
사임당로17길,주거지 도로,37.4896475,127.0188621,37.4906747,127.0183233,37.490161099999995,127.0185927,123.72888294076732,,,,522799173,,,,,서초1동
사임당로17길,주거지 도로,37.4932748,127.018869,37.4932067,127.0187454,37.49324075,127.0188072,13.27597350303173,,,,220412432,,,,,서초1동
사임당로17길,주거지 도로,37.4932748,127.018869,37.4933327,127.0189901,37.49330375,127.01892955,12.473931853438746,,,,220412432,,,,,서초1동
사임당로17길,주거지 도로,37.4932748,127.018869,37.4925136,127.0190026,37.4928942,127.0189358,104.04028304803634,,,,220412435,,,,,서초1동
서초대로60길,주거지 도로,37.4948209,127.019316,37.494478,127.0181492,37.49464945,127.0187326,109.77356027248774,,,,220412426,,,,,서초1동
서초대로60길,주거지 도로,37.4948209,127.019316,37.4952176,127.0206492,37.49501925,127.0199826,125.61829317158929,,,,220412426,,,,,서초1동
서초대로62길,주거지 도로,37.4948209,127.019316,37.4944069,127.019529,37.4946139,127.0194225,49.722457967205386,,,,220412436,,,,,서초1동
서초대로62길,주거지 도로,37.4948209,127.019316,37.4953126,127.0190518,37.49506675,127.0191839,59.43567179673349,,,,220412436,,,,,서초1동
서초중앙로22길,주거지 도로,37.4944069,127.019529,37.4942201,127.0189385,37.4943135,127.01923375,56.084294818163066,,,,220412428,,,,,서초1동
서초중앙로22길,주거지 도로,37.4944069,127.019529,37.4947835,127.0208286,37.4945952,127.0201788,122.0630860793707,,,,220412428,,,,,서초1동
서초대로62길,주거지 도로,37.4944069,127.019529,37.4939068,127.0199639,37.49415685,127.01974645,67.56086512534442,,,,220412436,,,,,서초1동
서초대로62길,주거지 도로,37.4944069,127.019529,37.4948209,127.019316,37.4946139,127.0194225,49.722457967205386,,,,220412436,,,,,서초1동
사임당로17길,주거지 도로,37.4939068,127.0199639,37.4936247,127.0194855,37.493765749999994,127.0197247,52.58660579260921,,,,220412432,,,,,서초1동
서초대로62길,주거지 도로,37.4939068,127.0199639,37.4944069,127.019529,37.49415685,127.01974645,67.56086512534442,,,,220412436,,,,,서초1동
사임당로17길,주거지 도로,37.4939068,127.0199639,37.4942879,127.0209985,37.49409735,127.0204812,103.8444629211518,,,,220412432,,,,,서초1동
서초대로60길,주거지 도로,37.4933327,127.0189901,37.4936498,127.0187086,37.493491250000005,127.01884935,43.12834764088799,,,,220412427,,,,,서초1동
사임당로17길,주거지 도로,37.4933327,127.0189901,37.4932748,127.018869,37.49330375,127.01892955,12.473931853438746,,,,220412432,,,,,서초1동
사임당로17길,주거지 도로,37.4933327,127.0189901,37.4936247,127.0194855,37.4934787,127.0192378,54.44715796858034,,,,220412432,,,,,서초1동
사임당로17길,주거지 도로,37.492858,127.0181127,37.4926267,127.0177142,37.49274235,127.01791345,43.561057977847845,,,,220412432,,,,,서초1동
사임당로17길,주거지 도로,37.492858,127.0181127,37.4932067,127.0187454,37.49303235,127.01842905,67.96532321521333,,,,220412432,,,,,서초1동
서초대로58길,주거지 도로,37.492858,127.0181127,37.493222,127.0180394,37.49304,127.01807605,40.98838096075217,,,,220412437,,,,,서초1동
서초중앙로22길,주거지 도로,37.4938982,127.0179032,37.493687,127.0172056,37.4937926,127.0175544,65.87366445459948,,,,220412428,,,,,서초1동
서초중앙로22길,주거지 도로,37.4938982,127.0179032,37.4940381,127.0183638,37.49396815,127.0181335,43.511859369266865,,,,220412428,,,,,서초1동
서초대로58길,주거지 도로,37.4938982,127.0179032,37.4934424,127.017995,37.4936703,127.0179491,51.32574328187936,,,,220412437,,,,,서초1동
서초대로58길,주거지 도로,37.4938982,127.0179032,37.4948815,127.017652,37.49438985,127.0177776,112.69706532886909,,,,220412928,,,,,서초1동
사임당로17길,주거지 도로,37.4926267,127.0177142,37.492858,127.0181127,37.49274235,127.01791345,43.561057977847845,,,,220412432,,,,,서초1동
서초대로56길,주거지 도로,37.4926267,127.0177142,37.4932165,127.0174313,37.4929216,127.01757275,70.17165296751635,,,,220412438,,,,,서초1동
사임당로17길,주거지 도로,37.4926267,127.0177142,37.4920624,127.0168798,37.49234455,127.017297,97.00480816536935,,,,220412432,,,,,서초1동
서초중앙로22길,주거지 도로,37.493687,127.0172056,37.493501,127.0166219,37.493594,127.01691375,55.49472471064136,,,,220412428,,,,,서초1동
서초중앙로22길,주거지 도로,37.493687,127.0172056,37.4938982,127.0179032,37.4937926,127.0175544,65.87366445459948,,,,220412428,,,,,서초1동
서초대로56길,주거지 도로,37.493687,127.0172056,37.4932165,127.0174313,37.493451750000006,127.01731845,55.97855865816126,,,,220412438,,,,,서초1동
서초대로56길,주거지 도로,37.493687,127.0172056,37.4941057,127.0169924,37.49389635,127.017099,50.2133776777792,,,,220412927,,,,,서초1동
서초대로64길,주거지 도로,37.4932981,127.0213601,37.4938396,127.0211577,37.49356885,127.0212589,62.80415377978633,,,,220412425,,,,,서초1동
서초대로64길,주거지 도로,37.4932981,127.0213601,37.4923275,127.0217449,37.4928128,127.0215525,113.1395427543268,,,,522799168,,,,,서초1동
사임당로23길,주거지 도로,37.4932981,127.0213601,37.4922317,127.0208685,37.4927649,127.0211143,126.26142791202,,,,220412439,,,,,서초1동
사임당로23길,주거지 도로,37.4903076,127.02098,37.4909862,127.0207194,37.4906469,127.0208497,78.88218393334408,,,,220412439,,,,,서초1동
사임당로,주거지 도로,37.4903076,127.02098,37.4898838,127.0211488,37.4900957,127.0210644,49.42183647473804,,,,379427503,,,,,서초1동
디지털로27가길,주거지 도로,37.4843217,126.8925832,37.4838255,126.892165,37.4840736,126.8923741,66.37700213528498,,,,252995417,,,,,구로3동
디지털로27가길,주거지 도로,37.4843217,126.8925832,37.4854771,126.8934542,37.4848994,126.8930187,149.70666781108935,,,,252995417,,,,,구로3동
도림로20가길,생활도로,37.4873589,126.8931357,37.4875144,126.8933992,37.48743665,126.89326745,28.97400680659986,,,,220688239,,,True,,구로3동
디지털로33길,주거지 도로,37.4873589,126.8931357,37.4866879,126.8944506,37.4870234,126.89379315,138.04591935278845,,,,220543484,,,,,구로3동
도산대로8길,주거지 도로,37.5156721,127.0219295,37.5157469,127.0223298,37.5157095,127.02212965,36.27231310437331,,,,561147020,,,,,논현1동
도산대로8길,주거지 도로,37.5156721,127.0219295,37.5156477,127.0212677,37.5156599,127.0215986,61.33169996509233,,,,220545603,,,,,논현1동
도산대로6길,주거지 도로,37.5156721,127.0219295,37.5167442,127.0212741,37.51620815,127.0216018,132.48930225689216,,,,672205502,,,,,논현1동
도산대로4길,주거지 도로,37.5155139,127.0213015,37.5156477,127.0212677,37.5155808,127.0212846,15.375157874371707,,,,220545604,,,,,논현1동
도산대로4길,주거지 도로,37.5155139,127.0213015,37.5149332,127.0215759,37.51522355,127.0214387,69.00419188149573,,,,220545609,,,True,,논현1동
강남대로146길,주거지 도로,37.5149332,127.0215759,37.5148314,127.0212443,37.5148823,127.0214101,31.384191958784804,,,,220545608,,,True,,논현1동
강남대로146길,주거지 도로,37.5149332,127.0215759,37.5152239,127.0225744,37.51507855,127.02207515,93.81744502754567,,,,417635409,,,,,논현1동
강남대로140길,주거지 도로,37.5137103,127.020355,37.5138594,127.0210985,37.51378485,127.02072675,67.64053251996397,,,,220545605,,,True,,논현1동
학동로3길,주거지 도로,37.5139608,127.0216232,37.5130975,127.022043,37.51352915,127.0218331,102.88813357006546,,,,220545606,,,True,,논현1동
강남대로140길,주거지 도로,37.5139608,127.0216232,37.5142668,127.0229885,37.5141138,127.02230585,125.13471747049236,,,,220545607,,,True,,논현1동
학동로11길,주거지 도로,37.5145256,127.0241279,37.5140741,127.0243388,37.51429985,127.02423335,53.53981657244893,,,,117792356,,,,,논현1동
학동로11길,주거지 도로,37.5145256,127.0241279,37.5155573,127.0236483,37.51504145,127.0238881,122.27015250938992,,,,117792356,,,,,논현1동
강남대로140길,주거지 도로,37.5145256,127.0241279,37.5148243,127.0255784,37.51467495,127.02485315,132.1783845821974,,,,220545610,,,True,,논현1동
논현로139길,주거지 도로,37.5152814,127.0261461,37.5155755,127.0265066,37.51542845,127.02632635,45.611570529498515,,,,417635412,,,True,,논현1동
논현로135길,주거지 도로,37.5152814,127.0261461,37.5146956,127.0264243,37.5149885,127.0262852,69.60629131641213,,,,417718799,,,,,논현1동
학동로7길,주거지 도로,37.5142668,127.0229885,37.5137342,127.0232231,37.5140005,127.0231058,62.7332154325096,,,,220545611,,,,,논현1동
강남대로140길,주거지 도로,37.5142668,127.0229885,37.5145256,127.0241279,37.5143962,127.0235582,104.534550625329,,,,220545607,,,True,,논현1동
홍지문2길,주거지 도로,37.6008507,126.9567729,37.6011289,126.9561886,37.6009898,126.95648075,60.05545513817028,,,,516392761,,,,,부암동
홍지문길,주거지 도로,37.6008507,126.9567729,37.601909,126.9570462,37.60137985,126.95690955,120.27792315992876,,,,221499929,,,,,부암동
홍지문길,주거지 도로,37.6008507,126.9567729,37.5999568,126.9571358,37.60040375,126.95695435,104.85779018970936,,,,516392749,,,,,부암동
홍지문길,주거지 도로,37.601909,126.9570462,37.6019767,126.9570466,37.60194285,126.9570464,7.527989644753745,,,,463800618,,,,,부암동
홍지문길,주거지 도로,37.601909,126.9570462,37.6008507,126.9567729,37.60137985,126.95690955,120.27792315992876,,,,221499929,,,,,부암동
홍지문길,주거지 도로,37.601909,126.9570462,37.6029952,126.9577477,37.6024521,126.95739695,215.85250686678455,,,,221499929,,,,,부암동
진흥로22길,주거지 도로,37.6060344,126.9576913,37.6062346,126.9580312,37.6061345,126.95786125,37.45469667906171,,,,220565744,,,,,평창동
홍지문길,주거지 도로,37.6060344,126.9576913,37.6029952,126.9577477,37.6045148,126.9577195,379.1099281887855,,,,221499929,,,,,평창동
진흥로22길,주거지 도로,37.6060344,126.9576913,37.6054198,126.9554816,37.6057271,126.95658645,231.89212270060608,,,,517644408,,,,,평창동
진흥로22길,주거지 도로,37.6069767,126.9589085,37.6068266,126.9587557,37.60690165,126.9588321,21.44170626386467,,,,220565744,,,,,평창동
진흥로23길,주거지 도로,37.6069767,126.9589085,37.6082746,126.9588024,37.60762565,126.95885545,182.62486216806843,,,,221499951,,,,,평창동
홍지문1길,주거지 도로,37.5999568,126.9571358,37.6012,126.9560122,37.6005784,126.956574,352.73628497015113,,,,463359350,,,,,부암동
홍지문길,주거지 도로,37.5999568,126.9571358,37.6008507,126.9567729,37.60040375,126.95695435,104.8577901897094,,,,516392749,,,,,부암동
홍지문2길,주거지 도로,37.6011289,126.9561886,37.6008507,126.9567729,37.6009898,126.95648075,60.05545513817028,,,,516392761,,,,,부암동
홍지문2길,주거지 도로,37.6011289,126.9561886,37.6012,126.9560122,37.60116445,126.9561004,250.32951747610892,,,,"[220705403, 516392758]",,,True,,부암동
홍지문2길,주거지 도로,37.6012,126.9560122,37.6011289,126.9561886,37.60116445,126.9561004,17.4358097544837,,,,220705403,,,True,,부암동
홍지문1길,주거지 도로,37.6012,126.9560122,37.5999568,126.9571358,37.6005784,126.956574,352.7362849701512,,,,463359350,,,,,부암동
평창길,주거지 도로,37.6048253,126.9651971,37.6052269,126.964821,37.6050261,126.96500905,55.874619473978285,,,,221504395,,1,,,평창동
평창길,주거지 도로,37.6064074,126.9634171,37.6064529,126.9630431,37.60643015,126.9632301,33.33227977322776,,,,221504395,,1,,,평창동
평창3길,주거지 도로,37.6064074,126.9634171,37.6067245,126.9642025,37.60656595,126.9638098,108.3699744101771,,,,221423030,,,,,평창동
평창길,주거지 도로,37.6064074,126.9634171,37.6058225,126.9642676,37.606114950000006,126.96384235,99.35712527671964,,,,221504395,,1,,,평창동
평창길,주거지 도로,37.6075997,126.9614973,37.6070103,126.96225,37.607305,126.96187365,93.30898777083569,,,,221504395,,1,,,평창동
평창길,주거지 도로,37.6075997,126.9614973,37.6080186,126.962202,37.60780915,126.96184965,77.6198918802099,,,,848767980,,1,,,평창동
평창길,주거지 도로,37.6075997,126.9614973,37.6099329,126.9608812,37.6087663,126.96118925,308.8567802844538,,,,"[848767981, 848767982]",,1,,,평창동
평창4길,주거지 도로,37.6080186,126.962202,37.612719,126.9637257,37.6103688,126.96296385,627.8274232599737,,,,245063612,,1,,,평창동
평창길,주거지 도로,37.6080186,126.962202,37.6075997,126.9614973,37.60780915,126.96184965,77.6198918802099,,,,848767980,,1,,,평창동
평창길,주거지 도로,37.6080186,126.962202,37.6085729,126.9632593,37.60829575,126.96273065,112.67772020969991,,,,848767983,,1,,,평창동
평창5길,주거지 도로,37.6113115,126.9635642,37.6123817,126.9644935,37.6118466,126.96402885,163.78530739469872,,,,245063597,,1,,,평창동
평창길,주거지 도로,37.6113115,126.9635642,37.6113599,126.9645723,37.6113357,126.96406825,90.18030283399372,,,,848767983,,1,,,평창동
평창길,주거지 도로,37.6113115,126.9635642,37.6085729,126.9632593,37.6099422,126.96341175,349.97817403223763,,,,848767983,,1,,,평창동
도림로20가길,생활도로,37.4875144,126.8933992,37.4881706,126.8931194,37.4878425,126.8932593,77.35793117506,,,,220688239,,,True,,구로3동
도림로20가길,생활도로,37.4875144,126.8933992,37.4881706,126.8931194,37.4878425,126.8932593,97.96099354446308,,,,760971612,,,,,구로3동
도림로20길,주거지 도로,37.4896112,126.8916533,37.4887813,126.8930896,37.48919625,126.89237145,156.7917818442019,,,,252995422,,,,,구로3동
평창길,주거지 도로,37.612815,126.9698534,37.6138187,126.9687579,37.61331685,126.96930565,184.3882359625287,,,,245063643,,,,,평창동
평창길,주거지 도로,37.612815,126.9698534,37.6134167,126.9704705,37.61311585,126.97016195,111.15346441369462,,,,848767985,,1,,,평창동
평창길,주거지 도로,37.612815,126.9698534,37.6124707,126.9698757,37.61264285,126.96986455,38.49552489570186,,,,848767985,,1,,,평창동
평창6길,주거지 도로,37.6139992,126.970346,37.6144592,126.9700159,37.6142292,126.97018095,58.83620655064417,,,,245063592,,,,,평창동
평창6길,주거지 도로,37.6139992,126.970346,37.6147537,126.9710092,37.61437645,126.9706776,130.0400783311468,,,,220705405,,1,,,평창동
평창6길,주거지 도로,37.6139992,126.970346,37.6134167,126.9704705,37.613707950000006,126.97040825,69.90087797748308,,,,220705405,,1,,,평창동
홍제내2길,주거지 도로,37.5871015,126.9367982,37.5871652,126.936414,37.58713335,126.9366061,34.5864411133101,,,,221000761,,,,,홍제1동
홍제내2길,주거지 도로,37.5871015,126.9367982,37.5863784,126.9374165,37.58673995,126.93710735,99.92230260450452,,,,221000761,,,,,홍제1동
홍제내2길,주거지 도로,37.5871015,126.9367982,37.5877542,126.9370185,37.58742785,126.93690835,76.27717512104807,,,,463698031,,,,,홍제1동
홍제내2다길,주거지 도로,37.5837223,126.9370918,37.5840299,126.9376864,37.5838761,126.9373891,62.570812662988985,,,,379154651,,,,,홍제1동
홍제내2나길,주거지 도로,37.5837223,126.9370918,37.5838525,126.9370397,37.5837874,126.93706575,15.1880761220325,,,,463696329,,,,,홍제1동
홍제내2나길,주거지 도로,37.5837223,126.9370918,37.5829846,126.9373888,37.58335345,126.9372403,86.6308549296723,,,,463696329,,,,,홍제1동
홍제내2길,주거지 도로,37.5859812,126.937415,37.585653,126.9370079,37.5858171,126.93721145,51.338824065886335,,,,221000761,,,,,홍제1동
홍제내2길,주거지 도로,37.5859812,126.937415,37.5863784,126.9374165,37.5861798,126.93741575,44.24839905314653,,,,221000761,,,,,홍제1동
송죽길,주거지 도로,37.5859812,126.937415,37.5854921,126.9380504,37.58573665,126.9377327,79.63922089580329,,,,222845807,,,,,홍제1동
홍제내2길,주거지 도로,37.5855696,126.9369505,37.585026,126.9365048,37.5852978,126.93672765,72.08378926184297,,,,221000761,,,,,홍제1동
홍제내2길,주거지 도로,37.5855696,126.9369505,37.585653,126.9370079,37.5856113,126.9369792,10.563273188290902,,,,221000761,,,,,홍제1동
홍제내2바길,주거지 도로,37.5855696,126.9369505,37.585159,126.9374058,37.585364299999995,126.93717815,60.779003521698144,,,,463697278,,,,,홍제1동
홍제내2나길,주거지 도로,37.5843094,126.9367838,37.5845277,126.9371442,37.58441855,126.936964,39.971935087198034,,,,379154708,,,,,홍제1동
홍제내2나길,주거지 도로,37.5843094,126.9367838,37.583966,126.9369864,37.5841377,126.9368851,42.20260172294225,,,,463696329,,,,,홍제1동
홍제내2나길,주거지 도로,37.5843094,126.9367838,37.585026,126.9365048,37.5846677,126.9366443,83.76569698574504,,,,463696329,,,,,홍제1동
홍제내2길,주거지 도로,37.5871652,126.936414,37.5871015,126.9367982,37.58713335,126.9366061,34.5864411133101,,,,221000761,,,,,홍제1동
홍제내2길,주거지 도로,37.5871652,126.936414,37.5872559,126.9359791,37.58721055,126.93619655,39.63483948181335,,,,221000761,,,,,홍제1동
홍제내2가길,주거지 도로,37.5871652,126.936414,37.5869398,126.9363636,37.5870525,126.9363888,25.51337815679383,,,,221000762,,,,,홍제1동
홍제내2길,주거지 도로,37.5872559,126.9359791,37.5871652,126.936414,37.58721055,126.93619655,39.63483948181335,,,,221000761,,,,,홍제1동
홍제내길,주거지 도로,37.5872559,126.9359791,37.5879366,126.9364273,37.58759625,126.9362032,85.38398807256273,,,,516174752,,,,,홍제1동
홍제내길,주거지 도로,37.5872559,126.9359791,37.5868634,126.9357552,37.58705965,126.93586715,48.269560358812384,,,,516174752,,,,,홍제1동
평창11길,주거지 도로,37.6056691,126.9670944,37.6059166,126.9669173,37.60579285,126.96700585,31.63521467822668,,,,221316561,,2,,,평창동
평창11길,주거지 도로,37.6063985,126.9665724,37.6064497,126.9665358,37.6064241,126.9665541,6.542739178284296,,,,221316561,,2,,,평창동
평창11길,주거지 도로,37.6063985,126.9665724,37.6059487,126.9668943,37.6061736,126.96673335,57.494810428214414,,,,221316561,,2,,,평창동
평창11길,주거지 도로,37.6063985,126.9665724,37.6067496,126.9670315,37.60657405,126.96680195,61.22506327654428,,,,245063641,,,,,평창동
평창11길,주거지 도로,37.6077933,126.965625,37.6083578,126.9658887,37.608075549999995,126.96575685,69.08215983244865,,,,221316561,,2,,,평창동
평창11길,주거지 도로,37.6077933,126.965625,37.6073619,126.965794,37.6075776,126.9657095,51.88241538919985,,,,221316561,,2,,,평창동
평창13길,주거지 도로,37.6077933,126.965625,37.6085729,126.9632593,37.6081831,126.96444215,428.8196414237188,,,,245063595,,,,,평창동
평창11길,주거지 도로,37.6090772,126.9657737,37.609136,126.9658125,37.6091066,126.9657931,7.377697679352615,,,,221316561,,2,,,평창동
평창11길,주거지 도로,37.6090772,126.9657737,37.6088136,126.9663276,37.6089454,126.96605065,56.91920874522576,,,,245063585,,,,,평창동
평창11길,주거지 도로,37.6090772,126.9657737,37.6084409,126.9658587,37.60875905,126.9658162,71.52095511661379,,,,221316561,,2,,,평창동
평창11길,주거지 도로,37.6094743,126.9660506,37.610931,126.9664595,37.610202650000005,126.96625505,170.1306587746674,,,,221316561,,2,,,평창동
평창11길,주거지 도로,37.6094743,126.9660506,37.609136,126.9658125,37.60930515,126.96593155,43.07153277057213,,,,221316561,,2,,,평창동
평창15길,주거지 도로,37.6094743,126.9660506,37.6101593,126.9658325,37.6098168,126.96594155,80.94600644534617,,,,245063645,,,,,평창동
평창11길,주거지 도로,37.6094743,126.9660506,37.6101593,126.9674101,37.6098168,126.96673035,153.2237066147812,,,,245063650,,,,,평창동
평창11길,주거지 도로,37.610931,126.9664595,37.6116626,126.9666738,37.611296800000005,126.96656665,85.36337842083685,,,,221316561,,2,,,평창동
평창11길,주거지 도로,37.610931,126.9664595,37.6094743,126.9660506,37.610202650000005,126.96625505,170.13065877466738,,,,221316561,,2,,,평창동
평창16길,주거지 도로,37.610931,126.9664595,37.610947,126.966177,37.610939,126.96631825,24.947746517205587,,,,245063615,,,,,평창동
평창11길,주거지 도로,37.6126587,126.9672593,37.6143246,126.9678423,37.61349165,126.9675508,203.2356799722592,,,,221316561,,2,,,평창동
평창11길,주거지 도로,37.6126587,126.9672593,37.6116626,126.9666738,37.61216065,126.96696655,127.05491357127178,,,,221316561,,2,,,평창동
평창17길,주거지 도로,37.6126587,126.9672593,37.6133052,126.9665208,37.61298195,126.96689005,103.05063468666864,,,,245063654,,,,,평창동
평창11길,주거지 도로,37.6143246,126.9678423,37.6126587,126.9672593,37.61349165,126.9675508,203.2356799722592,,,,221316561,,2,,,평창동
평창길,주거지 도로,37.6143246,126.9678423,37.6129813,126.9684679,37.61365295,126.9681551,175.5974144325176,,,,848767985,,1,,,평창동
평창길,주거지 도로,37.6143246,126.9678423,37.6143425,126.9674908,37.61433355,126.96766655,35.57357404380845,,,,848767985,,1,,,평창동
자하문로,3차로,37.5997632,126.9584695,37.6000432,126.9580144,37.5999032,126.95824195,50.762936237528024,,,,1147356340,,,True,,부암동
자하문로,주거지 도로,37.5997632,126.9584695,37.5991963,126.9602873,37.59947975,126.9593784,332.54592436139313,,,,"[463800626, 463802494]",,,,,부암동
세검정로6길,주거지 도로,37.6007709,126.9590776,37.6000633,126.9619963,37.6004171,126.96053695,273.9932894042,,,,221323541,,,,,부암동
세검정로6길,주거지 도로,37.6006132,126.9626538,37.6009025,126.9623779,37.600757849999994,126.96251585,40.590522494489136,,,,221323541,,,,,부암동
세검정로6길,주거지 도로,37.6006132,126.9626538,37.6004358,126.9627218,37.6005245,126.9626878,20.721051418033888,,,,221323541,,,,,부암동
세검정로6길,주거지 도로,37.6006132,126.9626538,37.6010928,126.9635126,37.600853,126.9630832,105.72453209015828,,,,463799252,,,,,부암동
세검정로6길,주거지 도로,37.6016579,126.9615717,37.6009025,126.9623779,37.6012802,126.9619748,111.78510707128642,,,,221323541,,,,,부암동
세검정로6길,주거지 도로,37.6016579,126.9615717,37.6017223,126.96101,37.6016901,126.96129085,50.00078126374236,,yes,,"[388547123, 388547124]",,,,,부암동
세검정로6다길,주거지 도로,37.6016579,126.9615717,37.6016382,126.9625153,37.601648049999994,126.9620435,86.92207919471261,,,,463799250,,,,,부암동
세검정로6라길,주거지 도로,37.6016579,126.9615717,37.603176,126.9619532,37.60241695,126.96176245,174.5936536481452,,,,463799261,,,,,부암동
세검정로6길,주거지 도로,37.6017223,126.96101,37.6016579,126.9615717,37.6016901,126.96129085,50.00078126374236,,yes,,"[388547123, 388547124]",,,,,부암동
세검정로6길,주거지 도로,37.6004358,126.9627218,37.6006132,126.9626538,37.6005245,126.9626878,20.721051418033888,,,,221323541,,,,,부암동
세검정로6길,주거지 도로,37.6004358,126.9627218,37.6000633,126.9619963,37.60024955,126.96235905,93.13863286539949,,,,221323541,,,,,부암동
자하문로42길,주거지 도로,37.6004358,126.9627218,37.5997089,126.9631102,37.600072350000005,126.962916,90.03343320411943,,,,221323542,,,,,부암동
자하문로42길,주거지 도로,37.5994671,126.9631075,37.5997089,126.9631102,37.599588,126.96310885,27.16500987072259,,,,221323542,,,,,부암동
평창1길,주거지 도로,37.6058225,126.9642676,37.6057474,126.9642507,37.60578495,126.96425915,8.482418444738157,,,,221422961,,,,,평창동
평창1길,주거지 도로,37.6058225,126.9642676,37.6073316,126.9657243,37.60657705,126.96499595,233.80102863020116,,,,221422961,,,,,평창동
평창길,주거지 도로,37.6058225,126.9642676,37.6064074,126.9634171,37.606114950000006,126.96384235,99.35712527671964,,,,221504395,,1,,,평창동
평창길,주거지 도로,37.6058225,126.9642676,37.6052269,126.964821,37.6055247,126.9645443,84.29886928298978,,,,221504395,,1,,,평창동
평창1길,주거지 도로,37.6053661,126.9635081,37.6070103,126.96225,37.6061882,126.96287905,315.4807888946474,,,,221422961,,,,,평창동
평창1길,주거지 도로,37.6053661,126.9635081,37.6057474,126.9642507,37.60555675,126.9638794,126.47344581811542,,,,221422961,,,,,평창동
평창1길,주거지 도로,37.6053661,126.9635081,37.6059329,126.9634168,37.6056495,126.96346245,66.06475932709277,,,,221423016,,,,,평창동
평창2길,주거지 도로,37.6059329,126.9634168,37.6057474,126.9642507,37.60584015,126.96383375,76.30068871213706,,,,221423017,,,,,평창동
평창1길,주거지 도로,37.6059329,126.9634168,37.6053661,126.9635081,37.6056495,126.96346245,66.06475932709277,,,,221423016,,,,,평창동
평창2길,주거지 도로,37.6059329,126.9634168,37.6064529,126.9630431,37.6061929,126.96322995,92.10869580027024,,,,221423017,,,,,평창동
평창3길,주거지 도로,37.6064529,126.9630431,37.6066782,126.9632275,37.60656555,126.9631353,29.857693777834,,,,221423029,,,,,평창동
평창길,주거지 도로,37.6064529,126.9630431,37.6064074,126.9634171,37.60643015,126.9632301,33.33227977322776,,,,221504395,,1,,,평창동
평창2길,주거지 도로,37.6064529,126.9630431,37.6059329,126.9634168,37.6061929,126.96322995,92.10869580027024,,,,221423017,,,,,평창동
평창길,주거지 도로,37.6064529,126.9630431,37.6070103,126.96225,37.6067316,126.96264655,93.78901200822396,,,,221504395,,1,,,평창동
평창1길,주거지 도로,37.6057474,126.9642507,37.6058225,126.9642676,37.60578495,126.96425915,8.482418444738157,,,,221422961,,,,,평창동
평창2길,주거지 도로,37.6057474,126.9642507,37.6059329,126.9634168,37.60584015,126.96383375,76.30068871213706,,,,221423017,,,,,평창동
평창1길,주거지 도로,37.6057474,126.9642507,37.6053661,126.9635081,37.60555675,126.9638794,126.4734458181154,,,,221422961,,,,,평창동
평창3길,주거지 도로,37.6078421,126.9632371,37.6070386,126.9632294,37.607440350000005,126.96323325,89.34782446816708,,,,221423029,,,,,평창동
평창11길,주거지 도로,37.6078421,126.9632371,37.6076291,126.9649848,37.6077356,126.96411095,172.67840495733617,,,,221423032,,,,,평창동
평창11길,주거지 도로,37.6078421,126.9632371,37.6078992,126.9628386,37.607870649999995,126.96303785,36.55410796894886,,,,221423032,,,,,평창동
평창3길,주거지 도로,37.6066782,126.9632275,37.6064529,126.9630431,37.60656555,126.9631353,29.857693777834,,,,221423029,,,,,평창동
평창3길,주거지 도로,37.6066782,126.9632275,37.6070386,126.9632294,37.6068584,126.96322845,40.07505768803259,,,,221423029,,,,,평창동
평창3길,주거지 도로,37.6066782,126.9632275,37.6067245,126.9642025,37.606701349999994,126.963715,86.08217114240234,,,,221423031,,,,,평창동
평창3길,주거지 도로,37.6070103,126.96225,37.6070241,126.9627285,37.6070172,126.96248925,42.179179904656465,,,,221423030,,,,,평창동
평창1길,주거지 도로,37.6070103,126.96225,37.6053661,126.9635081,37.6061882,126.96287905,315.4807888946474,,,,221422961,,,,,평창동
평창길,주거지 도로,37.6070103,126.96225,37.6075997,126.9614973,37.607305,126.96187365,93.30898777083569,,,,221504395,,1,,,평창동
평창길,주거지 도로,37.6070103,126.96225,37.6064529,126.9630431,37.6067316,126.96264655,93.78901200822396,,,,221504395,,1,,,평창동
평창길,주거지 도로,37.6070103,126.96225,37.6074619,126.9622967,37.607236099999994,126.96227335,50.70944282000505,,,,913149499,,,,,평창동
평창3길,주거지 도로,37.6067245,126.9642025,37.6064074,126.9634171,37.60656595,126.9638098,108.36997441017708,,,,221423030,,,,,평창동
평창3길,주거지 도로,37.6067245,126.9642025,37.6070386,126.9632294,37.60688155,126.96371595,122.093181964988,,,,221423030,,,,,평창동
평창3길,주거지 도로,37.6067245,126.9642025,37.6066782,126.9632275,37.606701349999994,126.963715,86.08217114240234,,,,221423031,,,,,평창동
평창11길,주거지 도로,37.6078992,126.9628386,37.6078421,126.9632371,37.607870649999995,126.96303785,36.55410796894886,,,,221423032,,,,,평창동
평창11길,주거지 도로,37.6076291,126.9649848,37.6073316,126.9657243,37.60748035,126.96535455,106.32462295885828,,,,221423032,,,,,평창동
평창11길,주거지 도로,37.6076291,126.9649848,37.6078421,126.9632371,37.6077356,126.96411095,172.6784049573362,,,,221423032,,,,,평창동
평창11길,주거지 도로,37.6076291,126.9649848,37.6071661,126.9644689,37.6073976,126.96472685,70.18640597123951,,,,245063602,,,,,평창동
평창14길,주거지 도로,37.6104352,126.9677962,37.6088136,126.9663276,37.6096244,126.9670619,325.2846286452787,,,,221423098,,,,,평창동
평창21길,주거지 도로,37.6104352,126.9677962,37.6093898,126.970945,37.6099125,126.9693706,444.3035880415728,,,,221423145,,,,,평창동
평창21길,주거지 도로,37.6104352,126.9677962,37.612557,126.9682786,37.6114961,126.9680374,273.92034989595055,,,,221423145,,,,,평창동
평창11길,주거지 도로,37.6088136,126.9663276,37.6090772,126.9657737,37.6089454,126.96605065,56.91920874522576,,,,245063585,,,,,평창동
평창14길,주거지 도로,37.6088136,126.9663276,37.6083578,126.9658887,37.6085857,126.96610815,66.39329786631777,,,,221423098,,,,,평창동
평창14길,주거지 도로,37.6088136,126.9663276,37.6104352,126.9677962,37.6096244,126.9670619,325.2846286452787,,,,221423098,,,,,평창동
평창11길,주거지 도로,37.6083578,126.9658887,37.6084409,126.9658587,37.60839935,126.9658737,9.692946449160493,,,,221316561,,2,,,평창동
평창11길,주거지 도로,37.6083578,126.9658887,37.6077933,126.965625,37.608075549999995,126.96575685,69.08215983244864,,,,221316561,,2,,,평창동
평창14길,주거지 도로,37.6083578,126.9658887,37.6088136,126.9663276,37.6085857,126.96610815,66.39329786631777,,,,221423098,,,,,평창동
평창21길,주거지 도로,37.6093898,126.970945,37.6103735,126.9709246,37.609881650000005,126.9709348,110.71945556323216,,,,221423145,,,,,평창동
평창21길,주거지 도로,37.6093898,126.970945,37.6104352,126.9677962,37.6099125,126.9693706,444.3035880415728,,,,221423145,,,,,평창동
평창21길,주거지 도로,37.6093898,126.970945,37.6078146,126.9712613,37.6086022,126.97110315,183.40332196759152,,,,245063631,,,,,평창동
평창20길,주거지 도로,37.6103735,126.9709246,37.6105829,126.9706993,37.6104782,126.97081195,30.594343613670308,,,,86165642,,,,,평창동
평창20길,주거지 도로,37.6103735,126.9709246,37.6073603,126.9719476,37.6088669,126.9714361,405.2069033880345,,,,86165642,,,,,평창동
평창21길,주거지 도로,37.6103735,126.9709246,37.6093898,126.970945,37.609881650000005,126.9709348,110.71945556323216,,,,221423145,,,,,평창동
평창23길,주거지 도로,37.6116327,126.9690785,37.6105391,126.969489,37.6110859,126.96928375,204.84666759295564,,,,221423272,,,,,평창동
평창길,주거지 도로,37.6116327,126.9690785,37.6116575,126.969453,37.6116451,126.96926575,34.167900941404,,,,848767985,,1,,,평창동
평창길,주거지 도로,37.6116327,126.9690785,37.6129813,126.9684679,37.612307,126.9687732,171.9718168431798,,,,848767985,,1,,,평창동
평창23길,주거지 도로,37.6105391,126.969489,37.6113611,126.9696529,37.6109501,126.96957095,97.05699812733673,,,,221423272,,,,,평창동
평창23길,주거지 도로,37.6105391,126.969489,37.6116327,126.9690785,37.6110859,126.96928375,204.8466675929556,,,,221423272,,,,,평창동
평창23길,주거지 도로,37.6105391,126.969489,37.6093218,126.9703566,37.60993044999999,126.9699228,184.2442179758604,,,,221423273,,,,,평창동
평창20길,주거지 도로,37.6113611,126.9696529,37.6111695,126.9700682,37.6112653,126.96986055,42.33360609937106,,,,86165642,,,,,평창동
평창20길,주거지 도로,37.6113611,126.9696529,37.6116575,126.969453,37.6115093,126.96955295,41.01388775774309,,,,86165642,,,,,평창동
평창23길,주거지 도로,37.6113611,126.9696529,37.6105391,126.969489,37.6109501,126.96957095,97.05699812733673,,,,221423272,,,,,평창동
평창23길,주거지 도로,37.6093218,126.9703566,37.6105391,126.969489,37.60993044999999,126.9699228,184.2442179758604,,,,221423273,,,,,평창동
자하문로,3차로,37.5765312,126.9725004,37.5763145,126.9725345,37.57642285,126.97251745,24.28264251310655,,,,237899608,,,,,사직동
자하문로,3차로,37.5765312,126.9725004,37.5779059,126.9719758,37.57721855,126.9722381,159.79649269022866,,,,237899608,,,,,사직동
자하문로1길,주거지 도로,37.5765312,126.9725004,37.5764832,126.9704929,37.576507199999995,126.97149665,178.00662393129116,,,,"[1149018536, 223165009]",,,,,사직동
경희궁4길,주거지 도로,37.5747429,126.9703843,37.5740966,126.9698828,37.57441975,126.97013355,84.36812604867286,,,,221431169,,,,,사직동
사직로8길,3차로,37.5747429,126.9703843,37.5740414,126.9726915,37.574392149999994,126.9715379,219.5764982465891,,,,37399752,,4,,,사직동
사직로8길,3차로,37.5747429,126.9703843,37.5755775,126.9689014,37.5751602,126.96964285,160.31595850280712,,,,37399752,,4,,,사직동
경희궁4길,주거지 도로,37.5740966,126.9698828,37.5747429,126.9703843,37.57441975,126.97013355,84.36812604867286,,,,221431169,,,,,사직동
경희궁4길,주거지 도로,37.5740966,126.9698828,37.5734683,126.9686038,37.57378245,126.9692433,135.35515253557895,,,,221431169,,,,,사직동
경희궁4길,주거지 도로,37.5740966,126.9698828,37.573055,126.9716663,37.5735758,126.97077455,206.6389849211671,,,,221431173,,,,,사직동
경희궁4길,주거지 도로,37.5734683,126.9686038,37.5740966,126.9698828,37.57378245,126.9692433,135.35515253557895,,,,221431169,,,,,사직동
경희궁길,주거지 도로,37.5734683,126.9686038,37.5740564,126.9676398,37.57376235,126.9681218,107.2868181356252,,,,221431170,,,,,사직동
경희궁3길,주거지 도로,37.5734683,126.9686038,37.5733812,126.9674001,37.57342475,126.96800195,139.36158276071728,,,,221431171,,,,,사직동
경희궁3길,주거지 도로,37.5737675,126.967164,37.5740564,126.9676398,37.57391195,126.9674019,53.089331776688866,,,,221431171,,,,,사직동
경희궁3길,주거지 도로,37.5737675,126.967164,37.5733812,126.9674001,37.57357435,126.96728205,47.75023859639532,,,,221431171,,,,,사직동
경희궁3나길,주거지 도로,37.5737675,126.967164,37.5724096,126.9661043,37.57308855,126.96663415,205.2274850198235,,,,773054444,,,,,사직동
경희궁길,주거지 도로,37.5740564,126.9676398,37.574451,126.9673911,37.5742537,126.96751545,49.04721451781302,,,,221431170,,,,,사직동
경희궁길,주거지 도로,37.5740564,126.9676398,37.5734683,126.9686038,37.57376235,126.9681218,107.2868181356252,,,,221431170,,,,,사직동
경희궁3길,주거지 도로,37.5740564,126.9676398,37.5737675,126.967164,37.57391195,126.9674019,53.089331776688866,,,,221431171,,,,,사직동
경희궁4길,주거지 도로,37.573055,126.9716663,37.5740966,126.9698828,37.5735758,126.97077455,206.6389849211671,,,,221431173,,,,,사직동
자하문로9길,주거지 도로,37.579403,126.9687497,37.5794335,126.9700717,37.57941825,126.9694107,116.54806563935578,,,,221435151,,,,,청운효자동
"['필운대로5길', '옥인3길', '필운대로5나길']",주거지 도로,37.579403,126.9687497,37.581051,126.9665598,37.580227,126.96765475,440.5890160268477,,,,"[223421019, 223165012, 233647095]",,,,,청운효자동
필운대로,3차로,37.579403,126.9687497,37.5805137,126.9685839,37.57995835,126.9686668,124.39879821739628,,,,517634884,,2,,,청운효자동
필운대로,3차로,37.579403,126.9687497,37.5780665,126.9694154,37.578734749999995,126.96908255,162.1733070206697,,,,517634902,,,,,청운효자동
자하문로6길,생활도로,37.5779059,126.9719758,37.578269,126.9739238,37.57808745,126.9729498,177.58776480215383,,,,221435155,,,,,사직동
자하문로,3차로,37.5779059,126.9719758,37.5794665,126.9713622,37.5786862,126.971669,182.4807552224493,,,,237899608,,,,,사직동
자하문로,3차로,37.5779059,126.9719758,37.5765312,126.9725004,37.57721855,126.9722381,159.7964926902287,,,,237899608,,,,,사직동
자하문로6길,생활도로,37.578269,126.9739238,37.5779059,126.9719758,37.57808745,126.9729498,177.5877648021538,,,,221435155,,,,,사직동
효자로,3차로,37.578269,126.9739238,37.5793174,126.9738186,37.5787932,126.9738712,116.97624592538516,,,,636449776,,4,,,사직동
효자로,3차로,37.578269,126.9739238,37.5758072,126.9742746,37.5770381,126.9740992,275.52705837822384,,,,"[636449776, 1147603101]",,4,,,사직동
진흥로22길,주거지 도로,37.6068266,126.9587557,37.6069767,126.9589085,37.60690165,126.9588321,21.44170626386467,,,,220565744,,,,,평창동
진흥로22길,주거지 도로,37.6068266,126.9587557,37.6066358,126.9585379,37.6067312,126.9586468,28.67912456958775,,,,220565744,,,,,평창동
세검정로9길,주거지 도로,37.6068266,126.9587557,37.6058426,126.9599509,37.6063346,126.9593533,157.87528672833918,,,,221499927,,,True,,평창동
진흥로22길,주거지 도로,37.6054198,126.9554816,37.6060344,126.9576913,37.6057271,126.95658645,231.89212270060605,,,,517644408,,,,,평창동
진흥로22길,주거지 도로,37.6062346,126.9580312,37.6060344,126.9576913,37.6061345,126.95786125,37.45469667906171,,,,220565744,,,,,평창동
진흥로22길,주거지 도로,37.6062346,126.9580312,37.6066358,126.9585379,37.6064352,126.95828455,63.15208704898886,,,,220565744,,,,,평창동
진흥로22가길,주거지 도로,37.6062346,126.9580312,37.6059742,126.9588553,37.6061044,126.95844325,80.37550978199396,,,,221499933,,,,,평창동
진흥로22나길,주거지 도로,37.6062346,126.9580312,37.6066233,126.9575264,37.60642895,126.9577788,62.21860550875102,,,,221499940,,,,,평창동
진흥로22가길,주거지 도로,37.6053909,126.95997,37.6052689,126.9601884,37.6053299,126.9600792,23.58980572120616,,,,689419198,,,,,부암동
진흥로22가길,주거지 도로,37.6052689,126.9601884,37.6052251,126.9602781,37.605247,126.96023325,9.282253873849973,,,,689419198,,,,,부암동
진흥로22가길,주거지 도로,37.6052689,126.9601884,37.6053333,126.9586932,37.6053011,126.9594408,163.76623333343224,,,,221499936,,,,,평창동
진흥로22가길,주거지 도로,37.6052689,126.9601884,37.6053909,126.95997,37.6053299,126.9600792,23.58980572120616,,,,689419198,,,,,부암동
진흥로22가길,주거지 도로,37.6052251,126.9602781,37.6052689,126.9601884,37.605247,126.96023325,9.282253873849973,,,,689419198,,,,,부암동
세검정로9길,주거지 도로,37.6052251,126.9602781,37.6050036,126.9604141,37.60511435,126.9603461,27.395002238880046,,,,221499927,,,True,,부암동
진흥로22가길,주거지 도로,37.6053333,126.9586932,37.6049517,126.9582312,37.6051425,126.9584622,72.76803386163299,,,,221499936,,,,,평창동
진흥로22가길,주거지 도로,37.6053333,126.9586932,37.6052689,126.9601884,37.6053011,126.9594408,163.76623333343224,,,,221499936,,,,,평창동
진흥로22가길,주거지 도로,37.6053333,126.9586932,37.6059742,126.9588553,37.60565375,126.95877425,75.08902106184985,,,,221499938,,,,,평창동
진흥로22가길,주거지 도로,37.6049517,126.9582312,37.6053333,126.9586932,37.6051425,126.9584622,72.76803386163299,,,,221499936,,,,,평창동
진흥로22가길,주거지 도로,37.6059742,126.9588553,37.6058087,126.959534,37.60589145,126.95919465,66.79643581430601,,,,221499933,,,,,평창동
진흥로22가길,주거지 도로,37.6059742,126.9588553,37.6062346,126.9580312,37.6061044,126.95844325,80.37550978199396,,,,221499933,,,,,평창동
진흥로22가길,주거지 도로,37.6059742,126.9588553,37.6053333,126.9586932,37.60565375,126.95877425,75.08902106184985,,,,221499938,,,,,평창동
진흥로22나길,주거지 도로,37.6066775,126.9552716,37.6068261,126.9572092,37.6067518,126.9562404,174.86208115907826,,,,221499940,,,,,평창동
진흥로22나길,주거지 도로,37.6068261,126.9572092,37.6066233,126.9575264,37.6067247,126.9573678,35.92046932756815,,,,221499940,,,,,평창동
진흥로22나길,주거지 도로,37.6068261,126.9572092,37.6066775,126.9552716,37.6067518,126.9562404,174.8620811590783,,,,221499940,,,,,평창동
진흥로22나길,주거지 도로,37.6068261,126.9572092,37.607587,126.9560752,37.60720655,126.9566422,141.17376600006477,,,,221499945,,,,,평창동
진흥로22나길,주거지 도로,37.607587,126.9560752,37.6068261,126.9572092,37.60720655,126.9566422,141.17376600006477,,,,221499945,,,,,평창동
진흥로22나길,주거지 도로,37.6066233,126.9575264,37.6070224,126.9579445,37.60682285,126.95773545,57.67064383132217,,,,221499947,,,,,평창동
진흥로22나길,주거지 도로,37.6066233,126.9575264,37.6062346,126.9580312,37.60642895,126.9577788,62.21860550875102,,,,221499940,,,,,평창동
진흥로22나길,주거지 도로,37.6066233,126.9575264,37.6068261,126.9572092,37.6067247,126.9573678,35.92046932756815,,,,221499940,,,,,평창동
진흥로22나길,주거지 도로,37.6070224,126.9579445,37.6073234,126.958251,37.607172899999995,126.95809775,43.002364869563245,,,,221499947,,,,,평창동
진흥로22나길,주거지 도로,37.6070224,126.9579445,37.6066233,126.9575264,37.60682285,126.95773545,57.67064383132217,,,,221499947,,,,,평창동
진흥로22길,주거지 도로,37.6070224,126.9579445,37.6066358,126.9585379,37.6068291,126.9582412,67.67890358077035,,,,221499949,,,,,평창동
진흥로22길,주거지 도로,37.6066358,126.9585379,37.6070224,126.9579445,37.6068291,126.9582412,67.67890358077035,,,,221499949,,,,,평창동
진흥로22길,주거지 도로,37.6066358,126.9585379,37.6062346,126.9580312,37.6064352,126.95828455,63.15208704898886,,,,220565744,,,,,평창동
진흥로22길,주거지 도로,37.6066358,126.9585379,37.6068266,126.9587557,37.6067312,126.9586468,28.67912456958775,,,,220565744,,,,,평창동
진흥로23길,주거지 도로,37.6082746,126.9588024,37.6069767,126.9589085,37.60762565,126.95885545,182.62486216806843,,,,221499951,,,,,평창동
진흥로21길,주거지 도로,37.6076319,126.9578629,37.6087911,126.9582911,37.6082115,126.958077,135.3454251646277,,,,221499953,,,,,평창동
진흥로21길,주거지 도로,37.6087911,126.9582911,37.6085297,126.9594772,37.6086604,126.95888415,108.44945812733464,,,,221499953,,,,,평창동
진흥로21길,주거지 도로,37.6087911,126.9582911,37.6076319,126.9578629,37.6082115,126.958077,135.34542516462767,,,,221499953,,,,,평창동
진흥로21길,주거지 도로,37.6087911,126.9582911,37.6092367,126.9583439,37.609013899999994,126.9583175,50.37679026722627,,,,221499955,,,,,평창동
진흥로21길,주거지 도로,37.6085297,126.9594772,37.6087911,126.9582911,37.6086604,126.95888415,108.44945812733464,,,,221499953,,,,,평창동
비봉1길,주거지 도로,37.6095271,126.9557284,37.6090258,126.9543225,37.60927645,126.95502545,156.87886438386064,,,,689045874,,1,,,평창동
비봉1길,주거지 도로,37.6095271,126.9557284,37.6106151,126.9553763,37.6100711,126.95555235,137.89857128678068,,,,848767970,,1,,,평창동
비봉1길,주거지 도로,37.6095271,126.9557284,37.6090289,126.9558806,37.609278,126.9558045,57.35569960821436,,,,848767971,,1,,,평창동
비봉1길,주거지 도로,37.6106151,126.9553763,37.6095271,126.9557284,37.6100711,126.95555235,137.89857128678068,,,,848767970,,1,,,평창동
비봉길,주거지 도로,37.6108292,126.9564757,37.61161,126.9564,37.6112196,126.95643785,87.14745462137464,,,,221499959,,2,,,평창동
비봉길,주거지 도로,37.6108292,126.9564757,37.6099379,126.956537,37.610383549999995,126.95650635,99.2696188004471,,,,221499959,,2,,,평창동
비봉2길,주거지 도로,37.6108292,126.9564757,37.6115949,126.9577672,37.61121205,126.95712145,147.97682887898205,,,,221501473,,,,,평창동
비봉2길,주거지 도로,37.6115949,126.9577672,37.6124728,126.9588517,37.61203385,126.95830945,144.42871214226665,,,,221501468,,,,,평창동
비봉2길,주거지 도로,37.6115949,126.9577672,37.6099519,126.9566606,37.6107734,126.9572139,244.10718991021463,,yes,,"[1179657472, 1179657473, 221501468, 1179657470, 1179657471]",,,,,평창동
비봉2길,주거지 도로,37.6115949,126.9577672,37.6108292,126.9564757,37.61121205,126.95712145,147.97682887898205,,,,221501473,,,,,평창동
홍은중앙로,주거지 도로,37.597499,126.9464354,37.5975448,126.9464708,37.5975219,126.9464531,5.971838165258452,,,,516177109,,,,,홍은1동
홍은중앙로,주거지 도로,37.597499,126.9464354,37.5968831,126.9463063,37.59719105,126.94637085,69.82366248459434,,,,516179439,,,,,홍은1동
간호대로,주거지 도로,37.597499,126.9464354,37.5973754,126.9468882,37.5974372,126.9466618,42.263173873153654,,yes,,"[625174529, 625174530, 221501487]",,,,,홍제3동
홍은중앙로,주거지 도로,37.5977985,126.9466136,37.5979972,126.9467591,37.59789785,126.94668635,25.54378614085315,,,,516177109,,,,,홍은1동
홍은중앙로,주거지 도로,37.5977985,126.9466136,37.5975448,126.9464708,37.59767165,126.9465422,30.888408284295405,,,,516177109,,,,,홍은1동
홍은중앙로,주거지 도로,37.5977985,126.9466136,37.5983525,126.945981,37.5980755,126.9462973,84.00134190166351,,,,237395501,,,,,홍은1동
홍은중앙로7길,주거지 도로,37.5990864,126.9476645,37.599579,126.9474795,37.5993327,126.947572,57.14810298662157,,,,237395497,,,,,홍은1동
홍은중앙로,주거지 도로,37.5990864,126.9476645,37.5989415,126.9475442,37.59901395,126.94760435,19.28544426102427,,,,516177109,,,,,홍은1동
홍은중앙로,주거지 도로,37.5990864,126.9476645,37.5992805,126.9480142,37.59918345,126.94783935,39.54281919428172,,,,516177109,,,,,홍은1동
홍은중앙로,주거지 도로,37.5993784,126.948443,37.5992798,126.9487032,37.5993291,126.9485731,25.41047350928258,,,,463354703,,,,,홍은1동
홍은중앙로,주거지 도로,37.5993784,126.948443,37.5998822,126.9487091,37.5996303,126.94857605,60.85998402199263,,,,516177109,,,,,홍은1동
홍은중앙로,주거지 도로,37.5993784,126.948443,37.5992805,126.9480142,37.59932945,126.9482286,40.04017772772824,,,,516177109,,,,,홍은1동
홍은중앙로,주거지 도로,37.6003043,126.9488822,37.6005427,126.948959,37.6004235,126.9489206,27.35873135507927,,,,516177109,,,,,홍은1동
홍은중앙로,주거지 도로,37.6003043,126.9488822,37.600281,126.94945,37.60029265,126.9491661,50.111646546696086,,,,463354706,,,,,홍은1동
홍은중앙로,주거지 도로,37.6003043,126.9488822,37.5998822,126.9487091,37.60009325,126.94879565,49.36942070780502,,,,516177109,,,,,홍은1동
홍은중앙로11길,주거지 도로,37.6011183,126.9491665,37.6013037,126.9485454,37.601211000000006,126.94885595,59.22999781040212,,,,463353288,,,,,홍은1동
홍은중앙로,주거지 도로,37.6011183,126.9491665,37.6013971,126.9494343,37.601257700000005,126.9493004,39.01024856265239,,,,516177109,,,,,홍은1동
홍은중앙로,주거지 도로,37.6011183,126.9491665,37.6005427,126.948959,37.6008305,126.94906275,66.60413820154643,,,,516177109,,,,,홍은1동
홍은중앙로,주거지 도로,37.6017428,126.9492253,37.6019111,126.9497082,37.60182695,126.94946675,46.4760749355584,,,,913061247,,,,,홍은1동
홍은중앙로,주거지 도로,37.6017428,126.9492253,37.6034091,126.9494421,37.60257595,126.9493337,196.3950633681026,,,,516177109,,,,,홍은1동
홍은중앙로,주거지 도로,37.6017428,126.9492253,37.6013971,126.9494343,37.60156995,126.9493298,46.08294268382425,,,,516177109,,,,,홍은1동
홍은중앙로,주거지 도로,37.6053297,126.9498567,37.6055405,126.9499323,37.605435099999994,126.9498945,24.41776165405024,,,,"[516177108, 516177109]",,,,,홍은1동
홍은중앙로,주거지 도로,37.6053297,126.9498567,37.6043533,126.9497509,37.6048415,126.9498038,109.4014003441896,,,,516177109,,,,,홍은1동
홍은중앙로,주거지 도로,37.6053297,126.9498567,37.6043533,126.9497509,37.6048415,126.9498038,210.22884080864185,,,,913058429,,,,,홍은1동
홍은중앙로,주거지 도로,37.6060473,126.9507531,37.6055405,126.9499323,37.605793899999995,126.9503427,91.69886962581496,,,,516177108,,,,,홍은1동
삼봉로,주거지 도로,37.5727157,126.9784059,37.5726132,126.978668,37.572664450000005,126.97853695,38.698022760088705,,,,221974028,,,True,,종로1·2·3·4가동
삼봉로,주거지 도로,37.5727157,126.9784059,37.5727218,126.9772744,37.57271875,126.97784015,99.72254391416696,,,,221974029,,,,,종로1·2·3·4가동
삼봉로,주거지 도로,37.5727218,126.9772744,37.5727157,126.9784059,37.57271875,126.97784015,99.72254391416696,,,,221974029,,,,,종로1·2·3·4가동
율곡로2길,주거지 도로,37.5742778,126.9793783,37.5751512,126.9805493,37.5747145,126.9799638,141.71035438044805,,,,37397708,,2,,,종로1·2·3·4가동
종로5길,주거지 도로,37.5742778,126.9793783,37.5724752,126.980159,37.573376499999995,126.97976865,213.39092224819305,,,,221974031,,,,,종로1·2·3·4가동
종로5길,,37.5742778,126.9793783,37.5743279,126.9785689,37.574302849999995,126.9789736,71.88562136854505,,,,221974032,,1,True,,종로1·2·3·4가동
종로5길,주거지 도로,37.5703014,126.9810009,37.5712251,126.9808353,37.57076325,126.9809181,104.82143413279888,,,,221975143,,,,,종로1·2·3·4가동
인사동길,주거지 도로,37.5738981,126.9850326,37.5729775,126.9862331,37.5734378,126.98563285,148.10141500215155,,,,26658460,,,True,,종로1·2·3·4가동
인사동10길,주거지 도로,37.5738981,126.9850326,37.5745982,126.9870015,37.57424815,126.98601705,192.40014460734736,,,,221977892,,,,,종로1·2·3·4가동
인사동10길,주거지 도로,37.5745982,126.9870015,37.5738981,126.9850326,37.57424815,126.98601705,192.40014460734736,,,,221977892,,,,,종로1·2·3·4가동
임정로,3차로,37.5434253,126.9601665,37.5429084,126.9605744,37.543166850000006,126.96037045,67.82519177529161,,,,515849801,,,True,,효창동
청파로47길,주거지 도로,37.5447004,126.9678103,37.544759,126.9674714,37.544729700000005,126.96764085,30.581081590207994,,,,221980511,,,,,청파동
청파로45길,주거지 도로,37.5447004,126.9678103,37.5446152,126.9682372,37.5446578,126.96802375,38.81133261098312,,,,222002667,,,True,,청파동
청파로47길,주거지 도로,37.5447004,126.9678103,37.5440689,126.9676244,37.54438465,126.96771735,77.33358751770604,,,,464377247,,,,,청파동
두텁바위로5길,주거지 도로,37.5452647,126.9733818,37.5455692,126.9733669,37.54541695,126.97337435,33.88437611007484,,,,464447942,,,,,남영동
효자로,3차로,37.5836735,126.9732932,37.5836126,126.9736293,37.583643050000006,126.97346125,30.38080415862868,,,,799583672,,4,,,청운효자동
효자로,,37.5836735,126.9732932,37.5829919,126.9736714,37.5833327,126.9734823,84.71651869166884,,,,636449778,,,True,,청운효자동
효자로,3차로,37.5836735,126.9732932,37.5837495,126.9726994,37.58371150000001,126.9729963,53.01043702408535,,,,1147356354,,4,,,청운효자동
효자로,주거지 도로,37.5346149,126.975794,37.5356175,126.9755685,37.5351162,126.97568125,124.38979391625163,,,,229505087,,,,,남영동
이태원로4길,주거지 도로,37.5346149,126.975794,37.5341558,126.9756853,37.53438535,126.97573965,51.941659011985,,,,923678555,,,,,한강로동
진흥로12가길,주거지 도로,37.6082954,126.9266713,37.6082193,126.9275306,37.60825735,126.92710095,76.49177865507995,,,,222020518,,,,,녹번동
진흥로12길,주거지 도로,37.6082954,126.9266713,37.6080656,126.9267332,37.6081805,126.92670225,26.13187180802997,,,,377720746,,,,,녹번동
진흥로12길,주거지 도로,37.6082954,126.9266713,37.6084803,126.9265819,37.60838785,126.9266266,22.04397280535464,,,,377720746,,,,,녹번동
서오릉로,주거지 도로,37.6036095,126.9253029,37.6036324,126.9260819,37.60362095,126.9256924,70.38206062017699,,,,222020519,,,,,녹번동
서오릉로,주거지 도로,37.6035963,126.9265201,37.6036324,126.9260819,37.60361435,126.926301,38.811125393961206,,,,222020519,,,,,녹번동
서오릉로,주거지 도로,37.6035963,126.9265201,37.6034124,126.9271228,37.60350435,126.92682145,56.93111042109375,,,,222020519,,,,,녹번동
녹번로,주거지 도로,37.6035963,126.9265201,37.6030717,126.9269283,37.603334,126.9267242,79.36129371807397,,,,377720753,,,,,녹번동
은평로21길,주거지 도로,37.6010111,126.933805,37.6012918,126.933834,37.60115145,126.9338195,31.316844997869012,,,,462684397,,,,,녹번동
은평로21길,주거지 도로,37.6021161,126.931987,37.6016035,126.931868,37.6018598,126.9319275,57.95467061488368,,,,222020520,,,,,녹번동
은평로21길,주거지 도로,37.6021161,126.931987,37.6021324,126.9319445,37.60212425,126.93196575,4.159721295498323,,,,462684397,,,,,녹번동
은평로21길,주거지 도로,37.6021161,126.931987,37.601872,126.9327227,37.60199405,126.93235485,70.26720961572917,,,,462684397,,,,,녹번동
은평로21길,주거지 도로,37.6011916,126.9318376,37.6016035,126.931868,37.60139755,126.9318528,45.879488324108024,,,,702994521,,,,,녹번동
은평로18길,주거지 도로,37.6011916,126.9318376,37.6007289,126.9317866,37.60096025,126.9318121,51.94828635770762,,,,1143069413,,,,,응암1동
은평로21길,주거지 도로,37.6027427,126.9302607,37.6026084,126.9305751,37.60267555,126.9304179,31.466593099170865,,,,462684397,,,,,녹번동
"['은평로', '은평로21길']",주거지 도로,37.6027427,126.9302607,37.6020202,126.930164,37.60238145,126.93021235,80.80629224356841,,,,"[222020521, 462688077]",,,,,녹번동
은평로21길,주거지 도로,37.6027427,126.9302607,37.6030774,126.9292949,37.60291005,126.9297778,93.14833658235824,,,,462684397,,,,,녹번동
은평로21길,주거지 도로,37.6014321,126.9294277,37.601782,126.9293788,37.60160705,126.92940325,40.413474814215405,,,,222020522,,,,,녹번동
은평로,주거지 도로,37.6014321,126.9294277,37.6008043,126.9288265,37.6011182,126.9291271,146.97027430601247,,,,463033038,,,,,응암1동
은평로,주거지 도로,37.6020883,126.9294537,37.60205,126.9298531,37.60206915,126.9296534,35.442445225894716,,,,222020523,,,,,녹번동
은평로,주거지 도로,37.6020883,126.9294537,37.6019393,126.9293595,37.602013799999995,126.9294066,19.29003049046552,,,,222020522,,,,,녹번동
은평로,주거지 도로,37.6020883,126.9294537,37.602088,126.9292387,37.60208815,126.9293462,21.915584150975633,,,,222020523,,,,,녹번동
은평로,주거지 도로,37.6020202,126.930164,37.60205,126.9298531,37.602035099999995,126.93000855,27.58885759926393,,,,222020523,,,,,녹번동
은평로,주거지 도로,37.6020202,126.930164,37.60153,126.9301233,37.6017751,126.93014365,54.625631128518656,,,,462688077,,,,,녹번동
"['은평로21길', '은평로']",주거지 도로,37.6020202,126.930164,37.6027427,126.9302607,37.60238145,126.93021235,80.80629224356841,,,,"[222020521, 462688077]",,,,,녹번동
"['은평로21길', '은평로']",주거지 도로,37.602088,126.9292387,37.6020883,126.9294537,37.60208815,126.9293462,21.915584150975633,,,,222020523,,,,,녹번동
"['은평로21길', '은평로']",주거지 도로,37.602088,126.9292387,37.6022735,126.9285653,37.60218075,126.928902,67.14045915032561,,,,222020524,,,,,녹번동
"['은평로21길', '은평로']",주거지 도로,37.602088,126.9292387,37.6019393,126.9293595,37.60201365,126.9292991,20.556584680951513,,,,222020524,,,,,녹번동
"['은평로21길', '은평로']",주거지 도로,37.6019393,126.9293595,37.601782,126.9293788,37.60186065,126.92936915,17.573431870936897,,,,222020522,,,,,녹번동
"['은평로21길', '은평로']",주거지 도로,37.6019393,126.9293595,37.6020883,126.9294537,37.602013799999995,126.9294066,19.29003049046552,,,,222020522,,,,,녹번동
"['은평로21길', '은평로']",주거지 도로,37.6019393,126.9293595,37.602088,126.9292387,37.60201365,126.9292991,20.556584680951513,,,,222020524,,,,,녹번동
"['은평로21길', '은평로']",주거지 도로,37.6022735,126.9285653,37.6015367,126.9284028,37.6019051,126.92848405,83.16984921743006,,,,222020525,,,,,녹번동
서오릉로2길,주거지 도로,37.6022735,126.9285653,37.6028603,126.9286322,37.6025669,126.92859875,65.5149023700942,,,,377724939,,,,,녹번동
서오릉로2길,주거지 도로,37.6022735,126.9285653,37.602309,126.9281446,37.60229125,126.92835495,37.271612044343925,,,,792461761,,,,,녹번동
서오릉로2길,주거지 도로,37.6022735,126.9285653,37.602088,126.9292387,37.60218075,126.928902,67.14045915032561,,,,222020524,,,,,녹번동
은평로11길,주거지 도로,37.6015897,126.9224595,37.6017733,126.9233039,37.6016815,126.9228817,77.13944233282346,,,,222020527,,,,,녹번동
은평로11길,주거지 도로,37.6015897,126.9224595,37.6016269,126.9219075,37.601608299999995,126.9221835,48.80504646547669,,,,222020528,,,,,녹번동
녹번로,3차로,37.6023817,126.9263675,37.60301,126.92688,37.60269585,126.92662375,83.1828622687503,,,,37401959,,,,,녹번동
"['은평로13길', '서오릉로']",주거지 도로,37.6023817,126.9263675,37.6022533,126.9254991,37.6023175,126.9259333,78.18050299141444,,,,"[462888802, 462888804]",,,,,응암1동
서오릉로2길,주거지 도로,37.6023817,126.9263675,37.6023656,126.9274756,37.60237365,126.92692155,98.41886064855274,,,,792461761,,,,,녹번동
서오릉로2길,주거지 도로,37.6017239,126.9205787,37.6016896,126.9209784,37.601706750000005,126.92077855,35.41820063083302,,,,222020528,,,,,녹번동
은평로11길,주거지 도로,37.6030618,126.9234092,37.6024198,126.9233567,37.6027408,126.92338295,71.53690870361616,,,,462888417,,,,,녹번동
은평로11길,주거지 도로,37.6030618,126.9234092,37.6043279,126.9235907,37.60369485,126.92349995,141.68914418307693,,,,462888417,,,,,녹번동
"['은평로13길', '은평로11길']",주거지 도로,37.6030618,126.9234092,37.6032937,126.9245301,37.60317775,126.92396965,102.05696739210188,,,,"[792461760, 462888812]",,,,,녹번동
은평로11길,주거지 도로,37.6030618,126.9234092,37.6030035,126.9225908,37.60303265,126.923,72.38791321345698,,,,"[462888812, 792461758]",,,,,녹번동
서오릉로,주거지 도로,37.6036676,126.9252525,37.6032937,126.9245301,37.60348065,126.9248913,76.01671435798784,,,,462888810,,,,,녹번동
은평로11길,주거지 도로,37.6017733,126.9233039,37.6019298,126.9240195,37.60185155,126.9236617,65.39960298696994,,,,222020527,,,,,녹번동
은평로11길,주거지 도로,37.6017733,126.9233039,37.6015897,126.9224595,37.6016815,126.9228817,77.13944233282346,,,,222020527,,,,,녹번동
은평로11길,주거지 도로,37.6017733,126.9233039,37.6019965,126.9233221,37.6018849,126.923313,24.870479266289387,,,,462888417,,,,,녹번동
은평로11길,주거지 도로,37.6017733,126.9233039,37.6012875,126.9234609,37.6015304,126.9233824,55.76117444040506,,,,462888417,,,,,응암1동
은평로11길,주거지 도로,37.6007441,126.9236365,37.6012875,126.9234609,37.6010158,126.9235487,62.37232404174594,,,,462888417,,,,,응암1동
은평로13길,주거지 도로,37.6022533,126.9254991,37.6027698,126.9250301,37.60251155,126.9252646,70.74991828520963,,,,222020530,,,,,녹번동
은평로13길,주거지 도로,37.6022533,126.9254991,37.6019814,126.9255876,37.60211735,126.92554335,31.223019704429035,,,,222020532,,,,,응암1동
은평로13길,주거지 도로,37.6022533,126.9254991,37.6020761,126.9246886,37.6021647,126.92509385,74.07073674245358,,,,462888804,,,,,녹번동
"['은평로13길', '서오릉로']",주거지 도로,37.6022533,126.9254991,37.6023817,126.9263675,37.6023175,126.9259333,78.18050299141444,,,,"[462888802, 462888804]",,,,,응암1동
은평로13길,주거지 도로,37.601208,126.9258391,37.6017406,126.9256659,37.6014743,126.9257525,61.15654783862502,,,,222020532,,,,,응암1동
은평로9길,주거지 도로,37.6029407,126.9219456,37.602192,126.9217302,37.60256635,126.9218379,85.3869820603514,,,,377719549,,,,,녹번동
진흥로,주거지 도로,37.6029407,126.9219456,37.6030035,126.9225908,37.6029721,126.9222682,57.26636999661621,,,,"[222020529, 792461759]",,,,,녹번동
진흥로,주거지 도로,37.6029407,126.9219456,37.6028542,126.9211543,37.60289745,126.92154995,70.3702274473003,,,,222020529,,,,,녹번동
진흥로1길,주거지 도로,37.6061976,126.9181196,37.6054944,126.9182157,37.605846,126.91816765,78.64931963845383,,,,516115163,,,,,역촌동
역말로7길,주거지 도로,37.6061976,126.9181196,37.6065563,126.9181093,37.60637695,126.91811445,40.08056973926307,,,,463126748,,,,,역촌동
연서로6길,주거지 도로,37.6041325,126.9156257,37.6042126,126.9165473,37.60417255,126.9160865,81.67466106364446,,,,222020535,,,,,역촌동
연서로5길,주거지 도로,37.6041325,126.9156257,37.6040719,126.9147197,37.6041022,126.9151727,80.09783256621236,,,,378934410,,,,,역촌동
진흥로7길,주거지 도로,37.6039942,126.9217349,37.6043042,126.9208907,37.6041492,126.9213128,82.01209275620144,,,,463035101,,,,,역촌동
연서로4길,주거지 도로,37.6024072,126.9158274,37.6024911,126.9165514,37.60244915,126.9161894,64.46005465657973,,,,222020536,,,,,역촌동
연서로3길,주거지 도로,37.6024072,126.9158274,37.6023748,126.9149444,37.602391,126.9153859,77.9712549378062,,,,378677085,,,,,역촌동
오금로,주거지 도로,37.5026845,127.1271079,37.5019761,127.1263493,37.5023303,127.1267286,103.35861119640424,,,,169917385,,,,,가락본동
오금로,주거지 도로,37.5026845,127.1271079,37.5030327,127.1275013,37.5028586,127.1273046,51.994307494635,,,,169917385,,,,,오금동
중대로29길,주거지 도로,37.5033433,127.1294422,37.5036787,127.1289091,37.503511,127.12917565,60.01978150175407,,,,169918645,,,,,오금동
중대로25길,주거지 도로,37.5027187,127.1288532,37.5030378,127.1283656,37.50287825,127.1286094,55.75940151428004,,,,169918652,,,,,오금동
마천로,주거지 도로,37.5086215,127.1260434,37.5091741,127.1246769,37.5088978,127.12536015,135.29280301514262,,,,392694216,,,,,방이1동
성산로22길,주거지 도로,37.5605118,126.9333324,37.5603975,126.9331851,37.56045465,126.93325875,18.169035527521345,,,,379198914,,,,,신촌동
성산로22길,주거지 도로,37.5605118,126.9333324,37.5601648,126.9337667,37.5603383,126.93354955,54.35314155958448,,,,832628691,,,,,신촌동
성산로22길,주거지 도로,37.5605118,126.9333324,37.5607004,126.9333488,37.5606061,126.9333406,21.695598960802226,,,,832628691,,,,,신촌동
송죽길,주거지 도로,37.5846854,126.9390275,37.5848535,126.9388868,37.58476945,126.93895715,22.42984472539942,,,,463701075,,,,,홍제1동
송죽길,주거지 도로,37.5846854,126.9390275,37.5847585,126.9393603,37.58472195,126.9391939,30.864183712809098,,,,379154655,,,,,홍제1동
송죽길,주거지 도로,37.5846854,126.9390275,37.5842711,126.9393711,37.58447825,126.9391993,55.13804225846963,,,,463701075,,,,,홍제1동
자하문로,3차로,37.5814629,126.9708617,37.5819969,126.9707489,37.5817299,126.9708053,60.20440787868929,,,,237899607,,4,,,청운효자동
자하문로16길,주거지 도로,37.5814629,126.9708617,37.581536,126.971517,37.581499449999995,126.97118935,58.31627492259122,,,,222965494,,,,,청운효자동
자하문로,3차로,37.5814629,126.9708617,37.5794665,126.9713622,37.5804647,126.97111195,226.3985045418333,,,,237899607,,4,,,청운효자동
자하문로17길,주거지 도로,37.5814629,126.9708617,37.5813611,126.9684569,37.581412,126.9696593,212.8674128097788,,,,609177368,,,,,청운효자동
효자로,3차로,37.5818079,126.9736807,37.5829919,126.9736714,37.5823999,126.97367605,131.65752970938723,,,,1147603093,,4,,,청운효자동
자하문로16길,주거지 도로,37.5818079,126.9736807,37.581536,126.971517,37.58167195,126.97259885,193.17739851396416,,,,222965494,,,,,청운효자동
효자로,3차로,37.5818079,126.9736807,37.5793174,126.9738186,37.580562650000005,126.97374965,277.29913957961185,,,,1147603094,,4,,,청운효자동
필운대로,3차로,37.5813611,126.9684569,37.5838436,126.9703765,37.58260235,126.9694167,581.016072600584,,,,"[1148329254, 180204326]",,,,,청운효자동
자하문로17길,주거지 도로,37.5813611,126.9684569,37.5814629,126.9708617,37.581412,126.9696593,212.86741280977876,,,,609177368,,,,,청운효자동
필운대로,3차로,37.5813611,126.9684569,37.5805137,126.9685839,37.5809374,126.9685204,95.00059645868762,,,,1149018505,,,,,청운효자동
자하문로1길,주거지 도로,37.5770875,126.9692727,37.5764832,126.9704929,37.576785349999994,126.9698828,127.1040002093739,,,,223165009,,,,,사직동
필운대로,3차로,37.5770875,126.9692727,37.5761885,126.9691007,37.576638,126.9691867,101.1388953783226,,,,1149018538,,,,,사직동
필운대로,3차로,37.5770875,126.9692727,37.5780665,126.9694154,37.577577,126.96934405,109.9148640301618,,,,1149018542,,,,,사직동
자하문로1길,주거지 도로,37.5760993,126.9703292,37.5764832,126.9704929,37.57629125,126.97041105,45.06369179688366,,,,223421040,,,,,사직동
세종대로23길,주거지 도로,37.5716061,126.9725942,37.5716143,126.9748477,37.571610199999995,126.97372095,198.60827904438193,,,,223166194,,,,,사직동
새문안로3길,주거지 도로,37.5716061,126.9725942,37.5740414,126.9726915,37.57282375,126.97264285,270.9343465958983,,,,516417604,,,,,사직동
새문안로3길,주거지 도로,37.5716061,126.9725942,37.5701892,126.9725486,37.57089765,126.9725714,157.6035637335517,,,,516417604,,,,,사직동
새문안로3길,주거지 도로,37.5876048,126.9889386,37.5861189,126.9855436,37.586861850000005,126.9872411,354.96839238772594,,,,223166206,,,,,가회동
와룡공원길,3차로,37.5864119,126.9853029,37.5910023,126.9897676,37.5887071,126.98753525,927.216546891148,,,,"[277257908, 223166207]",,,,,가회동
북촌로,3차로,37.5864119,126.9853029,37.5869645,126.9817062,37.5866882,126.98350455,426.20693027348983,,,,"[1149812448, 1149812449, 517318141]",,,,,삼청동
북촌로,3차로,37.5864119,126.9853029,37.5861189,126.9855436,37.5862654,126.98542325,38.90177269149619,,,,517318141,,,,,가회동
와룡공원길,3차로,37.5910023,126.9897676,37.5864119,126.9853029,37.5887071,126.98753525,927.216546891148,,,,"[277257908, 223166207]",,,,,가회동
성북로31길,3차로,37.5910023,126.9897676,37.5921732,126.9890279,37.59158775,126.98939775,154.54770141135816,yes,,,"[607913400, 607913401, 800202252, 415862918]",,,,,성북동
성북로31길,주거지 도로,37.5926958,126.98927,37.5921732,126.9890279,37.5924345,126.98914895,74.49657461416032,,,,381204590,,,,,성북동
성북로31길,3차로,37.5926958,126.98927,37.5921732,126.9890279,37.5924345,126.98914895,69.33145126819348,,,,800202252,,,,,성북동
성북로31길,주거지 도로,37.5926958,126.98927,37.5932772,126.9889778,37.5929865,126.9891239,103.59983336934722,,,,"[381204508, 779522135]",,,,,성북동
성북로31길,3차로,37.5926958,126.98927,37.5928345,126.9893488,37.592765150000005,126.9893094,17.6175730911513,,,,800202252,,,,,성북동
성북로31길,3차로,37.5929579,126.9893228,37.5928345,126.9893488,37.5928962,126.9893358,13.911381217581544,,,,800202252,,,,,성북동
성북로31길,주거지 도로,37.5929579,126.9893228,37.5930143,126.9894225,37.592986100000005,126.98937265,10.81293526132742,,,,381204532,,,,,성북동
성북로31길,3차로,37.5929579,126.9893228,37.5932772,126.9889778,37.59311755,126.9891503,47.34966094846992,,,,800202252,,,,,성북동
성북로31길,주거지 도로,37.5932772,126.9889778,37.5926958,126.98927,37.5929865,126.9891239,103.5998333693472,,,,"[381204508, 779522135]",,,,,성북동
성북로31길,3차로,37.5932772,126.9889778,37.5941263,126.9883747,37.59370175,126.98867625,110.83314523756567,,,,800202252,,,,,성북동
성북로31길,3차로,37.5932772,126.9889778,37.5929579,126.9893228,37.59311755,126.9891503,47.34966094846992,,,,800202252,,,,,성북동
성북로31길,3차로,37.5944891,126.9893727,37.5946421,126.9894399,37.5945656,126.9894063,18.013641378149725,,,,800202252,,,,,성북동
성북로31길,주거지 도로,37.5944891,126.9893727,37.5943218,126.9892993,37.59440545,126.989336,19.851249922566534,,,,381204510,,,,,성북동
성북로31길,3차로,37.5944891,126.9893727,37.5943059,126.9883208,37.5943975,126.98884675,170.54370056716976,,,,800202252,,,,,성북동
성북로31길,주거지 도로,37.5951249,126.9899222,37.5958026,126.9861659,37.59546375,126.98804405,346.9660921259064,,,,381204518,,,,,성북동
성북로31길,3차로,37.5951249,126.9899222,37.5946616,126.9908246,37.59489325,126.9903734,102.48402168576972,,,,800202252,,,,,성북동
성북로31길,3차로,37.5951249,126.9899222,37.5946421,126.9894399,37.5948835,126.98968105,70.62790558517055,,,,800202252,,,,,성북동
성북로31길,주거지 도로,37.5556732,126.9634409,37.5554218,126.9633081,37.5555475,126.9633745,30.306649206079797,,,,902547925,,,,,중림동
손기정로,3차로,37.5556732,126.9634409,37.5549277,126.9642003,37.55530045,126.9638206,110.51963593619588,,,,515561246,,,,,중림동
손기정로,3차로,37.5556732,126.9634409,37.5559965,126.9627566,37.55583485,126.96309875,71.6754921775026,,,,515561246,,,,,중림동
손기정로,주거지 도로,37.5549467,126.9649293,37.5549422,126.9652108,37.55494445,126.96507005,24.819842893913396,,,,902547922,,,,,중림동
만리재로31길,주거지 도로,37.5549467,126.9649293,37.5544741,126.965382,37.554710400000005,126.96515565,66.20010830886093,,,,422584939,,,,,중림동
손기정로,3차로,37.5549467,126.9649293,37.5549277,126.9642003,37.5549372,126.9645648,64.94019765066726,,,,515561246,,,,,중림동
효창목4길,주거지 도로,37.5472718,126.9606845,37.547261,126.9604583,37.5472664,126.9605714,19.97817158117836,,,,223296641,,,,,공덕동
효창목길,주거지 도로,37.5472718,126.9606845,37.5470949,126.9610918,37.54718335,126.96088815,40.94831393334982,,,,223296638,,,,,효창동
효창목길,주거지 도로,37.5472718,126.9606845,37.5479324,126.960239,37.5476021,126.96046175,92.87737385735971,,,,515849800,,,,,공덕동
효창목5길,주거지 도로,37.5479324,126.960239,37.5479957,126.9602743,37.54796405,126.96025665,7.695939463451773,,,,377373721,,,,,공덕동
효창목길,주거지 도로,37.5479324,126.960239,37.5478883,126.959914,37.547910349999995,126.9600765,29.261918755561375,,,,515849800,,,,,공덕동
효창목길,주거지 도로,37.5479324,126.960239,37.5472718,126.9606845,37.5476021,126.96046175,92.87737385735971,,,,515849800,,,,,공덕동
효창목길,주거지 도로,37.5478883,126.959914,37.54821,126.960073,37.54804915,126.9599935,43.494742068715496,,,,377373665,,,,,공덕동
효창목길,주거지 도로,37.5478883,126.959914,37.5477744,126.9597404,37.54783135,126.9598272,19.95378577164675,,,,515849800,,,,,공덕동
효창목길,주거지 도로,37.5478883,126.959914,37.5479324,126.960239,37.547910349999995,126.9600765,29.261918755561375,,,,515849800,,,,,공덕동
효창목2길,주거지 도로,37.5472677,126.9591808,37.5464536,126.9591675,37.54686065,126.95917415,90.90146061530314,,,,223296640,,,,,공덕동
효창목4길,주거지 도로,37.5472677,126.9591808,37.5472633,126.9599749,37.547265499999995,126.95957785,70.03959196075702,,,,223296641,,,,,공덕동
효창목길,주거지 도로,37.5472677,126.9591808,37.5472675,126.9586291,37.5472676,126.95890495,49.05862567323868,,,,515849799,,,,,공덕동
효창목길,주거지 도로,37.5472677,126.9591808,37.5477744,126.9597404,37.54752105,126.9594606,74.96127087488857,,,,515849800,,,,,공덕동
효창목길,주거지 도로,37.5475132,126.9581986,37.5474457,126.9582881,37.54747945,126.95824335,10.890060996102836,,,,1110186413,,,,,공덕동
서소문로8길,3차로,37.5594405,126.9693058,37.5615397,126.9681288,37.5604901,126.9687173,256.48295328970664,,,,422584938,,,,,중림동
연희로32길,주거지 도로,37.5794403,126.9383487,37.5779016,126.9393702,37.57867095,126.93885945,200.375151322032,,,,379199177,,,,,연희동
연희로32길,주거지 도로,37.5794403,126.9383487,37.5794384,126.9370695,37.57943935,126.9377091,121.04309230605011,,,,463699453,,,,,연희동
연희로36길,주거지 도로,37.5779016,126.9393702,37.5782099,126.9371718,37.57805575,126.938271,198.1968845846333,,,,338089499,,,,,연희동
연희로32길,주거지 도로,37.5779016,126.9393702,37.5768169,126.9385239,37.57735925,126.93894705,149.78576440587148,,,,"[379198776, 379199138, 798342101]",,,,,연희동
연희로32길,주거지 도로,37.5779016,126.9393702,37.5794403,126.9383487,37.57867095,126.93885945,200.375151322032,,,,379199177,,,,,연희동
연희로32길,주거지 도로,37.5779016,126.9393702,37.5824637,126.9417435,37.58018265,126.94055685,590.4933555128032,,,,463369266,,,,,연희동
연희로32길,주거지 도로,37.5592613,126.9746399,37.5593106,126.9745336,37.55928595,126.97458675,10.85581012347926,,,,770860550,,,,,회현동
창덕궁길,3차로,37.5833384,126.9851418,37.5830793,126.9868582,37.583208850000005,126.986,155.04230246747986,,,,37400958,,,,,가회동
북촌로,3차로,37.5833384,126.9851418,37.5861189,126.9855436,37.58472865,126.9853427,314.48474936554913,,,,517318141,,,,,가회동
북촌로,3차로,37.5833384,126.9851418,37.5792618,126.9849995,37.5813001,126.98507065,453.58269264308217,,,,1149812447,,,,,가회동
종로12길,주거지 도로,37.5685332,126.9857346,37.5688524,126.9857361,37.568692799999994,126.98573535,35.49371693521116,,,,233652295,,,,,종로1·2·3·4가동
청계천로,3차로,37.5685332,126.9857346,37.5687888,126.9844223,37.568661,126.98507845,119.12960799739813,,,,908694578,,2,True,,종로1·2·3·4가동
필동로,3차로,37.5528236,126.9967822,37.5549768,126.9961167,37.5539002,126.99644945,264.3010950770743,,,,223418965,,,,,필동
자하문로,3차로,37.5842839,126.9703026,37.5838436,126.9703765,37.58406375,126.97033955,49.39035848629647,,,,1147356355,,4,,,청운효자동
자하문로26길,주거지 도로,37.5842839,126.9703026,37.5845566,126.9727466,37.58442025,126.9715246,220.1503387702388,,,,223420984,,,,,청운효자동
자하문로,3차로,37.5842839,126.9703026,37.585035,126.9702059,37.58465945,126.97025425,83.95817430842342,,,,1147356355,,4,,,청운효자동
자하문로26길,주거지 도로,37.5845566,126.9727466,37.5842839,126.9703026,37.58442025,126.9715246,220.1503387702388,,,,223420984,,,,,청운효자동
창의문로,3차로,37.5845566,126.9727466,37.5861156,126.9728267,37.5853361,126.97278665,177.82568330593585,,,,1147356351,,4,,,청운효자동
창의문로,3차로,37.5845566,126.9727466,37.5837495,126.9726994,37.58415305,126.972723,89.97102026352451,,,,1147356351,,4,,,청운효자동
옥인길,주거지 도로,37.581051,126.9665598,37.581543,126.9655757,37.581297000000006,126.96606775,102.73722217020084,,,,223421023,,,,,청운효자동
옥인길,주거지 도로,37.581051,126.9665598,37.5809833,126.9669614,37.58101715,126.9667606,36.188647528319635,,,,223421023,,,,,청운효자동
"['필운대로5길', '옥인3길', '필운대로5나길']",주거지 도로,37.581051,126.9665598,37.579403,126.9687497,37.580227,126.96765475,440.5890160268477,,,,"[223421019, 223165012, 233647095]",,,,,청운효자동
옥인길,주거지 도로,37.5820936,126.9639197,37.581543,126.9655757,37.5818183,126.9647477,160.31463013943562,,,,223421023,,,,,청운효자동
자하문로,3차로,37.5886666,126.9687909,37.5887245,126.9687075,37.58869555,126.9687492,9.76992991422268,,,,1147356353,,4,,,청운효자동
자하문로36길,주거지 도로,37.5886666,126.9687909,37.5913546,126.9679778,37.5900106,126.96838435,310.1972347808462,,,,223421025,,,,,청운효자동
자하문로,3차로,37.5886666,126.9687909,37.5852959,126.97018,37.58698125,126.96948545,398.4571922517461,,,,1147356353,,4,,,청운효자동
자하문로36길,주거지 도로,37.5913546,126.9679778,37.5886666,126.9687909,37.5900106,126.96838435,310.19723478084614,,,,223421025,,,,,청운효자동
어울마당로,주거지 도로,37.545383,126.9186704,37.5478762,126.9199818,37.5466296,126.9193261,300.3738393368892,,,,223433262,,,,,합정동
토정로,3차로,37.545383,126.9186704,37.5454522,126.9172632,37.5454176,126.9179668,124.30235173572363,,,,515830230,,,,,합정동
토정로,3차로,37.545383,126.9186704,37.5453311,126.9195762,37.54535705,126.9191233,80.07890301691711,,,,515830230,,,,,서강동
사직로9길,주거지 도로,37.5773334,126.9645835,37.5769048,126.9652549,37.5771191,126.9649192,76.5703428258483,,,,223433272,,,,,사직동
사직로9길,주거지 도로,37.576902,126.9678004,37.5761885,126.9691007,37.576545249999995,126.96845055,141.38901077458564,,,,289493781,,,,,사직동
"['사직로9길', '필운대로1길']",주거지 도로,37.576902,126.9678004,37.5775839,126.968699,37.57724295,126.9682497,211.65203351088556,,,,"[223165008, 1149018525]",,,True,,사직동
김상옥로,3차로,37.5733186,127.0020377,37.5734738,127.0037763,37.573396200000005,127.002907,154.1919652294951,,,,223435053,,,,,종로5·6가동
김상옥로,3차로,37.5733186,127.0020377,37.5732134,127.0001927,37.573266,127.0011152,163.61660165426522,,,,223435053,,,,,종로5·6가동
김상옥로,3차로,37.5739851,127.0065233,37.5735671,127.006147,37.5737761,127.00633515,65.82506635140429,,,,913695773,,,True,,종로5·6가동
율곡로14길,주거지 도로,37.5761341,127.0027616,37.5748845,127.0031337,37.5755093,127.00294765,143.60413255077015,,,,223435054,,,,,이화동
김상옥로,3차로,37.5734947,127.0042047,37.5734866,127.0046369,37.57349065,127.0044208,38.10047400984774,,,,223435053,,,,,종로5·6가동
김상옥로,3차로,37.5734947,127.0042047,37.5734738,127.0037763,37.57348425,127.0039905,37.82639327853816,,,,223435053,,,,,종로5·6가동
율곡로14길,주거지 도로,37.5734947,127.0042047,37.5741338,127.0036109,37.57381425,127.0039078,88.45054182411545,,,,223435054,,,,,종로5·6가동
종로39길,주거지 도로,37.5734947,127.0042047,37.5727843,127.0044436,37.5731395,127.00432415,82.01793757805602,,,,415967618,,,,,종로5·6가동
종로39길,주거지 도로,37.5725611,127.0047859,37.5724611,127.0049865,37.5725111,127.0048862,20.885283885735326,,,,415967618,,,,,종로5·6가동
종로41나길,주거지 도로,37.5725611,127.0047859,37.5727477,127.0049369,37.572654400000005,127.0048614,27.991200845477152,,,,381218124,,,,,종로5·6가동
종로39길,주거지 도로,37.5725611,127.0047859,37.5727843,127.0044436,37.5726727,127.00461475,40.075569332723006,,,,415967618,,,,,종로5·6가동
종로35가길,주거지 도로,37.5725611,127.0047859,37.5723103,127.0047748,37.5724357,127.00478035,27.937585509969935,,,,416161873,,,,,종로5·6가동
대학로2길,주거지 도로,37.5716254,127.0062496,37.5715566,127.005702,37.571591,127.0059758,48.98997487839339,,,,381218121,,,,,종로5·6가동
종로39길,주거지 도로,37.5716254,127.0062496,37.5711818,127.0063781,37.5714036,127.00631385,50.69649360236304,,,,415967618,,,,,종로5·6가동
종로39길,주거지 도로,37.5716254,127.0062496,37.5720261,127.0058145,37.57182575,127.00603205,59.548372346563895,,,,415967618,,,,,종로5·6가동
종로39길,주거지 도로,37.5711818,127.0063781,37.5716254,127.0062496,37.5714036,127.00631385,50.69649360236304,,,,415967618,,,,,종로5·6가동
창경궁로16길,주거지 도로,37.573944,126.9975371,37.5740416,126.9979961,37.5739928,126.9977666,41.88196307201506,,,,223435055,,,,,종로1·2·3·4가동
창경궁로16길,주거지 도로,37.5751435,127.0021168,37.5749625,127.0013391,37.575053,127.00172795,71.46278740744441,,,,223435055,,,,,종로5·6가동
신촌로37안길,주거지 도로,37.557936,126.9563118,37.5578571,126.9568733,37.557896549999995,126.95659255,50.266948091794326,,,,360246953,,,,,북아현동
북아현로,주거지 도로,37.557936,126.9563118,37.5585502,126.9564539,37.5582431,126.95638285,69.43517353376444,,,,515830276,,,,,북아현동
북아현로,주거지 도로,37.557936,126.9563118,37.5576853,126.9562538,37.55781065,126.9562828,28.34156212611241,,,,515830276,,,,,북아현동
신촌로37길,주거지 도로,37.5582758,126.9593742,37.5582378,126.9589109,37.558256799999995,126.95914255,41.057032939141344,,,,463992433,,,,,북아현동
신촌로37길,주거지 도로,37.5582758,126.9593742,37.55842,126.9593615,37.5583479,126.95936785,16.073363302270938,,,,463995508,,,,,북아현동
신촌로,주거지 도로,37.5582758,126.9593742,37.5575624,126.9595927,37.5579191,126.95948345,90.85276189508124,,,,385962308,,,,,북아현동
신촌로37길,주거지 도로,37.5582758,126.9593742,37.5583285,126.9598058,37.55830215,126.95959,38.51313067733886,,,,463992433,,,,,북아현동
신촌로37길,주거지 도로,37.5583781,126.9601293,37.55836,126.9599818,37.55836905,126.96005555,13.156679424778726,,,,463992433,,,,,북아현동
신촌로,주거지 도로,37.5583781,126.9601293,37.5581288,126.9603556,37.558253449999995,126.96024245,34.215158011648654,,,,385962310,,,,,북아현동
신촌로37길,주거지 도로,37.5583781,126.9601293,37.5585942,126.9608813,37.55848615,126.9605053,70.50815367861202,,,,463992433,,,,,북아현동
신촌로33길,주거지 도로,37.5573727,126.9543961,37.5578415,126.9543525,37.5576071,126.9543743,52.2697494614408,,,,224132960,,,,,북아현동
신촌로31길,주거지 도로,37.5578415,126.9543525,37.5577687,126.9531406,37.5578051,126.95374655,107.13361922935454,,,,360246951,,,,,북아현동
신촌로33길,주거지 도로,37.5578415,126.9543525,37.5578996,126.95532,37.55787055,126.95483625,85.52809319463124,,,,777716400,,,,,북아현동
신촌로33길,주거지 도로,37.5578415,126.9543525,37.5573727,126.9543961,37.5576071,126.9543743,52.26974946144079,,,,224132960,,,,,북아현동
북아현로11길,주거지 도로,37.5621874,126.9556762,37.5620487,126.9551375,37.562118049999995,126.95540685,49.92484537678034,,,,224132961,,,,,충현동
북아현로,주거지 도로,37.5621874,126.9556762,37.5619775,126.9557623,37.56208245,126.95571925,24.542695622368164,,,,515830276,,,,,충현동
북아현로,주거지 도로,37.5621874,126.9556762,37.5622556,126.9556482,37.5622215,126.9556622,7.975001357254215,,,,516388933,,,,,충현동
이화여대2길,주거지 도로,37.5575118,126.9487568,37.557388,126.9466294,37.5574499,126.9476931,188.0329206542785,,,,463984169,,,,,신촌동
신촌로27길,주거지 도로,37.5575118,126.9487568,37.5575722,126.949796,37.557542,126.9492764,91.8502799145252,,,,769971143,,,,,북아현동
이화여대2다길,주거지 도로,37.5575118,126.9487568,37.5587995,126.9479493,37.55815565,126.94835305,164.22366019578692,,,,224132963,,,,,신촌동
이화여대3길,주거지 도로,37.5579027,126.9428684,37.5579233,126.9434576,37.557913,126.943163,51.987599100532,,,,224132964,,,,,신촌동
신촌역로,주거지 도로,37.5579027,126.9428684,37.5578782,126.9423849,37.55789045,126.94262665,42.72069090129038,,,,463984170,,,,,신촌동
이화여대3길,주거지 도로,37.5580341,126.9458156,37.5580056,126.9451575,37.55801985,126.94548655,58.09695846021509,,,,224132964,,,,,신촌동
이화여대길,주거지 도로,37.5580341,126.9458156,37.5580524,126.9461857,37.55804325,126.94600065,32.68711212734685,,,,463985255,,,,,신촌동
이화여대길,3차로,37.5580341,126.9458156,37.5583961,126.9457812,37.5582151,126.9457984,40.36667553720174,,,,37401740,,,True,,신촌동
이화여대길,3차로,37.5583961,126.9457812,37.5587741,126.9457452,37.5585851,126.9457632,42.15136124666729,,,,37401740,,,True,,신촌동
이화여대5길,주거지 도로,37.5583961,126.9457812,37.5583611,126.9446118,37.5583786,126.9451965,103.15368412705551,,,,463984171,,,,,신촌동
이화여대7길,주거지 도로,37.5591439,126.9436416,37.5586804,126.9436152,37.55891215,126.9436284,51.59143103918054,,,,224132966,,,,,신촌동
이화여대길,3차로,37.5591439,126.9436416,37.5591393,126.9434279,37.5591416,126.94353475,18.843972585633168,,,,913001082,,,,,신촌동
이화여대길,주거지 도로,37.5591439,126.9436416,37.5592726,126.9436077,37.55920825,126.94362465,14.68141530745473,,,,383258746,,,,,신촌동
이화여대7길,주거지 도로,37.5586804,126.9436152,37.5584777,126.9434356,37.55857905,126.9435254,27.54357678771157,,,,224132966,,,,,신촌동
이화여대7길,주거지 도로,37.5586804,126.9436152,37.5591439,126.9436416,37.55891215,126.9436284,51.59143103918054,,,,224132966,,,,,신촌동
이화여대7길,주거지 도로,37.5586804,126.9436152,37.5587273,126.9445842,37.55870385,126.9440997,85.5740701110046,,,,224132967,,,,,신촌동
이화여대7길,주거지 도로,37.5584777,126.9434356,37.5584505,126.9428412,37.558464099999995,126.9431384,52.48231826760704,,,,224132966,,,,,신촌동
이화여대7길,주거지 도로,37.5584777,126.9434356,37.5586804,126.9436152,37.55857905,126.9435254,27.54357678771157,,,,224132966,,,,,신촌동
이화여대3길,주거지 도로,37.5584777,126.9434356,37.5583259,126.943439,37.5584018,126.9434373,16.882074192810435,,,,383258743,,,,,신촌동
이화여대7길,주거지 도로,37.5584505,126.9428412,37.5584777,126.9434356,37.558464099999995,126.9431384,52.48231826760704,,,,224132966,,,,,신촌동
신촌역로,주거지 도로,37.5584505,126.9428412,37.5584094,126.9421862,37.55842995,126.9425137,59.10522298768704,,,,383258727,,,,,신촌동
이화여대7길,주거지 도로,37.5591632,126.9445376,37.5587273,126.9445842,37.55894525,126.9445609,48.64368097693162,,,,224132968,,,,,신촌동
이화여대길,3차로,37.5591632,126.9445376,37.559162,126.9444809,37.5591626,126.94450925,4.999718463972793,,,,618545805,,,True,,신촌동
이화여대1길,주거지 도로,37.5572754,126.9446937,37.5573054,126.9452099,37.5572904,126.9449518,45.62476285771939,,,,463899256,,,,,신촌동
이화여대1길,주거지 도로,37.5572754,126.9446937,37.5572717,126.9446304,37.557273550000005,126.94466205,5.594996777433116,,,,463899256,,,,,신촌동
이화여대1안길,주거지 도로,37.5572754,126.9446937,37.5576573,126.9446648,37.55746635,126.94467925,42.54174658576492,,,,463984654,,,,,신촌동
이화여대1길,주거지 도로,37.5572717,126.9446304,37.5572754,126.9446937,37.557273550000005,126.94466205,5.594996777433116,,,,463899256,,,,,신촌동
이화여대1길,주거지 도로,37.5572717,126.9446304,37.557206,126.943501,37.557238850000005,126.9440657,99.82352902138474,,,,463899256,,,,,신촌동
신촌로,주거지 도로,37.5572717,126.9446304,37.5567643,126.9446778,37.557018,126.9446541,56.57488849098687,,,,463984655,,,,,신촌동
대흥로30길,주거지 도로,37.5562989,126.9458648,37.5563331,126.9464999,37.556316,126.94618235,56.113339434337064,,,,224132969,,,,,대흥동
대흥로30길,주거지 도로,37.5565182,126.9499015,37.5564906,126.9493805,37.556504399999994,126.949641,46.028676948785595,,,,224132969,,,,,아현동
신촌로28길,주거지 도로,37.5565182,126.9499015,37.5564841,126.9499026,37.55650115,126.94990205,3.792991981737922,,,,224132971,,,,,아현동
신촌로28길,주거지 도로,37.5565182,126.9499015,37.5565907,126.9499,37.55655445,126.94990075,8.062727861278375,,,,224132971,,,,,아현동
신촌로34길,주거지 도로,37.5567707,126.9544576,37.5564217,126.9544901,37.5565962,126.95447385,38.912688289542146,,,,237264701,,,,,아현동
신촌로34길,주거지 도로,37.5567707,126.9544576,37.5569652,126.9544432,37.55686795,126.9544504,21.66466225779078,,,,463947722,,,,,아현동
굴레방로9길,주거지 도로,37.5567707,126.9544576,37.5568383,126.9553476,37.5568045,126.9549026,78.81263211624332,,,,463950080,,,,,아현동
굴레방로9길,주거지 도로,37.5567707,126.9544576,37.5567038,126.9532522,37.55673725,126.9538549,106.515990597385,,,,463950080,,,,,아현동
굴레방로9길,주거지 도로,37.5568727,126.9558004,37.5568383,126.9553476,37.5568555,126.955574,40.09708640034526,,,,463950080,,,,,아현동
굴레방로,3차로,37.5568727,126.9558004,37.55711,126.956067,37.55699135,126.9559337,35.33460947248516,,,,515830273,,,,,아현동
굴레방로,3차로,37.5568727,126.9558004,37.55658,126.95557,37.55672635,126.9556852,38.468095190373376,,,,515830273,,,,,아현동
대흥로30길,주거지 도로,37.5563331,126.9464999,37.5563948,126.9475281,37.556363950000005,126.947014,90.89549009985102,,,,224132969,,,,,염리동
대흥로30길,주거지 도로,37.5563331,126.9464999,37.5562989,126.9458648,37.556316,126.94618235,56.113339434337064,,,,224132969,,,,,대흥동
숭문길,주거지 도로,37.5563331,126.9464999,37.5558325,126.9465263,37.5560828,126.9465131,55.71288431639991,,,,224132972,,,,,대흥동
숭문길,주거지 도로,37.5563331,126.9464999,37.5567459,126.9464839,37.5565395,126.9464919,45.92299404662134,,,,463938970,,,,,대흥동
숭문길,주거지 도로,37.5543918,126.9465668,37.5553168,126.9465406,37.5548543,126.9465537,102.88137968578869,,,,224132972,,,,,염리동
대흥로24길,주거지 도로,37.5543918,126.9465668,37.5543899,126.9459004,37.55439085,126.9462336,58.74533389941835,,,,463948661,,,,,대흥동
대흥로24길,주거지 도로,37.5543918,126.9465668,37.5543931,126.9471164,37.554392449999995,126.9468416,48.48088357618211,,,,615438227,,,,,염리동
숭문길,주거지 도로,37.5514503,126.9466565,37.5505724,126.9464371,37.55101135,126.9465468,100.14331643790632,,,,615438226,,,,,대흥동
숭문길,주거지 도로,37.5468036,126.945459,37.5464764,126.9452294,37.54664,126.9453442,41.67528326545666,,,,383506869,,,,,염리동
백범로21길,주거지 도로,37.5468036,126.945459,37.5470733,126.944702,37.54693845,126.9450805,73.39478485209878,,,,383649968,,,,,염리동
백범로,주거지 도로,37.5468036,126.945459,37.5462821,126.94568,37.546542849999994,126.9455695,62.00300507055233,,,,463938971,,,,,염리동
숭문길,주거지 도로,37.5468036,126.945459,37.5477236,126.9454394,37.547263599999994,126.9454492,102.9227163232598,,,,1106812934,,,,,염리동
백범로25길,주거지 도로,37.5459853,126.9461063,37.5460738,126.9461627,37.54602955,126.9461345,11.02565705622652,,,,224132973,,,,,염리동
숭문4길,주거지 도로,37.5481616,126.9474157,37.5479207,126.9465906,37.54804115,126.94700315,77.52328582345956,,,,383649974,,,,,염리동
백범로25길,주거지 도로,37.5481616,126.9474157,37.5489215,126.9477065,37.54854155,126.9475611,88.31807719096653,,,,1090392352,,,,,염리동
백범로25길,주거지 도로,37.5481616,126.9474157,37.5469791,126.9469905,37.54757035,126.9472031,138.56157214915706,,,,1090392352,,,,,염리동
대흥로20길,주거지 도로,37.5505724,126.9464371,37.5501903,126.9440581,37.550381349999995,126.9452476,214.0338389101804,,,,224132974,,,,,대흥동
숭문길,주거지 도로,37.5505724,126.9464371,37.5498617,126.9461922,37.55021705,126.94631465,82.01105716348047,,,,615438226,,,,,대흥동
숭문길,주거지 도로,37.5505724,126.9464371,37.5514503,126.9466565,37.55101135,126.9465468,100.14331643790632,,,,615438226,,,,,대흥동
숭문길,주거지 도로,37.5558325,126.9465263,37.5553168,126.9465406,37.55557465,126.94653345,57.35715832810615,,,,224132972,,,,,염리동
숭문길,주거지 도로,37.5558325,126.9465263,37.5563331,126.9464999,37.5560828,126.9465131,55.71288431639991,,,,224132972,,,,,대흥동
숭문16길,주거지 도로,37.5558325,126.9465263,37.5558291,126.9470843,37.555830799999995,126.9468053,49.18970734791138,,,,224132977,,,,,염리동
신촌로28다길,주거지 도로,37.5558067,126.9513993,37.5558007,126.950845,37.5558037,126.95112215,48.86666543243962,,,,463949887,,,,,아현동
신촌로28라길,주거지 도로,37.5558067,126.9513993,37.5555695,126.9509179,37.5556881,126.9511586,49.96475694677965,,,,463953202,,,,,아현동
신촌로28라길,주거지 도로,37.5558067,126.9513993,37.5561377,126.9520711,37.5559722,126.9517352,69.72535865317352,,,,463953202,,,,,아현동
신촌로28마길,주거지 도로,37.5558067,126.9513993,37.5555221,126.9516559,37.5556644,126.9515276,38.89888180740452,,,,463953205,,,,,아현동
숭문16다길,주거지 도로,37.555362,126.9488433,37.5552244,126.949172,37.5552932,126.94900765,32.76705111678203,,,,237264682,,,,,아현동
대흥로24길,주거지 도로,37.555362,126.9488433,37.5550548,126.9485877,37.5552084,126.9487155,40.92087830462076,,,,615438232,,,,,염리동
숭문16다길,주거지 도로,37.555362,126.9488433,37.5557912,126.9485377,37.5555766,126.9486905,57.21792342022938,,,,237264682,,,,,아현동
숭문16길,주거지 도로,37.5557967,126.9479723,37.5558071,126.9477559,37.555801900000006,126.9478641,19.110902054888392,,,,224132977,,,,,염리동
숭문16길,주거지 도로,37.5557967,126.9479723,37.5557912,126.9485377,37.55579395,126.948255,49.88315510749371,,,,224132977,,,,,염리동
숭문16나길,주거지 도로,37.5557967,126.9479723,37.5553653,126.9482295,37.555581,126.9481009,54.13282023948593,,,,224132979,,,,,염리동
대흥로30길,주거지 도로,37.5557967,126.9479723,37.5560494,126.9479614,37.55592305,126.94796685,28.621456354280465,,,,328333587,,,,,염리동
대흥로24길,주거지 도로,37.5550548,126.9485877,37.555362,126.9488433,37.5552084,126.9487155,40.92087830462076,,,,615438232,,,,,염리동
숭문16나길,주거지 도로,37.5550548,126.9485877,37.5553653,126.9482295,37.55521005,126.9484086,46.88140942090759,,,,224132979,,,,,염리동
대흥로24길,주거지 도로,37.5550548,126.9485877,37.5548381,126.948416,37.55494645,126.94850185,28.45643332124328,,,,"[615438227, 615438230]",,,,,염리동
신촌로28마길,주거지 도로,37.5546224,126.9509711,37.5550482,126.95062,37.5548353,126.95079555,56.5653802785422,,,,328333593,,,,,아현동
신촌로28바길,주거지 도로,37.5546224,126.9509711,37.5549416,126.9514573,37.554782,126.9512142,55.687834903814625,,,,463949877,,,,,아현동
신촌로28바길,주거지 도로,37.5546224,126.9509711,37.5542493,126.9503305,37.55443585,126.9506508,70.8529454769301,,,,463949877,,,,,아현동
마포대로21길,주거지 도로,37.5553523,126.9553417,37.5563016,126.9550649,37.55582695,126.9552033,108.34091487993304,,,,237264720,,,,,아현동
굴레방로5길,주거지 도로,37.5553523,126.9553417,37.5555763,126.9558226,37.5554643,126.95558215,49.16784243278949,,,,777663886,,,,,아현동
굴레방로5길,주거지 도로,37.5553523,126.9553417,37.5553152,126.955153,37.55533375,126.95524735,17.138118449856762,,,,777663886,,,,,아현동
마포대로21길,주거지 도로,37.5553523,126.9553417,37.5546139,126.9555278,37.5549831,126.95543475,84.3256540851893,,,,237264720,,,,,아현동
굴레방로5길,주거지 도로,37.5553152,126.955153,37.5553523,126.9553417,37.55533375,126.95524735,17.138118449856762,,,,777663886,,,,,아현동
신촌로34길,주거지 도로,37.5553152,126.955153,37.5558097,126.954745,37.55556245,126.954949,65.7038106438535,,,,237264701,,,,,아현동
신촌로34길,주거지 도로,37.5553152,126.955153,37.5546898,126.9534298,37.5550025,126.9542914,167.06487378587732,,,,781673845,,,,,아현동
신촌로34길,주거지 도로,37.5546898,126.9534298,37.552501,126.9539297,37.5535954,126.95367975,251.1273378880539,,,,328816516,,,,,아현동
신촌로34길,주거지 도로,37.5546898,126.9534298,37.5552896,126.9525921,37.5549897,126.95301095,100.54922803893186,,,,328816516,,,,,아현동
신촌로34길,주거지 도로,37.5546898,126.9534298,37.5542384,126.9524267,37.5544641,126.95292825,102.1836356940617,,,,777663887,,,,,아현동
신촌로34길,주거지 도로,37.5546898,126.9534298,37.5553152,126.955153,37.5550025,126.9542914,167.0648737858773,,,,781673845,,,,,아현동
마포대로11길,주거지 도로,37.5523773,126.9516649,37.5496353,126.9527676,37.5510063,126.95221625,392.2573002350299,,,,328333605,,,,,아현동
마포대로11길,주거지 도로,37.5523773,126.9516649,37.5524526,126.9503434,37.55241495,126.95100415,117.25887011849277,,,,463945688,,,,,염리동
마포대로11길,주거지 도로,37.5523773,126.9516649,37.5542384,126.9524267,37.55330785,126.9520458,221.7784809722659,,,,777663887,,,,,아현동
백범로32길,주거지 도로,37.5448075,126.9488119,37.5443421,126.9485118,37.5445748,126.94866185,58.12423033356072,,,,336015421,,,,,아현동
백범로31길,주거지 도로,37.5461464,126.9501912,37.5448832,126.948927,37.5455148,126.9495591,183.47899765463055,,,,224132982,,,,,아현동
마포대로7길,주거지 도로,37.5488652,126.950365,37.5467378,126.952255,37.547801500000006,126.95131,315.5050328265014,,,,336015418,,,,,아현동
마포대로11길,주거지 도로,37.5488652,126.950365,37.5488327,126.9493797,37.54884895,126.94987235,87.0621411925269,,,,463942878,,,,,아현동
마포대로11길,주거지 도로,37.5488652,126.950365,37.5492484,126.9516792,37.5490568,126.9510221,126.3433710094708,,,,515839509,,,,,아현동
마포대로7길,주거지 도로,37.5467378,126.952255,37.5464108,126.952788,37.5465743,126.9525215,61.60264238700728,,,,317903517,,,,,아현동
마포대로7길,주거지 도로,37.5467378,126.952255,37.5488652,126.950365,37.547801500000006,126.95131,315.5050328265014,,,,336015418,,,,,아현동
마포대로7길,주거지 도로,37.5467378,126.952255,37.5454119,126.9512571,37.54607485,126.95175605,171.68919884238613,,,,463947724,,,,,아현동
마포대로7길,주거지 도로,37.5467378,126.952255,37.5472612,126.9526176,37.5469995,126.9524363,66.55494975082198,,,,463947724,,,,,아현동
마포대로11다길,주거지 도로,37.5489502,126.9484939,37.5501217,126.9482976,37.54953595,126.94839575,168.28245131761426,,,,"[463942879, 224132983]",,,,,염리동
마포대로11길,주거지 도로,37.5489502,126.9484939,37.5489042,126.9488447,37.5489272,126.9486693,31.439050994809353,,,,463942878,,,,,염리동
마포대로11길,주거지 도로,37.5489502,126.9484939,37.5489215,126.9477065,37.54893585,126.9481002,69.56582954056799,,,,463942878,,,,,염리동
백범로25길,주거지 도로,37.5494597,126.9479858,37.5498324,126.9469672,37.54964605,126.9474765,189.43825603205468,,,,"[224132984, 463942876]",,,,,염리동
숭문6길,주거지 도로,37.5494597,126.9479858,37.5498324,126.9469672,37.54964605,126.9474765,98.91932080058692,,,,328336786,,,,,염리동
백범로25길,주거지 도로,37.5494597,126.9479858,37.5489215,126.9477065,37.5491906,126.94784615,64.85330727627084,,,,224132984,,,,,염리동
백범로25길,주거지 도로,37.5514551,126.9535849,37.5517144,126.9537247,37.55158475,126.9536548,31.35636188955541,,,,328816516,,,,,아현동
마포대로,주거지 도로,37.5514551,126.9535849,37.5507116,126.9552293,37.55108335,126.9544071,168.05284737773758,,,,328333597,,,,,아현동
마포대로,주거지 도로,37.5514551,126.9535849,37.5507285,126.9531385,37.551091799999995,126.9533617,89.8687567616874,,,,328816516,,,,,아현동
마포대로26길,주거지 도로,37.5551398,126.9576893,37.5550833,126.957978,37.55511155,126.95783365,26.21343256878107,,,,328442844,,,,,공덕동
마포대로26길,주거지 도로,37.5550833,126.957978,37.5549005,126.958913,37.554991900000005,126.9584455,84.89150771002477,,,,328442844,,,,,공덕동
마포대로26길,주거지 도로,37.5550833,126.957978,37.5551398,126.9576893,37.55511155,126.95783365,26.21343256878107,,,,328442844,,,,,공덕동
마포대로26길,주거지 도로,37.5550833,126.957978,37.5542846,126.9581826,37.55468395,126.9580803,98.20610322349847,,,,471497894,,,,,공덕동
서강로1길,주거지 도로,37.5487021,126.9309446,37.5493509,126.9314335,37.5490265,126.93118905,84.03783703408503,,,,515830247,,,,,서강동
서강로1길,주거지 도로,37.5487021,126.9309446,37.549267,126.9293734,37.54898455,126.930159,155.6818920128991,,,,224132990,,,,,서강동
서강로1길,주거지 도로,37.5487021,126.9309446,37.5485718,126.9316655,37.54863695,126.93130505,67.7231777919623,,,,224132990,,,,,서강동
독막로,주거지 도로,37.5487021,126.9309446,37.5482707,126.9303671,37.5484864,126.93065585,70.54527909009484,,,,263480104,,,,,서강동
독막로,주거지 도로,37.5487021,126.9309446,37.5481719,126.9305629,37.548437,126.93075375,68.30311216289527,,,,383649952,,,,,서강동
서강로1길,주거지 도로,37.549267,126.9293734,37.5487021,126.9309446,37.54898455,126.930159,155.68189201289908,,,,224132990,,,,,서강동
독막로21길,주거지 도로,37.549267,126.9293734,37.5475798,126.928265,37.5484234,126.9288192,264.4572306705428,,,,341994194,,,,,서강동
서강로1길,주거지 도로,37.549267,126.9293734,37.5500668,126.9289297,37.549666900000005,126.92915155,115.5337371471018,,,,341994200,,,,,서강동
와우산로3길,주거지 도로,37.5453311,126.9195762,37.5458858,126.9212348,37.54560845,126.9204055,159.35975778622878,,,,224132991,,,,,서강동
토정로,3차로,37.5453311,126.9195762,37.545383,126.9186704,37.54535705,126.9191233,80.07890301691711,,,,515830230,,,,,서강동
토정로,3차로,37.5453311,126.9195762,37.5451589,126.921727,37.545244999999994,126.9206516,190.5871368420306,,,,515830230,,,,,서강동
와우산로3길,주거지 도로,37.5458858,126.9212348,37.5461277,126.9225773,37.54600675,126.92190605,121.59948591233896,,,,224132991,,,,,서강동
와우산로3길,주거지 도로,37.5458858,126.9212348,37.5453311,126.9195762,37.54560845,126.9204055,159.35975778622878,,,,224132991,,,,,서강동
"['토정로', '와우산로1길']",주거지 도로,37.5458858,126.9212348,37.5451589,126.921727,37.54552235,126.9214809,94.58974013508868,,,,"[341987379, 341987351]",,,,,서강동
토정로11길,주거지 도로,37.5460077,126.9229385,37.5459789,126.9232167,37.5459933,126.9230776,24.735025158176327,,,,335847506,,,,,서강동
와우산로,주거지 도로,37.5460077,126.9229385,37.5461277,126.9225773,37.546067699999995,126.9227579,34.52691080902963,,,,341985558,,,,,서강동
독막로18길,주거지 도로,37.5464139,126.9229458,37.5465965,126.9232136,37.5465052,126.9230797,32.08149313076261,,,,383649931,,,,,서강동
독막로8길,주거지 도로,37.5459255,126.9174765,37.5454522,126.9172632,37.545688850000005,126.91736985,55.887451553127256,,,,335847475,,,,,합정동
성지3길,주거지 도로,37.5459255,126.9174765,37.5470686,126.9130995,37.54649705,126.915288,407.49986549292646,,,,224132994,,,,,합정동
독막로8길,주거지 도로,37.5459255,126.9174765,37.54793,126.91838,37.54692775,126.91792825,236.69591735251865,,,,335847475,,,,,합정동
월드컵로15길,주거지 도로,37.5530576,126.9079943,37.5539256,126.9075501,37.5534916,126.9077722,104.17158543471952,,,,228803502,,,,,망원1동
희우정로,3차로,37.5524203,126.9044023,37.55208,126.90491,37.55225015,126.90465615,58.60872158965608,,,,37400163,,,,,망원1동
희우정로,3차로,37.5524203,126.9044023,37.5532604,126.9031521,37.55284035,126.9037772,144.47500950716886,,,,37400163,,,,,망원1동
희우정로10길,주거지 도로,37.5524203,126.9044023,37.5529307,126.9046021,37.5526755,126.9045022,59.43433354826904,,,,224132999,,,,,망원1동
망원로2길,주거지 도로,37.5529307,126.9046021,37.5536362,126.903559,37.553283449999995,126.90408055,120.87327848546404,,,,33803464,,,,,망원1동
희우정로10길,주거지 도로,37.5529307,126.9046021,37.5534056,126.9061354,37.55316815,126.90536875,145.11841229024523,,,,224132999,,,,,망원1동
희우정로10길,주거지 도로,37.5529307,126.9046021,37.5524203,126.9044023,37.5526755,126.9045022,59.43433354826904,,,,224132999,,,,,망원1동
희우정로10길,주거지 도로,37.5534056,126.9061354,37.5529307,126.9046021,37.55316815,126.90536875,145.1184122902452,,,,224132999,,,,,망원1동
포은로,3차로,37.5534056,126.9061354,37.5525916,126.9065459,37.552998599999995,126.90634065,97.47867705155218,,,,333579042,,,,,망원1동
포은로,3차로,37.5534056,126.9061354,37.5536659,126.9058773,37.553535749999995,126.90600635,36.819021876260464,,,,333579042,,,,,망원1동
월드컵로11길,주거지 도로,37.5534056,126.9061354,37.5539256,126.9075501,37.5536656,126.90684275,137.5530523663211,,,,343649312,,,,,망원1동
월드컵로15길,주거지 도로,37.5539256,126.9075501,37.5554817,126.9083443,37.55470365,126.9079472,186.6665812384882,,,,228803502,,,,,망원1동
월드컵로15길,주거지 도로,37.5539256,126.9075501,37.5530576,126.9079943,37.5534916,126.9077722,104.17158543471952,,,,228803502,,,,,망원1동
월드컵로11길,주거지 도로,37.5539256,126.9075501,37.5543593,126.9089994,37.55414245,126.90827475,136.56987475517607,,,,343649312,,,,,망원1동
월드컵로11길,주거지 도로,37.5539256,126.9075501,37.5534056,126.9061354,37.5536656,126.90684275,137.55305236632108,,,,343649312,,,,,망원1동
월드컵로11길,주거지 도로,37.5547657,126.9103695,37.5551084,126.9109734,37.55493705,126.91067145,65.46813700311758,,,,343649312,,,,,망원1동
동교로9길,주거지 도로,37.5547657,126.9103695,37.5556561,126.9095618,37.5552109,126.90996565,121.95107754721856,,,,33803468,,,,,망원1동
동교로9길,주거지 도로,37.5547657,126.9103695,37.5540412,126.911031,37.554403449999995,126.91070025,99.45076239264571,,,,33803468,,,,,망원1동
월드컵로11길,주거지 도로,37.5547657,126.9103695,37.554518,126.9095212,37.55464185,126.90994535,79.69077600721455,,,,343649312,,,,,망원1동
망원로6길,주거지 도로,37.5537595,126.9041584,37.5546635,126.9038639,37.554211499999994,126.90401115,103.81867366323183,,,,224133000,,,,,망원1동
희우정로12길,주거지 도로,37.5537595,126.9041584,37.5540482,126.905502,37.55390385,126.9048302,122.71913332560574,,,,228803500,,,,,망원1동
희우정로12길,주거지 도로,37.5537595,126.9041584,37.5536362,126.903559,37.55369785,126.9038587,54.58905415294499,,,,228803500,,,,,망원1동
월드컵로16길,주거지 도로,37.5570621,126.9099352,37.5567951,126.909453,37.556928600000006,126.9096941,51.847693188123095,,,,224133001,,,True,,서교동
성미산로2길,주거지 도로,37.5570621,126.9099352,37.5559487,126.9109235,37.556505400000006,126.91042935,151.38451727723992,,,,224133004,,,True,,서교동
월드컵로14길,주거지 도로,37.5559487,126.9109235,37.5560967,126.911607,37.5560227,126.91126525,62.4629626034971,,,,224133002,,,True,,서교동
월드컵로14길,주거지 도로,37.5562272,126.9122295,37.5564214,126.9127632,37.5563243,126.91249635,51.76503170591749,,,,224133002,,,True,,서교동
동교로13길,주거지 도로,37.5562272,126.9122295,37.555499,126.9128981,37.5558631,126.9125638,100.15131483152923,,,,228815434,,,,,서교동
동교로13길,주거지 도로,37.5562272,126.9122295,37.5574662,126.9118102,37.5568467,126.91201985,142.64297259199594,,,,228815434,,,,,서교동
성미산로10길,주거지 도로,37.5569831,126.9141156,37.5572826,126.9146752,37.55713285,126.9143954,59.51788912211937,,,,426509720,,,True,,서교동
월드컵로14길,주거지 도로,37.5560967,126.911607,37.5562272,126.9122295,37.55616195,126.91191825,56.75998575983165,,,,224133002,,,True,,서교동
성미산로6길,주거지 도로,37.5560967,126.911607,37.5573354,126.9111914,37.55671605,126.9113992,142.5291889068137,,,,224133003,,,True,,서교동
성미산로5길,주거지 도로,37.5585729,126.9107677,37.5594122,126.9104882,37.55899255,126.91062795,96.52325124971227,,,,228815436,,,,,성산1동
성미산로,3차로,37.5585729,126.9107677,37.5588002,126.91187,37.55868655,126.91131885,100.40004686418064,,,,343189006,,,,,성산1동
성미산로,3차로,37.5585729,126.9107677,37.5583168,126.9095475,37.55844485,126.9101576,111.2640118099158,,,,343189006,,,,,성산1동
성미산로,3차로,37.5620972,126.9273422,37.5629264,126.9263655,37.5625118,126.92685385,126.1477611120756,,,,224133005,,,,,연남동
연희로,주거지 도로,37.5620972,126.9273422,37.5618098,126.9278491,37.5619535,126.92759565,56.392054860863226,,,,239547732,,,,,연희동
성미산로,주거지 도로,37.5654362,126.923555,37.5652748,126.9237275,37.565355499999995,126.92364125,23.521382743610275,,,,463776156,,,,,연남동
성미산로29안길,주거지 도로,37.5654362,126.923555,37.565815,126.9236598,37.5656256,126.9236074,43.12185123323438,,,,376479905,,,,,연남동
성미산로29안길,주거지 도로,37.5654362,126.923555,37.5648729,126.9224413,37.56515455,126.92299815,116.44635698163452,,,,376479912,,,,,연남동
동교로51길,주거지 도로,37.5661662,126.9219604,37.5661852,126.9218642,37.5661757,126.9219123,8.738196837975039,,,,463546287,,,True,,연남동
홍연길,주거지 도로,37.5773346,126.9323497,37.5767207,126.9312025,37.577027650000005,126.9317761,121.98608584468543,,,,224133008,,,,,연희동
홍연길,주거지 도로,37.5745805,126.9271192,37.5749363,126.9277952,37.5747584,126.9274572,71.51517224119591,,,,224133008,,,,,연희동
홍제천로4길,주거지 도로,37.5745805,126.9271192,37.5742917,126.9266961,37.5744361,126.92690765,49.20977230125288,,,,375116152,,,,,연희동
연희로33길,주거지 도로,37.5776291,126.9357637,37.5777111,126.9349188,37.577670100000006,126.93534125,75.01315481481193,,,,246164681,,,,,연희동
모래내로,주거지 도로,37.5795167,126.9341479,37.5798067,126.9339808,37.5796617,126.93406435,35.449634024722236,,,,224133010,,,,,홍은2동
백련사길,주거지 도로,37.580504,126.9330854,37.5804553,126.9331691,37.58047965,126.93312725,9.15023344200618,,,,462887010,,,,,홍은2동
모래내로17길,주거지 도로,37.580504,126.9330854,37.5806959,126.9333424,37.58059995,126.9332139,31.116290392186738,,,,463034386,,,,,홍은2동
모래내로17길,주거지 도로,37.580504,126.9330854,37.5800574,126.9327934,37.5802807,126.9329394,57.867021786870595,,,,378663530,,,,,홍은2동
백련사길,주거지 도로,37.580504,126.9330854,37.580973,126.9326943,37.580738499999995,126.93288985,65.10982503532813,,,,462887010,,,,,홍은2동
명지대2길,주거지 도로,37.5829267,126.9255232,37.5823613,126.9253299,37.582644,126.92542655,65.13630158728665,,,,462889761,,,,,홍은2동
명지대5길,주거지 도로,37.5830458,126.9233693,37.5830034,126.9231647,37.5830246,126.923267,18.635366489950464,,,,377749496,,,,,남가좌2동
명지대길,주거지 도로,37.5830458,126.9233693,37.5838519,126.9232373,37.58344885,126.9233033,90.56239071257303,,,,224133012,,,,,남가좌2동
명지대길,주거지 도로,37.5830458,126.9233693,37.5822869,126.9238234,37.58266635,126.92359635,93.98843665981896,,,,224133012,,,,,남가좌2동
명지대5길,주거지 도로,37.5830458,126.9233693,37.5832196,126.9243421,37.5831327,126.9238557,88.35888441465562,,,,377749496,,,,,남가좌2동
명지대길,주거지 도로,37.5854094,126.9230516,37.5839559,126.9232368,37.584682650000005,126.9231442,163.28897563583394,,,,224133012,,,,,홍은2동
명지대7길,주거지 도로,37.5838519,126.9232373,37.5838779,126.9225645,37.583864899999995,126.9229009,59.3561162372187,,,,224133013,,,,,남가좌2동
명지대길,주거지 도로,37.5838519,126.9232373,37.5839559,126.9232368,37.5839039,126.92323705,11.566793722500163,,,,224133012,,,,,남가좌2동
명지대길,주거지 도로,37.5838519,126.9232373,37.5830458,126.9233693,37.58344885,126.9233033,90.56239071257302,,,,224133012,,,,,남가좌2동
가좌로7가길,주거지 도로,37.584385,126.920219,37.5843007,126.9208601,37.58434285,126.92053955,57.26438384602753,,,,462994976,,,,,응암3동
가좌로7가길,주거지 도로,37.584385,126.920219,37.5848136,126.9204348,37.584599299999994,126.9203269,51.65642441119633,,,,377749811,,,,,응암3동
가좌로7가길,주거지 도로,37.584385,126.920219,37.5840859,126.9202714,37.584235449999994,126.9202452,34.17798695455243,,,,462992262,,,,,응암3동
가좌로7가길,주거지 도로,37.584385,126.920219,37.5847315,126.9196347,37.58455825,126.91992685,65.60316976138273,,,,462994976,,,,,응암3동
가좌로7나길,주거지 도로,37.5847435,126.9194542,37.5842073,126.9196068,37.5844754,126.9195305,61.12030460320749,,,,377749546,,,,,응암3동
가좌로7가길,주거지 도로,37.5847435,126.9194542,37.5847315,126.9196347,37.5847375,126.91954445,15.960952759397776,,,,462994976,,,,,응암3동
가좌로7나길,주거지 도로,37.5847435,126.9194542,37.585311,126.9192388,37.58502725,126.9193465,65.89587381318118,,,,462994979,,,,,응암3동
가좌로7나길,주거지 도로,37.585311,126.9192388,37.5852376,126.9188035,37.585274299999995,126.91902115,39.215685101822544,,,,462994979,,,,,응암3동
가좌로7나길,주거지 도로,37.585311,126.9192388,37.5847435,126.9194542,37.58502725,126.9193465,65.89587381318118,,,,462994979,,,,,응암3동
가좌로7나길,주거지 도로,37.585311,126.9192388,37.5854048,126.9193586,37.5853579,126.9192987,15.627573420923364,,,,462997319,,,,,응암3동
가좌로7라길,주거지 도로,37.5853548,126.9166453,37.5852728,126.9165676,37.585313799999994,126.91660645,11.40237195339872,,,,462999765,,,,,응암3동
가좌로7라길,주거지 도로,37.5853548,126.9166453,37.5854718,126.9167624,37.5854133,126.91670385,16.604955277370458,,,,462999765,,,,,응암3동
가좌로7라길,주거지 도로,37.5853548,126.9166453,37.5856569,126.9160049,37.58550585,126.9163251,65.94998253847247,,,,462999770,,,,,응암3동
응암로,주거지 도로,37.5855049,126.915373,37.5856257,126.9147103,37.5855653,126.91504165,79.59406618033236,,,,377749722,,,,,북가좌2동
응암로4길,주거지 도로,37.5855049,126.915373,37.5856569,126.9160049,37.5855809,126.91568895,59.02512869910839,,,,462890681,,,,,응암3동
응암로4길,주거지 도로,37.5609995,126.9420784,37.5604543,126.9413877,37.560726900000006,126.94173305,85.9175196744165,,,,621484298,,,,,신촌동
응암로4길,주거지 도로,37.5609995,126.9420784,37.5613649,126.9415888,37.561182200000005,126.9418336,59.272762540804614,,,,621484299,,,,,신촌동
응암로4길,주거지 도로,37.5609995,126.9420784,37.5602274,126.9433507,37.560613450000005,126.94271455,280.32499419534906,,,,"[621484297, 621484298]",,,,,신촌동
연희로11길,주거지 도로,37.5668519,126.9309257,37.5672372,126.9302418,37.567044550000006,126.93058375,73.97792953159741,,,,224258702,,,,,연희동
연희로12길,주거지 도로,37.5668519,126.9309257,37.5667498,126.9316147,37.56680085,126.9312702,62.794099809110065,,,,463753194,,,,,연희동
연희로11마길,주거지 도로,37.5691253,126.9286391,37.5689264,126.9282183,37.56902585,126.9284287,43.18126091393969,,,,224258705,,,,,연희동
연희로11길,주거지 도로,37.5691253,126.9286391,37.5693877,126.9291106,37.5692565,126.92887485,50.77605842156899,,,,463768906,,,,,연희동
연희로11길,주거지 도로,37.5691253,126.9286391,37.5688307,126.9288784,37.568978,126.92875875,38.96040938850424,,,,516368438,,,,,연희동
연희로11길,주거지 도로,37.5691253,126.9286391,37.5699428,126.9279138,37.56953405,126.92827645,111.2595554044246,,,,330881319,,,,,연희동
연희로11바길,주거지 도로,37.5691253,126.9286391,37.5693229,126.9278062,37.5692241,126.92822265,76.65910252289959,,,,463770593,,,,,연희동
연희로11길,주거지 도로,37.5701018,126.9277475,37.5702993,126.9275754,37.57020055,126.92766145,26.71027371392811,,,,330881319,,,,,연희동
연희로11길,주거지 도로,37.5701018,126.9277475,37.5699428,126.9279138,37.570022300000005,126.92783065,22.983532596596827,,,,330881319,,,,,연희동
연희로15길,주거지 도로,37.5701018,126.9277475,37.5703781,126.9282618,37.57023995,126.92800465,54.75869304151352,,,,375116159,,,,,연희동
연희로11사길,주거지 도로,37.5701018,126.9277475,37.5700124,126.9275648,37.5700571,126.92765615,19.35233306634873,,,,379198766,,,,,연희동
연희로11마길,주거지 도로,37.5695819,126.9257344,37.5696449,126.9256068,37.5696134,126.9256706,13.249387934965585,,,,463770594,,,,,연희동
연희로11마길,주거지 도로,37.5695819,126.9257344,37.5698919,126.9261498,37.5697369,126.9259421,50.4912602754961,,,,379199064,,,,,연희동
연희로11마길,주거지 도로,37.5695819,126.9257344,37.5694335,126.9261225,37.5695077,126.92592845,38.479500410053205,,,,463770594,,,,,연희동
연희로11아길,주거지 도로,37.5694335,126.9261225,37.569878,126.9261945,37.56965575,126.9261585,49.831902705619015,,,,463769966,,,,,연희동
연희로11마길,주거지 도로,37.5694335,126.9261225,37.5693476,126.926198,37.56939055,126.92616025,11.642515495401256,,,,463767674,,,,,연희동
연희로11바길,주거지 도로,37.5694335,126.9261225,37.5694001,126.9267686,37.5694168,126.92644555,57.07931931574137,,,,463770593,,,,,연희동
연희로11마길,주거지 도로,37.5694335,126.9261225,37.5695819,126.9257344,37.5695077,126.92592845,38.479500410053205,,,,463770594,,,,,연희동
연희로,주거지 도로,37.5655644,126.929903,37.5659018,126.9291335,37.5657331,126.92951825,77.51046116728749,,,,224258709,,,,,연희동
연희로8길,주거지 도로,37.5655644,126.929903,37.5655295,126.9304238,37.56554695,126.9301634,46.315781352003185,,,,379198971,,,,,연희동
연희로11가길,주거지 도로,37.5667491,126.9279164,37.5665243,126.9276301,37.5666367,126.92777325,35.51881037378812,,,,330881185,,,,,연희동
연희로11가길,주거지 도로,37.5667491,126.9279164,37.5669515,126.9281966,37.5668503,126.9280565,33.4128691161691,,,,330881185,,,,,연희동
연희맛로,주거지 도로,37.5667491,126.9279164,37.56642,126.928323,37.56658455,126.9281197,51.21947757506305,,,,463767514,,,,,연희동
고산길,주거지 도로,37.5544856,126.9447028,37.5544225,126.9450973,37.55445405,126.94490005,35.47695895045352,,,,584544846,,,,,대흥동
고산길,주거지 도로,37.5544856,126.9447028,37.5546767,126.9442202,37.55458115,126.9444615,47.554077793686375,,,,584544846,,,,,대흥동
고산16길,주거지 도로,37.5544856,126.9447028,37.5539018,126.9447189,37.5541937,126.94471085,64.94866234259753,,,,237264736,,,,,대흥동
고산길,주거지 도로,37.5538484,126.9386701,37.5539988,126.9390096,37.553923600000005,126.93883985,34.28367360122056,,,,224132978,,,,,대흥동
고산길,주거지 도로,37.5538484,126.9386701,37.5534192,126.9377977,37.5536338,126.9382339,90.51009421321608,,,,224132978,,,,,대흥동
신촌로20길,주거지 도로,37.5538484,126.9386701,37.5534934,126.9386949,37.5536709,126.9386825,39.53474789037504,,,,224258718,,,,,대흥동
신촌로20길,주거지 도로,37.5538484,126.9386701,37.5549122,126.9381285,37.5543803,126.9383993,127.56099660885812,,,,224258718,,,,,대흥동
고산길,주거지 도로,37.5533218,126.9376287,37.5534192,126.9377977,37.5533705,126.9377132,18.418693205623963,,,,224132978,,,,,대흥동
고산길,주거지 도로,37.5533218,126.9376287,37.5531153,126.9372789,37.55321855,126.9374538,38.447128751767494,,,,224132978,,,,,대흥동
고산2길,주거지 도로,37.5533218,126.9376287,37.5534934,126.9386949,37.5534076,126.9381618,102.00489174849108,,,,224258712,,,,,대흥동
신촌로24안길,주거지 도로,37.5555823,126.9414226,37.5556301,126.942039,37.5556062,126.9417308,54.595773908904185,,,,224258715,,,,,대흥동
신촌로24길,주거지 도로,37.5555823,126.9414226,37.555319,126.9415241,37.55545065,126.94147335,30.61432912033952,,,,224258717,,,,,대흥동
신촌로24길,주거지 도로,37.5555823,126.9414226,37.5559851,126.9412658,37.5557837,126.9413442,46.87364436315052,,,,224258717,,,,,대흥동
신촌로24길,주거지 도로,37.5555823,126.9414226,37.5553807,126.940824,37.5554815,126.9411233,57.33166911635512,,,,781717423,,,,,대흥동
고산7길,주거지 도로,37.5553807,126.940824,37.5550001,126.9410305,37.5551904,126.94092725,46.06968282745987,,,,324258432,,,,,대흥동
고산7길,주거지 도로,37.5553807,126.940824,37.5557456,126.9405264,37.55556315,126.9406752,48.31719532674504,,,,324258432,,,,,대흥동
신촌로24길,주거지 도로,37.5553807,126.940824,37.5555823,126.9414226,37.5554815,126.9411233,57.33166911635512,,,,781717423,,,,,대흥동
백범로1길,주거지 도로,37.5543061,126.9376357,37.5549122,126.9381285,37.55460915,126.9378821,80.18290025962473,,,,224258716,,,,,대흥동
백범로1길,주거지 도로,37.5543061,126.9376357,37.5534192,126.9377977,37.55386265,126.9377167,99.64754712746328,,,,468732328,,,,,대흥동
백범로1길,주거지 도로,37.5543061,126.9376357,37.5542535,126.9371027,37.5542798,126.9373692,47.34931445216188,,,,224258716,,,,,대흥동
백범로1길,주거지 도로,37.5549122,126.9381285,37.5550707,126.9385243,37.55499145,126.9383264,39.089269478912,,,,224258716,,,,,대흥동
백범로1길,주거지 도로,37.5549122,126.9381285,37.5543061,126.9376357,37.55460915,126.9378821,80.18290025962473,,,,224258716,,,,,대흥동
신촌로20길,주거지 도로,37.5549122,126.9381285,37.5538484,126.9386701,37.5543803,126.9383993,127.56099660885812,,,,224258718,,,,,대흥동
신촌로20길,주거지 도로,37.5549122,126.9381285,37.5553124,126.9379203,37.5551123,126.9380244,48.13641783259362,,,,224258718,,,,,대흥동
백범로1길,주거지 도로,37.5552849,126.9391375,37.5554842,126.9397339,37.55538455,126.9394357,57.05346257596504,,,,224258716,,,,,대흥동
백범로1길,주거지 도로,37.5552849,126.9391375,37.5550707,126.9385243,37.5551778,126.9388309,59.06947404787661,,,,224258716,,,,,대흥동
신촌로,주거지 도로,37.5552849,126.9391375,37.5556549,126.9389425,37.5554699,126.93904,44.588775062303,,,,463903160,,,,,대흥동
신촌로24길,주거지 도로,37.5559851,126.9412658,37.5555823,126.9414226,37.5557837,126.9413442,46.87364436315052,,,,224258717,,,,,대흥동
신촌로24길,주거지 도로,37.5559851,126.9412658,37.5563867,126.9411265,37.5561859,126.94119615,46.3134592809135,,,,224258717,,,,,대흥동
백범로1길,주거지 도로,37.5559851,126.9412658,37.5560973,126.9429499,37.5560412,126.94210785,148.97806482823302,,,,224258716,,,,,대흥동
백범로1길,주거지 도로,37.5559851,126.9412658,37.5557456,126.9405264,37.555865350000005,126.9408961,70.41075444397424,,,,224258716,,,,,대흥동
고산길,주거지 도로,37.5548597,126.9417011,37.5549786,126.9420676,37.55491915,126.94188435,34.90826479825888,,,,224132978,,,,,대흥동
고산길,주거지 도로,37.5548597,126.9417011,37.5547364,126.9413631,37.55479805,126.9415321,32.798513235558964,,,,224132978,,,,,대흥동
신촌로24길,주거지 도로,37.5548597,126.9417011,37.5542814,126.9418996,37.55457055,126.94180035,66.64239496696743,,,,224258717,,,,,대흥동
신촌로24길,주거지 도로,37.5548597,126.9417011,37.5551823,126.9415768,37.555021,126.94163895,37.50772040367426,,,,224258717,,,,,대흥동
신촌로24길,주거지 도로,37.5542814,126.9418996,37.5548597,126.9417011,37.55457055,126.94180035,66.64239496696743,,,,224258717,,,,,대흥동
"['고산2길', '고산길']",주거지 도로,37.5542814,126.9418996,37.5550383,126.942369,37.55465985,126.9421343,185.0221458522497,,,,"[224258712, 224132978]",,,,,대흥동
고산2길,주거지 도로,37.5542814,126.9418996,37.5534934,126.9386949,37.5538874,126.94029725,314.2863833918298,,,,224258712,,,,,대흥동
신촌로20길,주거지 도로,37.5534934,126.9386949,37.5538484,126.9386701,37.5536709,126.9386825,39.53474789037504,,,,224258718,,,,,대흥동
고산2길,주거지 도로,37.5534934,126.9386949,37.5542814,126.9418996,37.5538874,126.94029725,314.2863833918298,,,,224258712,,,,,대흥동
고산2길,주거지 도로,37.5534934,126.9386949,37.5533218,126.9376287,37.5534076,126.9381618,102.0048917484911,,,,224258712,,,,,대흥동
서강로16길,주거지 도로,37.5512892,126.9369229,37.5512231,126.9372664,37.55125615,126.93709465,31.680826757854025,,,,224258720,,,,,대흥동
서강로16길,주거지 도로,37.5512892,126.9369229,37.5519954,126.9361668,37.5516423,126.93654485,103.704127724596,,,,224258720,,,,,대흥동
서강로16길,주거지 도로,37.5512892,126.9369229,37.5510983,126.9367155,37.55119375,126.9368192,28.01577216750184,,,,539671800,,,,,대흥동
서강로16길,주거지 도로,37.5512231,126.9372664,37.5513774,126.9375895,37.55130025,126.93742795,34.42781233537626,,,,224258720,,,,,대흥동
서강로16길,주거지 도로,37.5512231,126.9372664,37.5512892,126.9369229,37.55125615,126.93709465,31.680826757854025,,,,224258720,,,,,대흥동
신수로,3차로,37.5512231,126.9372664,37.550493,126.9364653,37.55085805,126.93686585,107.60522645023808,,,,"[539402129, 37397731]",,,,,신수동
고산길,주거지 도로,37.554562,126.9408106,37.5547364,126.9413631,37.5546492,126.94108685,52.42293920248034,,,,224132978,,,,,대흥동
고산길,주거지 도로,37.554562,126.9408106,37.5539988,126.9390096,37.5542804,126.9399101,170.73113828851726,,,,224132978,,,,,대흥동
신촌로22길,주거지 도로,37.554562,126.9408106,37.5556509,126.940241,37.55510645,126.9405258,131.07867604428094,,,,224258721,,,,,대흥동
북아현로6길,주거지 도로,37.5612204,126.9559583,37.560937,126.9567551,37.5610787,126.9563567,102.41502484119992,,,,224258722,,,,,북아현동
북아현로,주거지 도로,37.5612204,126.9559583,37.5618032,126.9558137,37.561511800000005,126.955886,66.29702408876351,,,,515830276,,,,,북아현동
북아현로,주거지 도로,37.5612204,126.9559583,37.5602839,126.9563562,37.56075215,126.95615725,112.81331634764123,,,,515830276,,,,,북아현동
신촌로37길,주거지 도로,37.55836,126.9599818,37.5583781,126.9601293,37.55836905,126.96005555,13.156679424778726,,,,463992433,,,,,북아현동
신촌로37길,주거지 도로,37.55836,126.9599818,37.5583285,126.9598058,37.558344250000005,126.9598938,15.904536849069965,,,,463992433,,,,,북아현동
북아현로4가길,주거지 도로,37.55836,126.9599818,37.5585346,126.9596387,37.5584473,126.95981025,35.93884992411377,,,,463994512,,,,,북아현동
경기대로5길,주거지 도로,37.5628199,126.9619852,37.5628328,126.9615769,37.56282635,126.96178105,37.20295973452339,,,,463999798,,,,,충현동
북아현로14길,주거지 도로,37.5625661,126.9554855,37.5627898,126.9562073,37.562677949999994,126.9558464,68.31129298347783,,,,224258724,,,,,충현동
북아현로,주거지 도로,37.5625661,126.9554855,37.5623586,126.9549356,37.56246235,126.95521055,53.68142154648663,,,,463990627,,,,,충현동
북아현로,주거지 도로,37.5625661,126.9554855,37.5628821,126.9552246,37.5627241,126.95535505,42.208180100823405,,,,516388933,,,,,충현동
북아현로,주거지 도로,37.5625661,126.9554855,37.5622556,126.9556482,37.56241085,126.95556685,37.40501408765934,,,,516388933,,,,,충현동
북아현로14길,주거지 도로,37.5632594,126.9576887,37.5631359,126.9573055,37.56319765,126.9574971,36.46107972143181,,,,224258724,,,,,충현동
북아현로14길,주거지 도로,37.5632594,126.9576887,37.563908,126.958015,37.563583699999995,126.95785185,77.90123543981316,,,,224258724,,,,,충현동
북아현로14가길,주거지 도로,37.5632594,126.9576887,37.5632245,126.9580918,37.56324195,126.95789025,35.74144148648459,,,,463999801,,,,,충현동
경기대로9길,주거지 도로,37.5644593,126.9638702,37.5639936,126.9615592,37.56422645000001,126.9627147,239.6690704648595,,,,463992133,,,,,충현동
충정로9길,주거지 도로,37.5644593,126.9638702,37.5643847,126.9648799,37.564422,126.96437505,89.75938687089885,,,,464136821,,,,,충현동
통일로,주거지 도로,37.5645864,126.9677726,37.5645718,126.9668473,37.5645791,126.96730995,81.57268970747725,,,,224258726,,,,,충현동
한강대로104길,주거지 도로,37.5503545,126.9720853,37.5503383,126.9731833,37.550346399999995,126.9726343,96.81655640823097,,,,224260187,,,,,남영동
한강대로104길,주거지 도로,37.5503292,126.9736779,37.5503332,126.9740072,37.5503312,126.97384255,29.033669869858816,,,,224260187,,,,,남영동
한강대로104길,주거지 도로,37.5503292,126.9736779,37.5503357,126.9732597,37.55033245,126.9734688,36.874547439646285,,,,224260187,,,,,남영동
한강대로104가길,주거지 도로,37.5503292,126.9736779,37.5498139,126.9735146,37.55007155,126.97359625,61.472120460442966,,,,244477715,,,,,남영동
한강대로104나길,주거지 도로,37.5503897,126.9748118,37.5498763,126.974329,37.550133,126.9745704,71.20786346659652,,,,344898674,,,,,남영동
한강대로104길,주거지 도로,37.5503897,126.9748118,37.550272,126.9753878,37.550330849999995,126.9750998,52.46837237518238,,,,"[224260187, 468168887]",,,,,남영동
한강대로104길,주거지 도로,37.5503897,126.9748118,37.5504299,126.974525,37.5504098,126.9746684,25.677236688656635,,,,224260187,,,,,남영동
후암로35길,주거지 도로,37.550079,126.9760976,37.5498694,126.9760376,37.549974199999994,126.9760676,23.89918409884671,,,,464458362,,,,,후암동
한강대로104길,주거지 도로,37.550079,126.9760976,37.5501873,126.9757566,37.55013314999999,126.9759271,32.38411646340032,,,,468168887,,,,,후암동
후암로35길,주거지 도로,37.550079,126.9760976,37.551212,126.9770353,37.5506455,126.97656645,163.89732576323848,,,,464458362,,,,,후암동
한강대로104길,주거지 도로,37.550079,126.9760976,37.5501964,126.9773058,37.55013769999999,126.9767017,107.8685225755568,,,,468168887,,,,,후암동
후암로28길,주거지 도로,37.5501964,126.9773058,37.5499144,126.9780463,37.5500554,126.97767605,72.45913192788777,,,,464656381,,,,,후암동
한강대로104길,주거지 도로,37.5501964,126.9773058,37.550079,126.9760976,37.55013769999999,126.9767017,107.8685225755568,,,,468168887,,,,,후암동
두텁바위로69길,주거지 도로,37.5517253,126.9807261,37.5509077,126.9797629,37.5513165,126.9802445,136.2036106217999,,,,351672094,,,,,후암동
후암로28길,주거지 도로,37.549045,126.9807374,37.54915,126.980324,37.5490975,126.9805307,38.26941960939102,,,,464656381,,,,,후암동
후암로28길,주거지 도로,37.549045,126.9807374,37.54888,126.9813505,37.5489625,126.98104395,57.07941746543014,,,,464656381,,,,,후암동
두텁바위로57길,주거지 도로,37.549045,126.9807374,37.5497962,126.9816917,37.549420600000005,126.98121455,118.74109281660446,,,,404539452,,,,,후암동
두텁바위로58길,주거지 도로,37.5484503,126.9830757,37.5483277,126.9832146,37.548389,126.98314515,18.32471624425124,,,,404539455,,,,,후암동
두텁바위로58길,주거지 도로,37.5484503,126.9830757,37.5486881,126.9822041,37.5485692,126.9826399,81.26227832878514,,,,464770430,,,,,후암동
두텁바위로58길,주거지 도로,37.5484503,126.9830757,37.5492761,126.9827203,37.5488632,126.982898,97.95542493932952,,,,404539455,,,,,후암동
두텁바위로58길,주거지 도로,37.5483277,126.9832146,37.5484503,126.9830757,37.548389,126.98314515,18.32471624425124,,,,404539455,,,,,후암동
두텁바위로58길,주거지 도로,37.5483277,126.9832146,37.5483943,126.9836511,37.548361,126.98343285,39.187866841494326,,,,464770429,,,,,후암동
두텁바위로58길,주거지 도로,37.5483277,126.9832146,37.547763,126.9829443,37.54804535,126.98307945,77.1801316928807,,,,404539455,,,,,후암동
두텁바위로46길,주거지 도로,37.5483277,126.9832146,37.5482844,126.9823046,37.54830605,126.9827596,80.50584642920504,,,,464770431,,,,,후암동
두텁바위로60길,주거지 도로,37.5483943,126.9836511,37.5481779,126.9838666,37.5482861,126.98375885,30.658620699066848,,,,404539445,,,,,후암동
두텁바위로58길,주거지 도로,37.5483943,126.9836511,37.5483277,126.9832146,37.548361,126.98343285,39.187866841494326,,,,464770429,,,,,후암동
두텁바위로60길,주거지 도로,37.5483943,126.9836511,37.5500917,126.9815699,37.549243,126.9826105,339.7393403339007,,,,404539445,,,,,후암동
한강대로104길,주거지 도로,37.5503332,126.9740072,37.5503292,126.9736779,37.5503312,126.97384255,29.033669869858816,,,,224260187,,,,,남영동
후암로57길,주거지 도로,37.5503332,126.9740072,37.5511827,126.974015,37.55075795,126.9740111,94.4627263766942,,,,224260190,,,,,남영동
한강대로104길,주거지 도로,37.5503332,126.9740072,37.5504299,126.974525,37.55038155,126.9742661,46.942254231045425,,,,224260187,,,,,남영동
한강대로88길,주거지 도로,37.5451987,126.9729004,37.5444703,126.9730847,37.5448345,126.97299255,82.60827232700983,,,,224260191,,,,,남영동
한강대로72길,주거지 도로,37.5405478,126.9740775,37.5415795,126.9738164,37.54106365,126.97394695,117.00695492182624,,,,778986236,,,,,남영동
한강대로72길,주거지 도로,37.5405478,126.9740775,37.5416696,126.9743412,37.541108699999995,126.97420935,165.45144743644005,,,,778986235,,,True,,남영동
원효로90길,주거지 도로,37.5389108,126.970853,37.5391718,126.9704925,37.539041299999994,126.97067275,43.041786492905295,,,,224260192,,,,,원효로1동
만리재로7길,주거지 도로,37.5492614,126.9580172,37.5491055,126.9585708,37.54918345,126.958294,51.79204342463647,,,,464399112,,,,,공덕동
만리재옛길,3차로,37.5492614,126.9580172,37.5485365,126.9573947,37.548898949999995,126.95770595,97.51375295591532,,,,515561249,,,,,공덕동
만리재옛길,3차로,37.5492614,126.9580172,37.5500041,126.9594634,37.54963275,126.9587403,151.90745987370067,,,,515561249,,,,,공덕동
만리재옛11길,주거지 도로,37.5500041,126.9594634,37.5513559,126.9582168,37.55068,126.9588401,191.0449888745383,,,,224260205,,,,,공덕동
만리재옛12길,주거지 도로,37.5500041,126.9594634,37.5499771,126.9603079,37.5499906,126.95988565,83.92854268168225,,,,464402543,,,,,공덕동
만리재옛길,3차로,37.5500041,126.9594634,37.5511913,126.9615554,37.5505977,126.9605094,227.90263802873432,,,,515561249,,,,,공덕동
만리재옛길,3차로,37.5500041,126.9594634,37.5492614,126.9580172,37.54963275,126.9587403,151.90745987370067,,,,515561249,,,,,공덕동
만리재옛길,3차로,37.5512126,126.9620146,37.5511913,126.9615554,37.55120195,126.961785,42.07347361088999,,,,515561249,,,,,공덕동
마포대로20길,주거지 도로,37.5517227,126.9585719,37.5521557,126.9574253,37.5519392,126.9579986,113.06016127674005,,,,224260194,,,,,공덕동
마포대로20길,주거지 도로,37.5517227,126.9585719,37.5519212,126.9589357,37.55182195,126.9587538,39.649850402350715,,,,328442725,,,,,공덕동
마포대로20길,주거지 도로,37.5517227,126.9585719,37.5513559,126.9582168,37.5515393,126.95839435,52.36554441095005,,,,328442725,,,,,공덕동
마포대로14길,주거지 도로,37.5489525,126.9545353,37.5486084,126.955634,37.548780449999995,126.95508465,104.14405590702609,,,,515561250,,,,,공덕동
마포대로14길,주거지 도로,37.5489525,126.9545353,37.5490143,126.9543208,37.5489834,126.95442805,20.120023415524052,,,,224260197,,,,,아현동
마포대로12길,주거지 도로,37.5489525,126.9545353,37.5482083,126.9547323,37.5485804,126.9546338,84.75793575934257,,,,464247916,,,,,공덕동
마포대로14나길,주거지 도로,37.5470452,126.9546891,37.5471087,126.954907,37.547076950000005,126.95479805,20.466898603650534,,,,464242695,,,,,공덕동
마포대로10길,주거지 도로,37.5470452,126.9546891,37.5472017,126.9541978,37.54712345,126.95444345,46.678711908831424,,,,464247919,,,,,공덕동
마포대로12길,주거지 도로,37.5470452,126.9546891,37.5461513,126.9543498,37.54659825,126.95451945,103.89923981171786,,,,464247916,,,,,공덕동
마포대로12길,주거지 도로,37.5470452,126.9546891,37.5482083,126.9547323,37.54762675,126.9547107,130.41266898282782,,,,464247916,,,,,공덕동
마포대로12길,주거지 도로,37.5465697,126.955391,37.5464402,126.9557749,37.54650495,126.95558295,36.781302797137215,,,,464247921,,,,,공덕동
마포대로12길,주거지 도로,37.5464402,126.9557749,37.5465697,126.955391,37.54650495,126.95558295,36.781302797137215,,,,464247921,,,,,공덕동
만리재옛길,3차로,37.5464402,126.9557749,37.5473539,126.9562639,37.54689705,126.9560194,110.79416032897797,,,,224260193,,,,,공덕동
만리재옛길,3차로,37.5464402,126.9557749,37.5460157,126.9554393,37.54622795,126.9556071,55.993433622501314,,,,224260193,,,,,공덕동
만리재옛길,3차로,37.5481682,126.9570591,37.5473539,126.9562639,37.54776105,126.9566615,114.51355150988452,,,,224260193,,,,,공덕동
만리재옛길,3차로,37.5481682,126.9570591,37.5485365,126.9573947,37.54835235,126.9572269,50.52244946077084,,,,515561249,,,,,공덕동
마포대로14길,주거지 도로,37.5481682,126.9570591,37.5475541,126.9576206,37.54786115,126.95733985,84.5757824157813,,,,224260199,,,,,공덕동
마포대로14길,주거지 도로,37.5481682,126.9570591,37.5486084,126.955634,37.5483883,126.95634655,136.61383283057452,,,,515561250,,,,,공덕동
마포대로14길,주거지 도로,37.5475541,126.9576206,37.5481682,126.9570591,37.54786115,126.95733985,84.5757824157813,,,,224260199,,,,,공덕동
마포대로14길,주거지 도로,37.5475541,126.9576206,37.5472152,126.9578555,37.54738465,126.95773805,43.53854615487273,,,,1110155160,,,True,,공덕동
마포대로,주거지 도로,37.5501922,126.9551582,37.549859,126.9562169,37.5500256,126.95568755,100.41769951130756,,,,464242691,,,,,공덕동
만리재옛11길,주거지 도로,37.5513559,126.9582168,37.5500041,126.9594634,37.55068,126.9588401,191.0449888745383,,,,224260205,,,,,공덕동
마포대로20길,주거지 도로,37.5513559,126.9582168,37.5517227,126.9585719,37.5515393,126.95839435,52.36554441095005,,,,328442725,,,,,공덕동
마포대로16나길,주거지 도로,37.5513559,126.9582168,37.5514789,126.9579691,37.5514174,126.95809295,25.853230314103023,,,,464247915,,,,,공덕동
손기정로,3차로,37.5578409,126.9604748,37.5579158,126.9603834,37.55787835,126.9604291,11.587743348005072,,,,223296618,,,,,공덕동
손기정로,3차로,37.5578409,126.9604748,37.5573936,126.9610735,37.55761725,126.96077415,72.51894426471746,,,,517017992,,,,,공덕동
환일길,주거지 도로,37.5578409,126.9604748,37.5566813,126.9599108,37.557261100000005,126.9601928,140.97991064389038,,,,224260206,,,,,공덕동
손기정로1길,주거지 도로,37.5578409,126.9604748,37.5582114,126.9609582,37.55802615,126.9607165,59.315312435767325,,,,464235879,,,,,공덕동
환일길,주거지 도로,37.5523956,126.9616748,37.5532902,126.9612789,37.5528429,126.96147685,105.4198088630557,,,,224260206,,,,,공덕동
환일길,주거지 도로,37.5523956,126.9616748,37.551548,126.9624642,37.5519718,126.9620695,120.64325127860772,,,,224260206,,,,,공덕동
환일길,주거지 도로,37.5523956,126.9616748,37.5528376,126.962617,37.55261659999999,126.9621459,126.1396889640275,,,,902547926,,,,,공덕동
환일길,주거지 도로,37.551548,126.9624642,37.5515017,126.9625268,37.55152485,126.9624955,7.547181546183231,,,,224260206,,,,,청파동
환일길,주거지 도로,37.551548,126.9624642,37.5523956,126.9616748,37.5519718,126.9620695,120.64325127860776,,,,224260206,,,,,공덕동
손기정로6길,주거지 도로,37.5561106,126.9604794,37.5563537,126.9608113,37.55623215,126.96064535,39.83320836561864,,,,1103628063,,,,,공덕동
환일길,주거지 도로,37.5561106,126.9604794,37.5554209,126.9607799,37.55576575,126.96062965,84.00645591632525,,,,224260206,,,,,공덕동
환일길,주거지 도로,37.5561106,126.9604794,37.5566813,126.9599108,37.556395949999995,126.9601951,82.97410944958096,,,,224260206,,,,,공덕동
서소문로6길,주거지 도로,37.5603901,126.9655431,37.5600565,126.9659996,37.5602233,126.96577135,54.78472951858157,,,,224260208,,,,,중림동
서소문로6길,주거지 도로,37.5600565,126.9659996,37.5598292,126.9662119,37.55994285,126.96610575,31.44836600401121,,,,224260208,,,,,중림동
서소문로6길,주거지 도로,37.5600565,126.9659996,37.5603901,126.9655431,37.5602233,126.96577135,54.78472951858157,,,,224260208,,,,,중림동
서소문로6길,주거지 도로,37.5600565,126.9659996,37.5609713,126.9677261,37.5605139,126.96686285,184.82811038454997,,,,1068426571,,,,,중림동
서소문로6길,주거지 도로,37.5598292,126.9662119,37.5600565,126.9659996,37.55994285,126.96610575,31.44836600401121,,,,224260208,,,,,중림동
서소문로6길,주거지 도로,37.5598292,126.9662119,37.559856,126.9682389,37.5598426,126.9672254,186.16624710975003,,,,224260208,,,,,중림동
중림로5길,주거지 도로,37.5598292,126.9662119,37.5593539,126.965707,37.55959155,126.96595945,72.3535136399954,,,,331947388,,,,,중림동
북아현로4길,주거지 도로,37.5599407,126.958695,37.5598214,126.958618,37.55988105,126.9586565,14.90108385943636,,,,360246963,,,,,북아현동
북아현로4길,주거지 도로,37.5599407,126.958695,37.5601497,126.9584047,37.5600452,126.95854985,34.56693403435143,,,,463994111,,,,,북아현동
북아현로4길,주거지 도로,37.5599407,126.958695,37.560052,126.9589373,37.55999635,126.95881615,24.692971207456665,,,,360246963,,,,,북아현동
북아현로4마길,주거지 도로,37.5599912,126.9604696,37.5600575,126.9602655,37.56002435,126.96036755,19.442522391907954,,,,463994115,,,,,북아현동
북아현로4아길,주거지 도로,37.5606157,126.9587625,37.5604935,126.9592943,37.5605546,126.9590284,48.80541269273943,,,,463994113,,,,,북아현동
북아현로6길,주거지 도로,37.5606157,126.9587625,37.5613471,126.9584459,37.5609814,126.9586042,85.98278759029499,,,,224260211,,,,,북아현동
북아현로6길,주거지 도로,37.5606157,126.9587625,37.5602056,126.9584839,37.56041065,126.9586232,52.44915397455753,,,,463992435,,,,,북아현동
북아현로1길,주거지 도로,37.5591188,126.9535908,37.5605277,126.9530174,37.55982325,126.9533041,166.96905572316518,,,,463988046,,,,,북아현동
북아현로1길,주거지 도로,37.5591188,126.9535908,37.5586214,126.9546075,37.5588701,126.95409915,110.97822254255476,,,,463988046,,,,,북아현동
북아현로1가길,주거지 도로,37.5591188,126.9535908,37.5589342,126.9532059,37.5590265,126.95339835,39.65402293928107,,,,463988047,,,,,북아현동
신촌로27길,주거지 도로,37.5575722,126.949796,37.5575118,126.9487568,37.557542,126.9492764,91.8502799145252,,,,769971143,,,,,북아현동
신촌로27길,주거지 도로,37.5575722,126.949796,37.5576377,126.9509219,37.55760495,126.95035895,99.5137198619626,,,,769971143,,,,,북아현동
"['신촌로', '신촌로27안길']",주거지 도로,37.5575722,126.949796,37.5570776,126.9498192,37.5573249,126.9498076,55.03514443436872,,,,"[780472274, 224260213]",,,,,북아현동
망우로18다길,주거지 도로,37.5853036,127.0609616,37.5854194,127.060947,37.585361500000005,127.0609543,12.940498628663503,,,,379795844,,,,,휘경2동
서울시립대로29나길,주거지 도로,37.5848747,127.0556141,37.5854175,127.0559106,37.5851461,127.05576235,69.66194678039844,,,,793089338,,,,,휘경2동
망우로18다길,주거지 도로,37.5856775,127.0609238,37.5855886,127.0609269,37.58563305,127.06092535,9.88901631860172,,,,379795844,,,,,휘경2동
망우로18다길,주거지 도로,37.5856775,127.0609238,37.5859064,127.0608954,37.58579195,127.0609096,25.57528007669834,,,,379795844,,,,,휘경2동
망우로18다길,주거지 도로,37.5856775,127.0609238,37.5855349,127.0604754,37.5856062,127.0606996,42.5740928761713,,,,379795857,,,,,휘경2동
망우로18가길,주거지 도로,37.587284,127.0604609,37.5874486,127.0604864,37.5873663,127.06047365,18.44011321325171,,,,224706896,,,,,휘경2동
망우로18가길,주거지 도로,37.587284,127.0604609,37.5870624,127.0603266,37.587173199999995,127.06039375,27.4120732410527,,,,224706896,,,,,휘경2동
망우로18나길,주거지 도로,37.587284,127.0604609,37.5872876,127.0607254,37.5872858,127.06059315,23.42592871594423,,,,379795896,,,,,휘경2동
망우로16길,주거지 도로,37.5891942,127.0612077,37.5893241,127.0613223,37.58925915,127.061265,17.62376312517446,,,,416588067,,,,,휘경2동
망우로16길,주거지 도로,37.5891942,127.0612077,37.5889227,127.0612607,37.58905845,127.0612342,30.548517946864145,,,,416588067,,,,,휘경2동
망우로14길,주거지 도로,37.5891942,127.0612077,37.5891709,127.0603298,37.58918255,127.06076875,77.85412333820837,,,,669801034,,,,,휘경2동
망우로18다길,주거지 도로,37.5869004,127.0607547,37.5866632,127.060773,37.5867818,127.06076385,26.42471862642706,,,,379795844,,,,,휘경2동
망우로18다길,주거지 도로,37.5869004,127.0607547,37.5872876,127.0607254,37.587094,127.06074005,43.13207286371596,,,,379795844,,,,,휘경2동
망우로18가길,주거지 도로,37.5869004,127.0607547,37.5869351,127.060268,37.58691775,127.06051135,43.05840947828331,,,,793089361,,,,,휘경2동
망우로18가길,주거지 도로,37.5869351,127.060268,37.5870624,127.0603266,37.58699875,127.0602973,15.067495379682391,,,,224706896,,,,,휘경2동
망우로18가길,주거지 도로,37.5869351,127.060268,37.5869004,127.0607547,37.58691775,127.06051135,43.05840947828331,,,,793089361,,,,,휘경2동
망우로18가길,주거지 도로,37.5869351,127.060268,37.5864978,127.0600954,37.58671645,127.0601817,53.32193357505011,,,,224706896,,,,,휘경2동
"['지양로15길', '지양로13길']",주거지 도로,37.5234743,126.8317902,37.5227335,126.8311063,37.523103899999995,126.83144825,418.683809529685,,,,"[48387204, 48387205]",,,,,신월7동
지양로,3차로,37.5234743,126.8317902,37.5231785,126.8320148,37.5233264,126.8319025,38.50995044555235,,,,919711807,,2,,,신월7동
지양로,3차로,37.5234743,126.8317902,37.5241096,126.8315017,37.52379195,126.83164595,75.0880533916842,,,,919711807,,2,,,신월7동
지양로,,37.5248972,126.8314189,37.5249972,126.8323783,37.5249472,126.8318986,85.76057183972715,,,,47098483,,,True,,신월7동
남부순환로54길,주거지 도로,37.5342817,126.8293209,37.5335832,126.8289323,37.53393245,126.8291266,84.89240043511484,,,,47519481,,,,,신월3동
곰달래로,3차로,37.5295977,126.8324639,37.529659,126.8326166,37.52962835,126.83254025,15.092317442625587,,,,1318937428,,3,,,신월3동
곰달래로,,37.5272457,126.8338148,37.5251229,126.8319466,37.5261843,126.8328807,323.14165140750777,,,,47098477,,,True,,신월3동
곰달래로,3차로,37.529659,126.8326166,37.5295977,126.8324639,37.52962835,126.83254025,15.092317442625587,,,,1318937428,,3,,,신월3동
곰달래로,3차로,37.529659,126.8326166,37.5297112,126.8330554,37.5296851,126.832836,39.22360644066346,,,,226514736,,3,,,신월1동
가로공원로,주거지 도로,37.5355257,126.826265,37.5350073,126.8263627,37.5352665,126.82631385,58.28370480879558,,,,797804289,,,,,신월3동
가로공원로,3차로,37.5355257,126.826265,37.5357129,126.8275483,37.5356193,126.82690665,115.05351764428482,,,,47377259,,,True,,신월3동
남부순환로40길,주거지 도로,37.5350522,126.8281711,37.5352496,126.8286695,37.535150900000005,126.8284203,49.12337422415669,,,,226508825,,,,,신월3동
가로공원로64길,주거지 도로,37.5350522,126.8281711,37.5352766,126.827637,37.5351644,126.82790405,67.02056157183085,,,,47519448,,,,,신월3동
남부순환로40길,주거지 도로,37.5350522,126.8281711,37.5349621,126.8280131,37.53500715,126.8280921,17.509335415189156,,,,226508825,,,,,신월3동
남부순환로46길,주거지 도로,37.5344504,126.8283546,37.5337545,126.8277893,37.53410245,126.82807195,92.04573873038969,,,,47519478,,,,,신월3동
가로공원로64길,주거지 도로,37.5344504,126.8283546,37.5347229,126.828173,37.534586649999994,126.8282638,34.27155099308828,,,,226508815,,,,,신월3동
가로공원로64길,주거지 도로,37.5344504,126.8283546,37.534209,126.8285154,37.5343297,126.828435,30.357157973393736,,,,226508815,,,,,신월3동
남부순환로40가길,주거지 도로,37.5339644,126.8257937,37.5337632,126.8258454,37.533863800000006,126.82581955,22.832186741644215,,,,226508824,,,,,신월3동
남부순환로40가길,주거지 도로,37.5331952,126.8276993,37.5330817,126.8279235,37.53313845,126.8278114,23.454476917798416,,,,47519477,,,,,신월3동
남부순환로40가길,주거지 도로,37.5331952,126.8276993,37.5333258,126.8274411,37.5332605,126.8275702,27.004606426080972,,,,47519477,,,,,신월3동
남부순환로48길,주거지 도로,37.5331952,126.8276993,37.534209,126.8285154,37.5337021,126.82810735,133.74003666843663,,,,226508821,,,,,신월3동
남부순환로48길,주거지 도로,37.5331952,126.8276993,37.531913,126.8266667,37.5325541,126.827183,170.40580632276627,,,,226508821,,,,,신월3동
남부순환로40길,주거지 도로,37.5352496,126.8286695,37.5350522,126.8281711,37.535150900000005,126.8284203,49.12337422415669,,,,226508825,,,,,신월3동
남부순환로58길,주거지 도로,37.5322105,126.8307147,37.5315451,126.8306059,37.5318778,126.8306603,74.60861951764151,,,,226508816,,,,,신월3동
남부순환로64길,주거지 도로,37.5289089,126.8328595,37.5277911,126.8328016,37.52835,126.83283055,125.82113401256032,,,,47519484,,,,,신월3동
남부순환로58길,주거지 도로,37.5289089,126.8328595,37.5292573,126.8311762,37.529083099999994,126.83201785,168.36149360530504,,,,226508816,,,,,신월3동
남부순환로58길,주거지 도로,37.5334631,126.8271698,37.5333258,126.8274411,37.53339445,126.82730545,28.379091826162085,,,,47519477,,,,,신월3동
남부순환로58길,주거지 도로,37.5334631,126.8271698,37.5335979,126.8269034,37.5335305,126.8270366,27.865287383654596,,,,47519477,,,,,신월3동
남부순환로42길,주거지 도로,37.5334631,126.8271698,37.5325817,126.8264671,37.5330224,126.82681845,115.951759607552,,,,226508830,,,,,신월3동
남부순환로42길,주거지 도로,37.5334631,126.8271698,37.5339029,126.8274979,37.533683,126.82733385,57.018510061115066,,,,226508830,,,,,신월3동
가로공원로64길,주거지 도로,37.5357129,126.8275483,37.5352766,126.827637,37.53549475,126.82759265,49.140802571755216,,,,226508815,,,,,신월3동
가로공원로,3차로,37.5357129,126.8275483,37.5358944,126.8283252,37.53580365,126.82793675,72.5472154627166,,,,47377259,,,True,,신월3동
남부순환로60길,주거지 도로,37.5308002,126.8295441,37.5308195,126.8298246,37.53080985,126.82968435,24.82757777562848,,,,48387230,,,,,신월3동
남부순환로60길,주거지 도로,37.5308002,126.8295441,37.5307894,126.8293864,37.5307948,126.82946525,13.957837915611922,,,,48387230,,,,,신월3동
남부순환로60길,주거지 도로,37.5308002,126.8295441,37.5311936,126.8300692,37.530996900000005,126.82980665,94.05021439362604,,,,48387215,,,,,신월3동
남부순환로62길,주거지 도로,37.5307214,126.8317168,37.5304762,126.8309121,37.5305988,126.83131445,76.01695682731132,,,,48387225,,,,,신월3동
가로공원로56길,주거지 도로,37.5351288,126.8271578,37.5354301,126.8270875,37.53527945,126.82712265,34.07169577475343,,,,47519476,,,,,신월3동
가로공원로56길,주거지 도로,37.5351288,126.8271578,37.5352024,126.8276391,37.5351656,126.82739845,43.22073326410247,,,,226508823,,,,,신월3동
가로공원로56길,주거지 도로,37.5351288,126.8271578,37.5350816,126.8268486,37.5351052,126.8270032,27.764439466724355,,,,226508823,,,,,신월3동
가로공원로60가길,주거지 도로,37.5351288,126.8271578,37.5344595,126.8267233,37.53479415,126.82694055,84.71236508684133,,,,464987004,,,,,신월3동
남부순환로62길,주거지 도로,37.5304762,126.8309121,37.5307214,126.8317168,37.5305988,126.83131445,76.01695682731132,,,,48387225,,,,,신월3동
남부순환로62길,주거지 도로,37.5304762,126.8309121,37.5303714,126.8294327,37.5304238,126.8301724,130.97446753957132,,,,48387225,,,,,신월3동
남부순환로58길,주거지 도로,37.5304762,126.8309121,37.5300358,126.8310105,37.530256,126.8309613,49.73311418482951,,,,226508816,,,,,신월3동
남부순환로58길,주거지 도로,37.5304762,126.8309121,37.5308842,126.8307855,37.530680200000006,126.8308488,46.845532133510645,,,,226508816,,,,,신월3동
가로공원로60길,주거지 도로,37.5345369,126.825016,37.5344162,126.82446,37.53447655,126.824738,50.829889642814976,,,,47519453,,,,,신월3동
가로공원로60길,주거지 도로,37.5345369,126.825016,37.5347906,126.824945,37.53466375,126.8249805,28.89651889419429,,,,47519474,,,,,신월3동
가로공원로60길,주거지 도로,37.5345369,126.825016,37.5343612,126.8250648,37.53444905,126.8250404,20.00523101269841,,,,47519474,,,,,신월3동
가로공원로60길,주거지 도로,37.5345369,126.825016,37.5349339,126.8258827,37.5347354,126.82544935,111.28596781983607,,,,226508811,,,,,신월3동
가로공원로60길,주거지 도로,37.5278046,126.8332662,37.5277911,126.8328016,37.52779785,126.8330339,40.9978423181216,,,,47519485,,,,,신월3동
가로공원로64길,주거지 도로,37.534209,126.8285154,37.5340026,126.8286529,37.5341058,126.82858415,25.95633901742422,,,,226508815,,,,,신월3동
남부순환로48길,주거지 도로,37.534209,126.8285154,37.5331952,126.8276993,37.5337021,126.82810735,133.74003666843663,,,,226508821,,,,,신월3동
가로공원로64길,주거지 도로,37.534209,126.8285154,37.5344504,126.8283546,37.5343297,126.828435,30.357157973393736,,,,226508815,,,,,신월3동
남부순환로60길,주거지 도로,37.5308566,126.8303652,37.5308842,126.8307855,37.5308704,126.83057535,37.189115392189734,,,,48387230,,,,,신월3동
남부순환로60길,주거지 도로,37.5308566,126.8303652,37.5308195,126.8298246,37.53083805,126.8300949,47.84857056069122,,,,48387230,,,,,신월3동
남부순환로60길,주거지 도로,37.5308566,126.8303652,37.5311936,126.8300692,37.5310251,126.8302172,59.90974479186897,,,,48387216,,,,,신월3동
가로공원로60길,주거지 도로,37.5344162,126.82446,37.5345369,126.825016,37.53447655,126.824738,50.829889642814976,,,,47519453,,,,,신월3동
가로공원로58길,주거지 도로,37.5344162,126.82446,37.5347048,126.8243838,37.5345605,126.8244219,32.786753368266346,,,,47519456,,,,,신월3동
가로공원로58길,주거지 도로,37.5344162,126.82446,37.5341894,126.8245198,37.534302800000006,126.8244899,25.76439886903058,,,,47519456,,,,,신월3동
가로공원로58길,주거지 도로,37.5332861,126.829261,37.5337444,126.8296825,37.53351525,126.82947175,63.07425871027909,,,,47519450,,,,,신월3동
가로공원로58길,주거지 도로,37.5332861,126.829261,37.532811,126.8287447,37.53304855,126.82900285,70.31506227026719,,,,47519450,,,,,신월3동
가로공원로64길,주거지 도로,37.5332861,126.829261,37.5335832,126.8289323,37.53343465,126.82909665,44.39594224854882,,,,226508815,,,,,신월3동
가로공원로56길,주거지 도로,37.5350816,126.8268486,37.5354026,126.8267697,37.5352421,126.82680915,36.365298942038955,,,,47519449,,,,,신월3동
가로공원로56길,주거지 도로,37.5350816,126.8268486,37.5351288,126.8271578,37.5351052,126.8270032,27.764439466724355,,,,226508823,,,,,신월3동
가로공원로56길,주거지 도로,37.5350816,126.8268486,37.5350073,126.8263627,37.53504445,126.82660565,43.63380936423198,,,,226508823,,,,,신월3동
남부순환로40길,주거지 도로,37.5322481,126.8265657,37.5325817,126.8264671,37.5324149,126.8265164,38.099976146401694,,,,226508829,,,,,신월3동
남부순환로40길,주거지 도로,37.5322481,126.8265657,37.531913,126.8266667,37.53208055,126.8266162,38.31103910359552,,,,226508829,,,,,신월3동
남부순환로46길,주거지 도로,37.5322481,126.8265657,37.5333258,126.8274411,37.53278695,126.8270034,142.77618994306192,,,,47519478,,,,,신월3동
가로공원로56길,주거지 도로,37.5349339,126.8258827,37.5350073,126.8263627,37.534970599999994,126.8261227,43.10407657834724,,,,226508823,,,,,신월3동
가로공원로56길,주거지 도로,37.5349339,126.8258827,37.5347906,126.824945,37.53486225,126.82541385,84.20383408053034,,,,226508823,,,,,신월3동
가로공원로60길,주거지 도로,37.5349339,126.8258827,37.5345369,126.825016,37.5347354,126.82544935,111.28596781983607,,,,226508811,,,,,신월3동
남부순환로40가길,주거지 도로,37.5337632,126.8258454,37.533759,126.8258207,37.53376110000001,126.82583305,2.2274824964848907,,,,47519471,,,,,신월3동
남부순환로40가길,주거지 도로,37.5337632,126.8258454,37.5338047,126.8260849,37.53378395,126.82596515,21.616696896607355,,,,47519471,,,,,신월3동
남부순환로40가길,주거지 도로,37.5337632,126.8258454,37.5339644,126.8257937,37.533863800000006,126.82581955,22.832186741644215,,,,226508824,,,,,신월3동
남부순환로40길,주거지 도로,37.5328942,126.8263734,37.5331179,126.8265171,37.53300605,126.82644525,27.91579307860757,,,,226508825,,,,,신월3동
남부순환로40길,주거지 도로,37.5328942,126.8263734,37.5328338,126.8260856,37.532864,126.8262295,26.251349060151735,,,,226508825,,,,,신월3동
남부순환로40길,주거지 도로,37.5328942,126.8263734,37.5325817,126.8264671,37.53273795,126.82642025,35.717242859622154,,,,226508829,,,,,신월3동
남부순환로56길,주거지 도로,37.5326968,126.8303875,37.5323557,126.8296372,37.53252625,126.83001235,78.36066350577333,,,,48387223,,,,,신월3동
남부순환로56길,주거지 도로,37.532811,126.8287447,37.5332861,126.829261,37.53304855,126.82900285,70.31506227026719,,,,47519450,,,,,신월3동
남부순환로64길,주거지 도로,37.5277911,126.8328016,37.5274175,126.8328143,37.5276043,126.83280795,41.5575767577265,,,,47519484,,,,,신월3동
남부순환로64길,주거지 도로,37.5277911,126.8328016,37.5278046,126.8332662,37.52779785,126.8330339,40.9978423181216,,,,47519485,,,,,신월3동
남부순환로64길,주거지 도로,37.5277911,126.8328016,37.5289089,126.8328595,37.52835,126.83283055,125.82113401256032,,,,47519484,,,,,신월3동
남부순환로60길,주거지 도로,37.5307076,126.8279044,37.530692,126.8279677,37.5306998,126.82793605,5.845161452600132,,,,48387230,,,,,신월3동
남부순환로60길,주거지 도로,37.5307076,126.8279044,37.5307302,126.8276683,37.5307189,126.82778635,20.970577650962404,,,,48387230,,,,,신월3동
남부순환로62길,주거지 도로,37.5307076,126.8279044,37.5303714,126.8294327,37.5305395,126.82866855,178.60087973348294,,,,48387225,,,,,신월3동
남부순환로62길,주거지 도로,37.5333258,126.8274411,37.5331952,126.8276993,37.5332605,126.8275702,27.004606426080972,,,,47519477,,,,,신월3동
남부순환로62길,주거지 도로,37.5333258,126.8274411,37.5334631,126.8271698,37.53339445,126.82730545,28.379091826162085,,,,47519477,,,,,신월3동
남부순환로46길,주거지 도로,37.5333258,126.8274411,37.5337545,126.8277893,37.53354015,126.8276152,56.70150934882785,,,,47519478,,,,,신월3동
남부순환로46길,주거지 도로,37.5333258,126.8274411,37.5322481,126.8265657,37.53278695,126.8270034,142.77618994306192,,,,47519478,,,,,신월3동
가로공원로60가길,주거지 도로,37.5343666,126.8260914,37.5344595,126.8267233,37.53441305,126.82640735,56.66809952488023,,,,464987004,,,,,신월3동
가로공원로60가길,주거지 도로,37.5343666,126.8260914,37.5338047,126.8260849,37.534085649999994,126.82608815,62.88130073678944,,,,47519473,,,,,신월3동
가로공원로60가길,주거지 도로,37.5343666,126.8260914,37.5343612,126.8250648,37.5343639,126.8255781,92.50611926611111,,,,464987004,,,,,신월3동
가로공원로60가길,주거지 도로,37.5337444,126.8296825,37.5332861,126.829261,37.53351525,126.82947175,63.07425871027909,,,,47519450,,,,,신월3동
가로공원로60가길,,37.5258458,126.8374298,37.5258622,126.8375034,37.525853999999995,126.8374666,6.741838601152426,,,,226513702,,,True,,신월4동
오목로3길,주거지 도로,37.5258458,126.8374298,37.5253054,126.837705,37.5255756,126.8375674,64.88051698541966,,,,47098425,,,,,신월4동
화곡로12길,주거지 도로,37.5395221,126.8316413,37.5389579,126.8316743,37.53924,126.8316578,62.80370251058186,,,,226513700,,,,,신월5동
지양로10길,주거지 도로,37.5225128,126.8332292,37.5228308,126.8335035,37.5226718,126.83336635,42.842921732474906,,,,48387197,,,,,신월7동
지양로9길,주거지 도로,37.5225128,126.8332292,37.5215459,126.8323895,37.52202935,126.83280935,130.5502223957211,,,,226508819,,,,,신월7동
지양로,3차로,37.5225128,126.8332292,37.5223063,126.8336122,37.52240955,126.8334207,40.842709499717905,,,,919711807,,2,,,신월7동
지양로,3차로,37.5225128,126.8332292,37.5227117,126.8328605,37.52261225,126.83304485,39.324580881036155,,,,919711807,,2,,,신월7동
지양로11길,주거지 도로,37.5208868,126.8312492,37.5211776,126.831506,37.5210322,126.8313776,39.47792655300084,,,,48387191,,,,,신월7동
지양로7길,주거지 도로,37.5208868,126.8312492,37.5206762,126.8316343,37.5207815,126.83144175,41.25369003704408,,,,48387195,,,,,신월7동
지양로7길,주거지 도로,37.5208868,126.8312492,37.5212877,126.8305159,37.52108725,126.83088255,78.54666070651797,,,,48387195,,,,,신월7동
남부순환로31길,주거지 도로,37.5388054,126.8273075,37.5388317,126.8280593,37.53881855,126.8276834,66.35151811746337,,,,47518603,,,,,신월5동
남부순환로31길,주거지 도로,37.5388054,126.8273075,37.5387758,126.8264586,37.5387906,126.82688305,74.92081490553642,,,,47518603,,,,,신월5동
화곡로4길,주거지 도로,37.5388054,126.8273075,37.5377385,126.8280182,37.53827195,126.82766285,134.16694578418276,,,,47518604,,,,,신월5동
화곡로4길,주거지 도로,37.5388054,126.8273075,37.5393695,126.8269345,37.53908745,126.827121,70.82404380945674,,,,47518604,,,,,신월5동
가로공원로,3차로,37.5365209,126.831847,37.5363627,126.830749,37.5364418,126.831298,98.4001152119896,,,,226514735,,,True,,신월5동
가로공원로69길,주거지 도로,37.5365209,126.831847,37.5370643,126.8322541,37.5367926,126.83205055,72.80601817163318,,,,226513704,,,,,신월5동
지양로13길,주거지 도로,37.5231785,126.8320148,37.5229442,126.8315269,37.52306135,126.83177085,50.30058165456714,,,,48387205,,,,,신월7동
지양로14길,주거지 도로,37.5231785,126.8320148,37.5233996,126.8324799,37.52328905,126.83224735,47.82072339792287,,,,226508813,,,,,신월7동
지양로,3차로,37.5231785,126.8320148,37.5227117,126.8328605,37.5229451,126.83243765,90.9005547881815,,,,919711807,,2,,,신월7동
지양로,3차로,37.5231785,126.8320148,37.5234743,126.8317902,37.5233264,126.8319025,38.50995044555235,,,,919711807,,2,,,신월7동
오목로3길,주거지 도로,37.52157,126.8400039,37.5220019,126.8397289,37.521785949999995,126.8398664,53.80152342405636,,,,47098425,,,,,신월4동
오목로4길,주거지 도로,37.52157,126.8400039,37.5208909,126.8411727,37.52123045,126.8405883,150.7663677254194,,,,249677868,,,,,신월4동
오목로4길,,37.5232096,126.8364409,37.5235058,126.8363336,37.523357700000005,126.83638725,34.26838373878062,,,,226513702,,,True,,신월4동
화곡로4길,주거지 도로,37.5372454,126.8297529,37.5371607,126.8291793,37.53720305,126.8294661,51.44549698950179,,,,47518591,,,,,신월5동
화곡로8길,주거지 도로,37.5372454,126.8297529,37.5367542,126.8298635,37.5369998,126.8298082,55.48277822034601,,,,226513710,,,,,신월5동
화곡로8길,주거지 도로,37.5372454,126.8297529,37.5381611,126.829546,37.53770325000001,126.82964945,103.44267744751455,,,,226513710,,,,,신월5동
남부순환로33길,주거지 도로,37.5384268,126.8317054,37.5384034,126.8310951,37.5384151,126.83140025,53.87398966795105,,,,226513699,,,,,신월5동
화곡로12길,주거지 도로,37.5384268,126.8317054,37.5389579,126.8316743,37.538692350000005,126.83168985,59.119337083655296,,,,226513700,,,,,신월5동
남부순환로33길,주거지 도로,37.5384268,126.8317054,37.5384853,126.8331915,37.53845605,126.83244845,131.19403091039914,,,,226513699,,,,,신월5동
화곡로12길,주거지 도로,37.5384268,126.8317054,37.5371562,126.8313762,37.5377915,126.8315408,157.52657728049638,,,,226513700,,,,,신월5동
지양로10길,주거지 도로,37.5233996,126.8324799,37.5228308,126.8335035,37.5231152,126.8329917,110.22306573239912,,,,48387196,,,,,신월7동
지양로14길,주거지 도로,37.5233996,126.8324799,37.5235987,126.8328373,37.52349915,126.8326586,38.51712875096861,,,,226508813,,,,,신월7동
지양로14길,주거지 도로,37.5233996,126.8324799,37.5231785,126.8320148,37.52328905,126.83224735,47.82072339792287,,,,226508813,,,,,신월7동
지양로14길,주거지 도로,37.5233996,126.8324799,37.5244056,126.8320069,37.5239026,126.8322434,119.59931582352488,,,,465562734,,,,,신월7동
남부순환로27길,주거지 도로,37.5404844,126.8253269,37.5405221,126.8262922,37.54050325,126.82580955,85.21282620927924,,,,167932544,,,,,신월5동
화곡로10길,주거지 도로,37.5369824,126.8314168,37.5371562,126.8313762,37.5370693,126.8313965,19.654467307398484,,,,47518584,,,,,신월5동
남부순환로35길,주거지 도로,37.5369824,126.8314168,37.5370643,126.8322541,37.53702335,126.83183545,74.80340769691212,,,,47518596,,,,,신월5동
남부순환로35길,주거지 도로,37.5369824,126.8314168,37.5368702,126.830638,37.536926300000005,126.8310274,69.79355039352781,,,,47518596,,,,,신월5동
지양로11길,주거지 도로,37.5227117,126.8328605,37.5223743,126.8325625,37.522543,126.8327115,45.80631373756235,,,,48387191,,,,,신월7동
지양로,3차로,37.5227117,126.8328605,37.5225128,126.8332292,37.52261225,126.83304485,39.324580881036155,,,,919711807,,2,,,신월7동
지양로,3차로,37.5227117,126.8328605,37.5231785,126.8320148,37.5229451,126.83243765,90.9005547881815,,,,919711807,,2,,,신월7동
가로공원로67길,주거지 도로,37.5363627,126.830749,37.5368702,126.830638,37.53661645,126.8306935,57.27395260900399,,,,47518587,,,,,신월5동
가로공원로,3차로,37.5363627,126.830749,37.5361251,126.8291075,37.5362439,126.82992825,147.12947254656316,,,,226514735,,,True,,신월5동
지양로7길,주거지 도로,37.5211726,126.8337013,37.5219065,126.8332665,37.52153955,126.8334839,90.1661920235743,,,,48387180,,,,,신월7동
지양로,주거지 도로,37.5211726,126.8337013,37.5213486,126.8341867,37.521260600000005,126.833944,47.069643197115944,,,,48387189,,,,,신월7동
지양로,주거지 도로,37.5211726,126.8337013,37.5210351,126.8333205,37.52110385,126.8335109,36.900096901264966,,,,48387189,,,,,신월7동
남부순환로29길,주거지 도로,37.53988,126.8257303,37.5399714,126.826314,37.5399257,126.82602215,53.47033231536854,,,,167932549,,,True,,신월5동
화곡로4길,주거지 도로,37.5377385,126.8280182,37.5388054,126.8273075,37.53827195,126.82766285,134.16694578418276,,,,47518604,,,,,신월5동
남부순환로33길,주거지 도로,37.5377385,126.8280182,37.5374614,126.8273358,37.53759995,126.827677,67.59949256341199,,,,226513699,,,,,신월5동
남부순환로33길,주거지 도로,37.5377385,126.8280182,37.5379879,126.8286261,37.5378632,126.82832215,60.34912198539428,,,,226513699,,,,,신월5동
화곡로4길,주거지 도로,37.5377385,126.8280182,37.5369093,126.828569,37.5373239,126.8282936,104.21135307246794,,,,47518604,,,,,신월5동
화곡로10길,주거지 도로,37.5371562,126.8313762,37.5369824,126.8314168,37.5370693,126.8313965,19.654467307398484,,,,47518584,,,,,신월5동
화곡로10길,주거지 도로,37.5371562,126.8313762,37.5384034,126.8310951,37.5377798,126.83123565,140.87990085811143,,,,47518584,,,,,신월5동
화곡로12길,주거지 도로,37.5371562,126.8313762,37.5384268,126.8317054,37.5377915,126.8315408,157.52657728049638,,,,226513700,,,,,신월5동
남부순환로35길,주거지 도로,37.5367542,126.8298635,37.5368702,126.830638,37.5368122,126.83025075,69.49782821688251,,,,47518596,,,,,신월5동
남부순환로35길,주거지 도로,37.5367542,126.8298635,37.5366072,126.8287698,37.5366807,126.82931665,97.8109818174152,,,,47518596,,,,,신월5동
화곡로8길,주거지 도로,37.5367542,126.8298635,37.5372454,126.8297529,37.5369998,126.8298082,55.48277822034601,,,,226513710,,,,,신월5동
남부순환로35길,주거지 도로,37.5366072,126.8287698,37.5367542,126.8298635,37.5366807,126.82931665,97.8109818174152,,,,47518596,,,,,신월5동
남부순환로35길,주거지 도로,37.5366072,126.8287698,37.5365009,126.8279768,37.53655405,126.8283733,70.91384362447951,,,,47518596,,,,,신월5동
화곡로4길,주거지 도로,37.5366072,126.8287698,37.5361251,126.8291075,37.53636615,126.82893865,61.32176042641511,,,,47518604,,,,,신월5동
화곡로4길,주거지 도로,37.5366072,126.8287698,37.5369093,126.828569,37.53675825,126.8286694,37.97236634055931,,,,47518604,,,,,신월5동
남부순환로35길,주거지 도로,37.5365009,126.8279768,37.5366072,126.8287698,37.53655405,126.8283733,70.91384362447951,,,,47518596,,,,,신월5동
남부순환로33길,주거지 도로,37.5374614,126.8273358,37.5377385,126.8280182,37.53759995,126.827677,67.59949256341199,,,,226513699,,,,,신월5동
남부순환로31길,주거지 도로,37.5387758,126.8264586,37.5388054,126.8273075,37.5387906,126.82688305,74.92081490553642,,,,47518603,,,,,신월5동
지양로10길,주거지 도로,37.5242133,126.8331087,37.52363,126.8345928,37.52392165,126.83385075,146.07065669207094,,,,48387198,,,,,신월7동
지양로14길,주거지 도로,37.5242133,126.8331087,37.5246127,126.8330771,37.524413,126.8330929,44.49866264208081,,,,226508813,,,,,신월7동
지양로14길,주거지 도로,37.5242133,126.8331087,37.5238002,126.8331525,37.52400675,126.8331306,46.09680917485588,,,,226508813,,,,,신월7동
화곡로4길,주거지 도로,37.5369093,126.828569,37.5371607,126.8291793,37.537035,126.82887415,60.63987689625271,,,,47518591,,,,,신월5동
화곡로4길,주거지 도로,37.5369093,126.828569,37.5366072,126.8287698,37.53675825,126.8286694,37.97236634055931,,,,47518604,,,,,신월5동
화곡로4길,주거지 도로,37.5369093,126.828569,37.5377385,126.8280182,37.5373239,126.8282936,104.21135307246794,,,,47518604,,,,,신월5동
가로공원로,주거지 도로,37.5367907,126.8336565,37.5370296,126.8335991,37.53691015,126.8336278,27.0423409491805,,,,47518563,,,,,신월5동
가로공원로,3차로,37.5367907,126.8336565,37.5365209,126.831847,37.5366558,126.83275175,162.3516681414436,,,,226514735,,,True,,신월5동
남부순환로,주거지 도로,37.5173317,126.8393892,37.5185584,126.8390268,37.51794505,126.839208,146.07629747741677,,,,47098490,,,True,,신월4동
화곡로26길,주거지 도로,37.5398376,126.8410165,37.5401916,126.84058,37.5400146,126.84079825,55.05114157696873,,,,226514733,,,True,,화곡1동
강서로29길,3차로,37.5398376,126.8410165,37.5402487,126.8415179,37.54004315,126.8412672,63.59233633703386,,,,465078885,,,,,화곡1동
강서로29길,3차로,37.5398376,126.8410165,37.5392206,126.8402639,37.5395291,126.8406402,95.44744542388035,,,,465078885,,,,,화곡1동
화곡로26길,주거지 도로,37.5398376,126.8410165,37.5392761,126.8414469,37.53955685,126.8412317,73.58717873640062,,,,902333780,,,,,화곡1동
가로공원로76가길,주거지 도로,37.5329301,126.8390069,37.5331158,126.8394929,37.53302295,126.8392499,47.569795663553464,,,,47702045,,,,,화곡1동
가로공원로76길,3차로,37.5329301,126.8390069,37.5329764,126.8389777,37.532953250000006,126.8389923,5.756293565003002,,,,167162063,,,,,화곡1동
가로공원로76길,3차로,37.5329301,126.8390069,37.53236,126.83935,37.53264505,126.83917845,70.24166242183011,,,,167162063,,,,,화곡1동
강서로31길,주거지 도로,37.5406721,126.8412041,37.5401916,126.84058,37.54043185,126.84089205,77.0209550553469,,,,902333779,,,,,화곡1동
화곡로20길,3차로,37.5384482,126.8367715,37.5379175,126.8368999,37.53818285,126.8368357,60.08740684532169,,,,188841366,,,,,화곡1동
강서로31길,주거지 도로,37.5384482,126.8367715,37.5390683,126.8383856,37.53875825,126.83757855,158.14090744051606,,,,188841023,,,True,,화곡1동
화곡로20길,3차로,37.5384482,126.8367715,37.5389107,126.8366595,37.53867945,126.8367155,52.36726334400601,,,,188841366,,,,,화곡1동
화곡로25길,주거지 도로,37.5411147,126.838434,37.5416837,126.8382181,37.5413992,126.83832605,66.14802427863961,,,,167787926,,,,,화곡3동
남부순환로63길,주거지 도로,37.5288102,126.833087,37.5288448,126.8339208,37.528827500000006,126.8335039,73.62750933545813,,,,47376919,,,,,신월1동
화곡로20길,3차로,37.5389107,126.8366595,37.5394379,126.8365319,37.5391743,126.8365957,59.69187612521053,,,,188841366,,,,,화곡1동
화곡로20길,주거지 도로,37.5389107,126.8366595,37.5394919,126.838132,37.5392013,126.83739575,145.0267564855417,,,,188841039,,,,,화곡1동
화곡로20길,3차로,37.5389107,126.8366595,37.5384482,126.8367715,37.53867945,126.8367155,52.36726334400601,,,,188841366,,,,,화곡1동
화곡로24길,주거지 도로,37.5404251,126.838267,37.5392884,126.8389587,37.53985675,126.83861285,140.3397215061678,,,,188841035,,,,,화곡1동
화곡로26가길,주거지 도로,37.5404251,126.838267,37.5402625,126.8376706,37.5403438,126.8379688,55.605695173522186,,,,188841036,,,True,,화곡1동
화곡로24길,주거지 도로,37.5404251,126.838267,37.5410158,126.8380612,37.540720449999995,126.8381641,68.2941008086026,,,,188841035,,,,,화곡1동
강서로5다길,주거지 도로,37.5285501,126.8466022,37.5280655,126.8466458,37.52830779999999,126.846624,54.022130234671664,,,,47377239,,,,,화곡1동
강서로5나길,3차로,37.5285501,126.8466022,37.5285348,126.846297,37.52854245,126.8464496,26.967262816893,,,,32458025,,,,,화곡1동
강서로5나길,3차로,37.5285501,126.8466022,37.5286332,126.8483266,37.52859165,126.8474644,152.34752195112506,,,,32458025,,,,,화곡1동
강서로5나길,3차로,37.5284255,126.8437594,37.5281906,126.8394577,37.52830805,126.84160855,380.2676200282221,,,,32458025,,,,,화곡1동
강서로5나길,3차로,37.5284255,126.8437594,37.528493,126.8454678,37.52845925,126.8446136,150.84124985242943,,,,32458025,,,,,화곡1동
월정로14길,주거지 도로,37.5284255,126.8437594,37.5271231,126.8401073,37.5277743,126.84193335,411.63546109930417,,,,464841950,,,,,화곡1동
곰달래로7길,주거지 도로,37.5298706,126.8355761,37.5307629,126.8350316,37.53031675,126.83530385,110.22653902576243,,,,47518560,,,,,신월1동
곰달래로,3차로,37.5298706,126.8355761,37.5299117,126.8362265,37.52989115,126.8359013,57.53514812552422,,,,226514736,,3,,,신월1동
곰달래로,3차로,37.5298706,126.8355761,37.5298255,126.8348636,37.52984805,126.83521985,63.02929667726815,,,,226514736,,3,,,신월1동
곰달래로,3차로,37.5299545,126.8369041,37.5299974,126.8375914,37.52997595,126.83724775,60.79462845403099,,,,226514736,,3,,,신월1동
곰달래로,3차로,37.5299545,126.8369041,37.5299117,126.8362265,37.5299331,126.8365653,59.94109239953182,,,,226514736,,3,,,신월1동
곰달래로11길,주거지 도로,37.5299545,126.8369041,37.530716,126.836419,37.53033525,126.83666155,94.89019939965708,,,,47518556,,,,,신월1동
강서로12길,주거지 도로,37.5313544,126.8469895,37.5315363,126.8475146,37.53144535,126.84725205,50.52816573248503,,,,47569422,,,,,화곡8동
강서로12길,주거지 도로,37.5313544,126.8469895,37.5311237,126.8464104,37.53123905,126.84669995,57.146335178588366,,,,254449373,,,,,화곡1동
곰달래로6길,주거지 도로,37.5274356,126.8363609,37.5271976,126.8357205,37.5273166,126.8360407,62.366824555034846,,,,47098391,,,,,신월1동
곰달래로6길,주거지 도로,37.5274356,126.8363609,37.5266097,126.8368884,37.52702265,126.83662465,102.94534077774873,,,,464849222,,,,,신월1동
곰달래로6길,주거지 도로,37.5274356,126.8363609,37.5279524,126.8360401,37.527694,126.8362005,64.05149371185695,,,,464849222,,,,,신월1동
남부순환로59길,주거지 도로,37.5317922,126.8311583,37.5320724,126.8318903,37.531932299999994,126.8315243,71.67351437158786,,,,47518549,,,,,신월1동
강서로7길,주거지 도로,37.5297092,126.8479119,37.5292134,126.8430935,37.5294613,126.8455027,428.7296082868928,,,,47702029,,,,,화곡1동
강서로8길,주거지 도로,37.5297092,126.8479119,37.5298549,126.8491929,37.529782049999994,126.8485524,114.11676652351456,,,,255676900,,,,,화곡8동
월정로13길,주거지 도로,37.5270117,126.8394655,37.5274031,126.8392131,37.5272074,126.8393393,48.883077268561514,,,,47376852,,,,,신월1동
월정로13길,주거지 도로,37.5270117,126.8394655,37.526799,126.8381038,37.52690535,126.83878465,122.38877686010126,,,,226517426,,,,,신월1동
월정로13길,주거지 도로,37.5270117,126.8394655,37.5271231,126.8401073,37.5270674,126.8397864,57.93718673907333,,,,226517426,,,,,신월1동
월정로13길,주거지 도로,37.5277014,126.8390206,37.5274031,126.8392131,37.52755225,126.83911685,37.26101165719584,,,,47376852,,,,,신월1동
월정로15길,주거지 도로,37.5277014,126.8390206,37.5280554,126.8380489,37.5278784,126.83853475,114.21204029361613,,,,226517421,,,,,신월1동
월정로15길,주거지 도로,37.5277014,126.8390206,37.5277273,126.8394444,37.52771435,126.8392325,37.48333163084166,,,,226517421,,,,,신월1동
월정로15길,주거지 도로,37.5277273,126.8394444,37.5273675,126.8396669,37.5275474,126.83955565,44.56034607238771,,,,47376859,,,,,신월1동
월정로15길,주거지 도로,37.5277273,126.8394444,37.5277448,126.8397309,37.52773605,126.83958765,25.33960399471906,,,,226517421,,,,,신월1동
월정로15길,주거지 도로,37.5277273,126.8394444,37.5277014,126.8390206,37.52771435,126.8392325,37.48333163084166,,,,226517421,,,,,신월1동
강서로5다길,주거지 도로,37.5280068,126.8455083,37.528493,126.8454678,37.5282499,126.84548805,54.180886838981195,,,,47377243,,,,,화곡1동
강서로5다길,주거지 도로,37.5309463,126.8370124,37.530716,126.836419,37.53083115,126.8367157,58.25656377232256,,,,47518558,,,,,신월1동
곰달래로13길,주거지 도로,37.5309463,126.8370124,37.5314166,126.8367254,37.53118145,126.8368689,58.096916742809185,,,,464841952,,,,,신월1동
곰달래로13길,주거지 도로,37.5309463,126.8370124,37.5299974,126.8375914,37.53047185,126.8373019,117.2219226379584,,,,464841952,,,,,신월1동
강서로5다길,주거지 도로,37.52805,126.8463451,37.5285348,126.846297,37.5282924,126.84632105,54.07399252107868,,,,226517436,,,,,화곡1동
남부순환로65길,주거지 도로,37.5271976,126.8357205,37.5268119,126.8359439,37.52700475,126.8358322,47.19626301830774,,,,47098390,,,,,신월1동
남부순환로65길,주거지 도로,37.5271976,126.8357205,37.5279166,126.8352729,37.5275571,126.8354967,89.16205656540235,,,,47098390,,,,,신월1동
곰달래로6길,주거지 도로,37.5271976,126.8357205,37.5274356,126.8363609,37.5273166,126.8360407,62.366824555034846,,,,47098391,,,,,신월1동
남부순환로61길,주거지 도로,37.5307604,126.8318636,37.5310258,126.8325499,37.5308931,126.83220675,67.3303028077208,,,,464850590,,,,,신월1동
곰달래로5길,주거지 도로,37.5317987,126.8336207,37.5315101,126.8338032,37.5316544,126.83371195,35.899906567882006,,,,47098398,,,,,신월1동
곰달래로5길,주거지 도로,37.5317987,126.8336207,37.5325538,126.8331465,37.532176250000006,126.8333836,93.79927109217898,,,,47098398,,,,,신월1동
곰달래로5길,주거지 도로,37.5317987,126.8336207,37.5320334,126.8342573,37.53191605000001,126.833939,61.90483375207953,,,,47518548,,,,,신월1동
곰달래로5길,주거지 도로,37.5352929,126.8288077,37.5356114,126.8294854,37.53545215,126.82914655,69.46277819283013,,,,47519496,,,,,신월1동
월정로33길,주거지 도로,37.5357811,126.8348402,37.5355335,126.8342043,37.5356573,126.83452225,62.465140519727285,,,,47518547,,,,,신월1동
월정로,3차로,37.5357811,126.8348402,37.536207,126.8345805,37.53599405,126.83471035,52.60359946102587,,,,226513709,,,,,화곡1동
월정로,3차로,37.5357811,126.8348402,37.5356969,126.8348903,37.535739,126.83486525,10.352466313459182,,,,226513709,,,,,화곡1동
강서로5다길,주거지 도로,37.5280655,126.8466458,37.5285501,126.8466022,37.52830779999999,126.846624,54.022130234671664,,,,47377239,,,,,화곡1동
남부순환로65길,주거지 도로,37.5279166,126.8352729,37.5271976,126.8357205,37.5275571,126.8354967,89.16205656540235,,,,47098390,,,,,신월1동
남부순환로65길,주거지 도로,37.5279166,126.8352729,37.5279111,126.8349752,37.52791385,126.83512405,26.259500066637376,,,,464841953,,,,,신월1동
남부순환로65길,주거지 도로,37.5279166,126.8352729,37.5279195,126.835335,37.52791805,126.83530395,5.485712155692363,,,,464841953,,,,,신월1동
남부순환로57길,주거지 도로,37.5345381,126.8311968,37.5350909,126.8313195,37.5348145,126.83125815,62.413528613478114,,,,47518544,,,,,신월1동
남부순환로57길,주거지 도로,37.5345381,126.8311968,37.5342642,126.8311327,37.53440115,126.83116475,30.97635450609115,,,,47518544,,,,,신월1동
남부순환로53길,주거지 도로,37.5345381,126.8311968,37.534644,126.8304149,37.53459105,126.83080585,70.90347720233234,,,,226517439,,,,,신월1동
남부순환로53길,주거지 도로,37.5345381,126.8311968,37.5338996,126.8317126,37.53421885,126.8314547,86.89349734559376,,,,226517439,,,,,신월1동
곰달래로10길,주거지 도로,37.5271708,126.8378791,37.5274031,126.8392131,37.52728695,126.8385461,120.44096135963945,,,,47376855,,,,,신월1동
곰달래로10길,주거지 도로,37.5271708,126.8378791,37.526799,126.8381038,37.5269849,126.83799145,45.84572239790708,,,,464841951,,,,,신월1동
곰달래로10길,주거지 도로,37.5271708,126.8378791,37.5274827,126.8376906,37.52732675,126.83778485,38.45960913578072,,,,464841951,,,,,신월1동
강서로5다길,주거지 도로,37.5285348,126.846297,37.52805,126.8463451,37.5282924,126.84632105,54.07399252107868,,,,226517436,,,,,화곡1동
강서로5나길,3차로,37.5285348,126.846297,37.528493,126.8454678,37.5285139,126.8458824,73.27030239626745,,,,32458025,,,,,화곡1동
강서로5나길,3차로,37.5285348,126.846297,37.5285501,126.8466022,37.52854245,126.8464496,26.967262816893005,,,,32458025,,,,,화곡1동
곰달래로5길,주거지 도로,37.5298255,126.8348636,37.5305226,126.8344088,37.53017405,126.8346362,87.2744814169442,,,,47098398,,,,,신월1동
곰달래로,3차로,37.5298255,126.8348636,37.5298004,126.8344366,37.52981295,126.8346501,37.75690702995714,,,,226514736,,3,,,신월1동
곰달래로6길,주거지 도로,37.5298255,126.8348636,37.5293596,126.8351355,37.52959255,126.83499955,57.08521278294117,,,,464849222,,,,,신월1동
곰달래로,3차로,37.5298255,126.8348636,37.5298706,126.8355761,37.52984805,126.83521985,63.02929667726814,,,,226514736,,3,,,신월1동
강서로,주거지 도로,37.5317519,126.846742,37.5311237,126.8464104,37.531437800000006,126.8465762,95.05808818621364,,,,180193949,,,,,화곡1동
월정로31길,주거지 도로,37.5339712,126.8334063,37.5338678,126.8331386,37.5339195,126.83327245,26.256201787712616,,,,464851231,,,,,신월1동
월정로31길,주거지 도로,37.5339712,126.8334063,37.5340737,126.8336813,37.53402245,126.8335438,26.79362283953617,,,,464851231,,,,,신월1동
곰달래로9길,주거지 도로,37.5339712,126.8334063,37.5346959,126.8333047,37.53433355,126.8333555,103.65346673502074,,,,47519500,,,,,신월1동
월정로13길,주거지 도로,37.5274031,126.8392131,37.5270117,126.8394655,37.5272074,126.8393393,48.883077268561514,,,,47376852,,,,,신월1동
월정로13길,주거지 도로,37.5274031,126.8392131,37.5277014,126.8390206,37.52755225,126.83911685,37.26101165719584,,,,47376852,,,,,신월1동
곰달래로10길,주거지 도로,37.5274031,126.8392131,37.5271708,126.8378791,37.52728695,126.8385461,120.44096135963945,,,,47376855,,,,,신월1동
월정로,3차로,37.5316589,126.8373533,37.5326492,126.8367509,37.53215405,126.8370521,122.25903770049268,,,,226513709,,,,,화곡1동
월정로,3차로,37.5316589,126.8373533,37.5315818,126.8374002,37.53162035,126.83737675,9.518515287506752,,,,226513709,,,,,화곡1동
월정로25길,주거지 도로,37.5316589,126.8373533,37.5314166,126.8367254,37.53153775,126.83703935,61.57533926931178,,,,464850589,,,,,신월1동
곰달래로5길,주거지 도로,37.5337818,126.8323672,37.533614,126.8324814,37.5336979,126.8324243,21.202416116172024,,,,47098398,,,,,신월1동
곰달래로5길,주거지 도로,37.5337818,126.8323672,37.5340719,126.8321619,37.53392685,126.83226455,36.99009518367867,,,,47098398,,,,,신월1동
곰달래로5길,주거지 도로,37.5337818,126.8323672,37.5340417,126.8330326,37.53391175,126.8326999,65.40411422964647,,,,47519501,,,,,신월1동
강서로5다길,주거지 도로,37.528493,126.8454678,37.5280068,126.8455083,37.5282499,126.84548805,54.180886838981195,,,,47377243,,,,,화곡1동
강서로5나길,3차로,37.528493,126.8454678,37.5284255,126.8437594,37.52845925,126.8446136,150.84124985242943,,,,32458025,,,,,화곡1동
강서로5나길,3차로,37.528493,126.8454678,37.5285348,126.846297,37.5285139,126.8458824,73.27030239626745,,,,32458025,,,,,화곡1동
곰달래로,3차로,37.5297112,126.8330554,37.5297334,126.8334061,37.5297223,126.83323075,31.023745094990783,,,,226514736,,3,,,신월1동
곰달래로,주거지 도로,37.5297112,126.8330554,37.5306939,126.8327606,37.53020255,126.832908,137.54820967950175,,,,47376800,,,,,신월1동
곰달래로,3차로,37.5297112,126.8330554,37.529659,126.8326166,37.5296851,126.832836,39.22360644066346,,,,226514736,,3,,,신월1동
남부순환로53길,주거지 도로,37.5342489,126.8295239,37.5345473,126.8301967,37.5343981,126.8298603,67.97362222456802,,,,226517439,,,,,신월1동
월정로33길,주거지 도로,37.5351951,126.8333353,37.5353049,126.8336174,37.535250000000005,126.83347635,27.709093829048456,,,,47518547,,,,,신월1동
월정로33길,주거지 도로,37.5351951,126.8333353,37.5351033,126.8330606,37.535149200000006,126.83319795,26.284837773339188,,,,47518547,,,,,신월1동
월정로33길,주거지 도로,37.5351951,126.8333353,37.5349185,126.8335105,37.53505680000001,126.8334229,34.41827633912726,,,,47519490,,,,,신월1동
월정로33길,주거지 도로,37.5348785,126.8325223,37.5351033,126.8330606,37.5349909,126.83279145,53.64469870744737,,,,47518547,,,,,신월1동
월정로33길,주거지 도로,37.5348785,126.8325223,37.5346239,126.8318684,37.5347512,126.83219535,64.2335048241482,,,,47518547,,,,,신월1동
곰달래로7길,주거지 도로,37.5348785,126.8325223,37.5340417,126.8330326,37.5344601,126.83277745,103.35671293229662,,,,47518560,,,,,신월1동
곰달래로10길,주거지 도로,37.5263265,126.8383903,37.526799,126.8381038,37.52656275,126.83824705,58.305941272044834,,,,464841951,,,,,신월1동
남부순환로55길,주거지 도로,37.5338996,126.8317126,37.5340719,126.8321619,37.53398575,126.83193725,44.00724636937042,,,,47518546,,,,,신월1동
남부순환로55길,주거지 도로,37.5338996,126.8317126,37.5336193,126.8309819,37.53375945,126.83134725,71.57371673739237,,,,47518546,,,,,신월1동
남부순환로53길,주거지 도로,37.5338996,126.8317126,37.5345381,126.8311968,37.53421885,126.8314547,86.89349734559376,,,,226517439,,,,,신월1동
초원로,3차로,37.5677212,126.8050268,37.5677644,126.8053575,37.567742800000005,126.80519215,29.540056721986858,,,,226575485,,,,,방화2동
양천로24길,주거지 도로,37.5675398,126.8152374,37.5683032,126.8152706,37.5679215,126.815254,84.93674575957847,,,,117940261,,,,,방화1동
초원로,3차로,37.5675398,126.8152374,37.5675406,126.8151772,37.5675402,126.8152073,5.306601203047372,,,,226575485,,,,,방화1동
초원로,3차로,37.5675398,126.8152374,37.5675232,126.8164646,37.5675315,126.815851,108.17765416329284,,,,226575485,,,,,방화1동
왕십리광장로,주거지 도로,37.5611259,127.0359089,37.5612253,127.0368406,37.5611756,127.03637475,82.89194044107396,,,,226903434,,,True,,행당1동
왕십리광장로,주거지 도로,37.5608108,127.0357652,37.5611259,127.0359089,37.56096835,127.03583705,40.65657034229424,,,,226903402,,,True,,행당1동
왕십리광장로,주거지 도로,37.5612082,127.035967,37.5614779,127.0356779,37.561343050000005,127.03582245,42.69788114953688,,,,226903428,,,True,,행당1동
왕십리광장로,주거지 도로,37.5612082,127.035967,37.561183,127.0354343,37.561195600000005,127.03570065,47.03970644571477,,,,226903452,,,True,,행당1동
고산자로14길,주거지 도로,37.5621457,127.0359796,37.5620545,127.0367138,37.5621001,127.0363467,65.54130260305034,,,,379953369,,,True,,행당1동
고산자로12길,생활도로,37.5603398,127.0346969,37.5597981,127.035403,37.56006895,127.03504995,94.66908744995116,,,,379953367,,,,,행당1동
마조로1길,주거지 도로,37.558518,127.0408013,37.5587003,127.0393126,37.558609149999995,127.04005695,177.41550422136788,,,,419735654,,,,,사근동
고산자로2길,주거지 도로,37.5533896,127.0384718,37.5522928,127.0368816,37.5528412,127.0376767,186.1507747268108,,,,226905191,,,,,응봉동
고산자로4길,주거지 도로,37.5533896,127.0384718,37.5537968,127.0369405,37.5535932,127.03770615,147.65036887221987,,,,226905192,,,,,행당1동
고산자로2길,주거지 도로,37.5533896,127.0384718,37.5565417,127.0392213,37.55496565,127.03884655,368.5958304421268,,,,280210084,30.0,,,,행당1동
고산자로2길,주거지 도로,37.5522928,127.0368816,37.5522392,127.0361932,37.552266,127.0365374,66.93634359898246,,,,226905190,,,,,응봉동
고산자로2길,주거지 도로,37.5522928,127.0368816,37.5533896,127.0384718,37.5528412,127.0376767,186.1507747268108,,,,226905191,,,,,응봉동
고산자로2길,주거지 도로,37.5522928,127.0368816,37.551975,127.0363825,37.5521339,127.03663205,56.43247130941369,,,,379955984,,,,,응봉동
개화동로29길,주거지 도로,37.5632332,126.8068298,37.5633028,126.8071596,37.563268,126.8069947,30.081867415152555,,,,117940227,,,,,방화2동
개화동로29길,주거지 도로,37.5633028,126.8071596,37.5632332,126.8068298,37.563268,126.8069947,30.081867415152555,,,,117940227,,,,,방화2동
개화동로27가길,주거지 도로,37.5633028,126.8071596,37.5642224,126.8068897,37.5637626,126.80702465,104.98581468558692,,,,465433543,,,,,방화2동
개화동로29길,주거지 도로,37.5633028,126.8071596,37.5636711,126.8081572,37.56348695,126.8076584,97.33796031039844,,,,117940227,,,,,방화2동
개화동로27가길,주거지 도로,37.5633028,126.8071596,37.5623447,126.8075774,37.56282375,126.8073685,113.32009763446754,,,,465433543,,,,,방화2동
행당로17길,주거지 도로,37.5583824,127.0334753,37.558674,127.0335525,37.5585282,127.0335139,33.13618084019271,,,,159604839,,,,,행당1동
사근동11길,주거지 도로,37.5622393,127.0480977,37.5625276,127.0470864,37.56238345,127.04759205,96.62177725893294,,,,226966680,,,,,사근동
사근동11길,주거지 도로,37.5622393,127.0480977,37.562374,127.0489724,37.56230665,127.04853505,81.46987606471227,,,,226966681,,,,,사근동
사근동11가길,주거지 도로,37.5622393,127.0480977,37.5616703,127.0475635,37.5619548,127.0478306,89.69500412028427,,,,"[674029785, 419734996]",,,,,사근동
사근동8길,주거지 도로,37.5602329,127.0467486,37.5604876,127.0468439,37.56036025,127.04679625,29.70457840705005,,,,226966684,,,,,사근동
사근동8길,주거지 도로,37.5602329,127.0467486,37.5600001,127.0467734,37.56011650000001,127.046761,26.132024692788136,,,,226966686,,,,,사근동
사근동8가길,주거지 도로,37.5602329,127.0467486,37.559886,127.0456972,37.56005945,127.0462229,112.6837650220439,,,,379944912,,,,,사근동
사근동8가길,주거지 도로,37.5602329,127.0467486,37.5602582,127.0469775,37.560245550000005,127.04686305,20.54014053020147,,,,379944912,,,,,사근동
사근동4길,주거지 도로,37.5602329,127.0467486,37.5608809,127.0457453,37.5605569,127.04624695,118.53633831884056,,,,379944926,,,,,사근동
사근동길,3차로,37.5611254,127.0481555,37.5613255,127.0489887,37.56122545,127.0485721,76.76966503038827,,,,37401000,40.0,2,,,사근동
사근동길,3차로,37.5611254,127.0481555,37.5610011,127.0477035,37.56106325,127.0479295,42.17080069728422,,,,37401000,40.0,2,,,사근동
사근동11길,주거지 도로,37.5611254,127.0481555,37.5613269,127.048036,37.56122615,127.04809575,24.758237492770512,,,,226966678,,,True,,사근동
사근동12길,주거지 도로,37.5611254,127.0481555,37.5609303,127.048296,37.56102785,127.04822575,24.980341723044507,,,,226966683,,,,,사근동
사근동12길,주거지 도로,37.562374,127.0489724,37.5622393,127.0480977,37.56230665,127.04853505,81.46987606471227,,,,226966681,,,,,사근동
사근동12길,주거지 도로,37.5609303,127.048296,37.5611254,127.0481555,37.56102785,127.04822575,24.980341723044507,,,,226966683,,,,,사근동
사근동12길,주거지 도로,37.5609303,127.048296,37.5606812,127.0483937,37.56080575,127.04834485,29.1343945511423,,,,"[226966685, 379944854]",,,,,사근동
사근동10길,주거지 도로,37.5609303,127.048296,37.5610011,127.0477035,37.5609657,127.04799975,53.76084027627297,,,,379944907,,,,,사근동
사근동10길,주거지 도로,37.5609303,127.048296,37.5600368,127.0492827,37.56048355,127.04878935,154.98630210837416,,,,389643103,,,,,사근동
공항대로41길,3차로,37.5580141,126.8444641,37.5579853,126.844436,37.5579997,126.84445005,4.048563628161654,,,,37399444,,,,,등촌3동
공항대로41길,3차로,37.5580141,126.8444641,37.5585927,126.8448904,37.5583034,126.84467725,74.85345101032621,,,,617401124,,,,,등촌3동
공항대로42길,주거지 도로,37.5543187,126.8418905,37.5555962,126.8429466,37.55495745,126.84241855,169.8405358698996,,,,167956537,,,,,우장산동
우장산로8길,주거지 도로,37.5543187,126.8418905,37.5523544,126.83993,37.55333655,126.84091025,285.45471414288875,,,,227086457,,,,,우장산동
우장산로,3차로,37.5543187,126.8418905,37.5544426,126.8407214,37.55438065,126.84130595,103.97611489368546,,,,477216011,,,,,우장산동
우장산로,3차로,37.5543187,126.8418905,37.5533,126.84756,37.55380935,126.84472525,611.0009982372618,yes,,,"[477216010, 477216011, 37402159]",,,,,우장산동
양천로1길,주거지 도로,37.5725717,126.8051063,37.5742598,126.807064,37.573415749999995,126.80608515,298.37236420685485,,,,117940253,,,,,방화1동
양천로3길,주거지 도로,37.5726344,126.8064892,37.5737529,126.8067843,37.57319365,126.80663675,128.20398362177357,,,,117940251,,,,,방화1동
안암로,주거지 도로,37.5800771,127.0257215,37.5796676,127.0261251,37.57987235,127.0259233,57.77836157509972,,,,416456947,,,,,용신동
안암로,주거지 도로,37.5800771,127.0257215,37.5804901,127.0253721,37.5802836,127.0255468,55.29804459550861,,,,416456947,,,,,안암동
안암로6길,주거지 도로,37.579171,127.0253788,37.5793021,127.0245716,37.579236550000005,127.0249752,72.61149898078484,,,,227625253,,,True,,용신동
무학로49길,생활도로,37.579171,127.0253788,37.5796676,127.0261251,37.5794193,127.02575195,85.87427334180924,,,,227625257,,,,,용신동
안암로12길,생활도로,37.5808567,127.0268427,37.580638,127.0270801,37.58074735,127.0269614,32.07851569333208,,,,227625254,,,,,용신동
무학로49길,생활도로,37.5817527,127.0297007,37.5817173,127.0290749,37.581735,127.0293878,55.28601517986641,,,,227625255,,,,,용신동
무학로49길,생활도로,37.5817173,127.0290749,37.5810851,127.0281879,37.5814012,127.0286314,105.12474254971666,,,,227625255,,,,,용신동
무학로49길,생활도로,37.5817173,127.0290749,37.5817527,127.0297007,37.581735,127.0293878,55.28601517986641,,,,227625255,,,,,용신동
안암로16길,생활도로,37.5817173,127.0290749,37.5818738,127.0289182,37.581795549999995,127.02899655,22.21494625579677,,,,227626347,,,,,용신동
안암로16길,생활도로,37.5817173,127.0290749,37.5814386,127.0290989,37.58157795,127.0290869,31.483644139729655,,,,227626347,,,,,용신동
연세로,주거지 도로,37.5559785,126.9362338,37.5559728,126.9367615,37.55597565,126.93649765,46.52150407890072,,,,239546199,,,,,신촌동
신촌로,주거지 도로,37.5559785,126.9362338,37.5555142,126.9359689,37.55574635,126.93610135,56.665944386345096,,,,227814151,,,True,,신촌동
신촌로,,37.5728409,126.8025285,37.5729095,126.8025647,37.5728752,126.8025466,8.268274491332818,,,,495516628,,,True,,방화2동
신촌로,,37.5729095,126.8025647,37.5730402,126.8023841,37.57297485,126.8024744,21.55332418156527,,,,47099300,,1,True,,방화2동
신촌로,3차로,37.5720755,126.8027802,37.5718245,126.8030915,37.57195,126.80293585,39.20617501364325,,,,220313348,,,,,방화2동
신촌로,,37.5720755,126.8027802,37.5723999,126.8025625,37.5722377,126.80267135,40.8648942326524,,,,495516628,,,True,,방화2동
신촌로,,37.5723999,126.8025625,37.5728409,126.8025285,37.572620400000005,126.8025455,49.895584967077426,,,,495516628,,,True,,방화2동
신촌로,,37.5723999,126.8025625,37.5726113,126.8030645,37.5725056,126.8028135,67.52668089351607,,,,495516629,,,True,,방화2동
서초대로46길,주거지 도로,37.4901645,127.0143059,37.4900964,127.0136371,37.490130449999995,127.0139715,59.4912175491906,,,,228171771,,,,,서초3동
사임당로12길,주거지 도로,37.4889917,127.0166906,37.4885687,127.0168944,37.4887802,127.0167925,50.355421051099185,,,,418114548,,,,,서초1동
서초대로46길,주거지 도로,37.4901131,127.01106,37.4898601,127.011623,37.4899866,127.0113415,57.08606721242731,,,,228171771,,,,,서초3동
서초대로46길,주거지 도로,37.4901131,127.01106,37.4905414,127.0107291,37.49032725,127.01089455,55.86109673876636,,,,228171771,,,,,서초3동
반포대로22길,주거지 도로,37.4901131,127.01106,37.4903854,127.0116705,37.490249250000005,127.01136525,61.790452221372966,,,,230280908,,,,,서초3동
반포대로22길,주거지 도로,37.4901131,127.01106,37.4895099,127.0106252,37.4898115,127.0108426,77.26844160151792,,,,230280908,,,,,서초3동
서초대로46길,주거지 도로,37.4898601,127.011623,37.4898728,127.0117371,37.48986645,127.01168005,10.165491397144752,,,,228171771,,,,,서초3동
서초대로46길,주거지 도로,37.4898601,127.011623,37.4901131,127.01106,37.4899866,127.0113415,57.08606721242731,,,,228171771,,,,,서초3동
반포대로24길,주거지 도로,37.4898601,127.011623,37.4892337,127.0112272,37.4895469,127.0114251,77.91644907763664,,,,379435284,,,,,서초3동
서초대로50길,주거지 도로,37.4933208,127.012486,37.4927197,127.0127703,37.49302025,127.01262815,71.39068023009165,,,,228171772,,,,,서초3동
서초대로49길,주거지 도로,37.4933208,127.012486,37.4939181,127.0121703,37.49361945,127.01232815,72.02051995696009,,,,307983741,,,,,서초3동
서초대로50길,주거지 도로,37.4913877,127.0134044,37.4905388,127.0135559,37.49096325,127.01348015,95.33518331021853,,,,228171772,,,,,서초3동
서초대로50길,주거지 도로,37.4913877,127.0134044,37.4916509,127.0132737,37.4915193,127.01333905,31.456333354643917,,,,228171772,,,,,서초3동
반포대로22길,주거지 도로,37.4913877,127.0134044,37.4911016,127.0130029,37.49124465,127.01320365,47.61165660178386,,,,230280908,,,,,서초3동
반포대로22길,주거지 도로,37.4913877,127.0134044,37.4913073,127.014109,37.4913475,127.0137567,62.80518439007567,,,,230280908,,,,,서초3동
서초대로48길,주거지 도로,37.491552,127.0117124,37.4910981,127.0120304,37.49132505,127.0118714,57.74531107367281,,,,228171773,,,,,서초3동
서초대로48길,주거지 도로,37.491552,127.0117124,37.4919025,127.0115517,37.49172725,127.01163205,41.47264064158224,,,,228171773,,,,,서초3동
반포대로28길,주거지 도로,37.491552,127.0117124,37.4914341,127.011444,37.49149305,127.0115782,27.066924619051512,,,,230280907,,,,,서초3동
반포대로28길,주거지 도로,37.491552,127.0117124,37.4916278,127.0119095,37.4915899,127.01181095,19.324511348178852,,,,230280907,,,,,서초3동
서초대로48길,주거지 도로,37.4904148,127.012498,37.4899623,127.0125773,37.49018855,127.01253765,50.799888147512455,,,,228171773,,,,,서초3동
서초대로48길,주거지 도로,37.4904148,127.012498,37.4906654,127.0123335,37.4905401,127.01241575,31.41859433805295,,,,228171773,,,,,서초3동
서초대로50길,주거지 도로,37.4904148,127.012498,37.4905388,127.0135559,37.4904768,127.01302695,94.34959226996486,,,,379452214,,,,,서초3동
서초대로48길,주거지 도로,37.4894036,127.0126691,37.4899623,127.0125773,37.48968295,127.0126232,62.65044628974461,,,,228171773,,,,,서초3동
서초대로50길,주거지 도로,37.4894036,127.0126691,37.4895104,127.0137381,37.489457,127.0132036,95.06197708297566,,,,379452212,,,,,서초3동
서초대로48길,주거지 도로,37.4894036,127.0126691,37.488771,127.0123121,37.4890873,127.0124906,77.07221719743791,,,,228171773,,,,,서초3동
서초대로48길,주거지 도로,37.488771,127.0123121,37.4883427,127.0124985,37.488556849999995,127.0124053,50.384552750329384,,,,228171773,,,,,서초3동
반포대로24길,주거지 도로,37.488771,127.0123121,37.4890208,127.0116915,37.4888959,127.0120018,61.3979805991034,,,,230073205,,,,,서초3동
서초대로48길,주거지 도로,37.488771,127.0123121,37.4894036,127.0126691,37.4890873,127.0124906,77.07221719743791,,,,228171773,,,,,서초3동
반포대로24길,주거지 도로,37.488771,127.0123121,37.4889285,127.0138384,37.48884975,127.01307525,135.7997169478915,,,,230073205,,,,,서초3동
공항대로59다길,주거지 도로,37.5525862,126.8661779,37.552525,126.8663575,37.552555600000005,126.8662677,17.233153079005824,,,,65372038,,2,,,염창동
공항대로61길,주거지 도로,37.5525862,126.8661779,37.553029,126.866478,37.5528076,126.86632795,55.89433786878843,,,,228653962,,,,,염창동
공항대로59다길,주거지 도로,37.5525862,126.8661779,37.5533546,126.8645555,37.5529704,126.8653667,166.60006129492018,,,,471718434,,,,,등촌1동
공항대로61길,주거지 도로,37.5525862,126.8661779,37.5520587,126.8657924,37.552322450000005,126.86598515,67.78918089633808,,,,228653962,,,,,염창동
공항대로61길,주거지 도로,37.5510631,126.8650639,37.5515924,126.8654489,37.55132775,126.8652564,67.9405077836302,,,,228653962,,,,,등촌1동
퇴계로27길,주거지 도로,37.5632277,126.9912533,37.5636092,126.9912162,37.56341845,126.99123475,42.54677636930031,,,,228795477,,,,,을지로동
퇴계로27길,주거지 도로,37.5632277,126.9912533,37.5629839,126.9912897,37.5631058,126.9912715,27.29859215934641,,,,228795477,,,,,필동
퇴계로27길,주거지 도로,37.5636092,126.9912162,37.5632277,126.9912533,37.56341845,126.99123475,42.54677636930031,,,,228795477,,,,,을지로동
수표로10길,주거지 도로,37.5636092,126.9912162,37.5636867,126.9920474,37.56364795,126.9916318,73.76859238620841,,,,228795474,,,,,을지로동
수표로10길,주거지 도로,37.5636092,126.9912162,37.5635237,126.9902255,37.56356645,126.99072085,87.85383275159299,,,,228795474,,,,,을지로동
퇴계로27길,주거지 도로,37.5636092,126.9912162,37.5641393,126.9911738,37.56387425,126.991195,59.094382699080825,,,,228795477,,,,,을지로동
충무로9길,주거지 도로,37.5667909,126.9903432,37.5667609,126.9896637,37.5667759,126.99000345,59.982629314066614,,,,895829950,,,True,,을지로동
충무로9길,주거지 도로,37.5667909,126.9903432,37.5676125,126.990282,37.5672017,126.9903126,91.52035178270484,,,,228795480,,,,,명동
충무로9길,주거지 도로,37.5667909,126.9903432,37.5668192,126.9908487,37.56680505,126.99059595,44.66596228860494,,,,329995227,,,,,을지로동
수표로,주거지 도로,37.5676125,126.990282,37.5676246,126.9908809,37.567618550000006,126.99058145,52.80241953084011,,,,228795484,,,,,명동
수표로,주거지 도로,37.5676125,126.990282,37.5675945,126.9896023,37.5676035,126.98994215,59.94018640352889,,,,228795484,,,,,명동
충무로9길,주거지 도로,37.5676125,126.990282,37.5667909,126.9903432,37.5672017,126.9903126,91.52035178270484,,,,228795480,,,,,명동
을지로11길,주거지 도로,37.5668192,126.9908487,37.5672628,126.9908439,37.567041,126.9908463,49.327953364892466,,,,228795468,,,,,을지로동
을지로11길,주거지 도로,37.5668192,126.9908487,37.5663388,126.9908884,37.566579,126.99086855,53.53259736943153,,,,228795468,,,,,을지로동
충무로9길,주거지 도로,37.5668192,126.9908487,37.5668893,126.9919421,37.56685425,126.9913954,96.68475298630048,,,,329995227,,,,,을지로동
충무로9길,주거지 도로,37.5668192,126.9908487,37.5667909,126.9903432,37.56680505,126.99059595,44.66596228860494,,,,329995227,,,,,을지로동
수표로,3차로,37.5667609,126.9896637,37.5662786,126.9897438,37.56651975,126.98970375,54.09208144528653,,,,1205679418,,,,,명동
삼일대로12길,주거지 도로,37.5667609,126.9896637,37.5667147,126.9884035,37.5667378,126.9890336,111.19035260870363,,,,228795467,,,,,명동
수표로,3차로,37.5667609,126.9896637,37.5672074,126.989628,37.56698415,126.98964585,49.76555275957285,,,,329995230,,,,,명동
을지로11길,주거지 도로,37.5676246,126.9908809,37.5680767,126.9909308,37.56785065,126.99090585,50.46331299978668,,,,228795468,,,,,을지로동
수표로,주거지 도로,37.5676246,126.9908809,37.5676125,126.990282,37.567618550000006,126.99058145,52.80241953084011,,,,228795484,,,,,명동
을지로11길,주거지 도로,37.5676246,126.9908809,37.5672628,126.9908439,37.5674437,126.9908624,40.37397957591391,,,,228795468,,,,,을지로동
수표로10길,주거지 도로,37.5635237,126.9902255,37.5636092,126.9912162,37.56356645,126.99072085,87.85383275159299,,,,228795474,,,,,을지로동
수표로,3차로,37.5635237,126.9902255,37.5640537,126.9901419,37.5637887,126.9901837,59.39717410742512,,,,1205679418,,,,,을지로동
수표로,3차로,37.5635237,126.9902255,37.563162,126.9902683,37.56334285,126.9902469,40.4008855043153,,,,1205679418,,,,,을지로동
수표로,주거지 도로,37.563162,126.9902683,37.5632277,126.9912533,37.56319485,126.9907608,87.12853901046367,,,,228795465,,,True,,필동
수표로,3차로,37.563162,126.9902683,37.5635237,126.9902255,37.56334285,126.9902469,40.4008855043153,,,,1205679418,,,,,을지로동
수표로,3차로,37.563162,126.9902683,37.5627675,126.9903161,37.56296475,126.9902922,44.069578914897754,,,,1205679418,,,,,을지로동
을지로9길,주거지 도로,37.567176,126.9883932,37.5671653,126.987667,37.56717065,126.9880301,64.01656271057738,,,,228795478,,,,,명동
을지로9길,주거지 도로,37.567176,126.9883932,37.5671929,126.9890584,37.56718445,126.9887258,58.65921103918611,,,,228795478,,,,,명동
을지로9길,주거지 도로,37.567176,126.9883932,37.5667147,126.9884035,37.56694535,126.98839835,51.302324908514215,,,,329995231,,,,,명동
을지로9길,주거지 도로,37.5672074,126.989628,37.5671929,126.9890584,37.567200150000005,126.9893432,50.229025697375846,,,,228795478,,,,,명동
수표로,3차로,37.5672074,126.989628,37.5675945,126.9896023,37.56740095,126.98961515,43.10317580237342,,,,329995230,,,,,명동
수표로,3차로,37.5672074,126.989628,37.5667609,126.9896637,37.56698415,126.98964585,49.76555275957285,,,,329995230,,,,,명동
을지로13길,주거지 도로,37.5663928,126.9920061,37.5668893,126.9919421,37.56664105,126.9919741,55.49578398978067,,,,228795481,,,,,을지로동
충무로11길,주거지 도로,37.5674541,126.9925184,37.5674513,126.9919058,37.5674527,126.9922121,54.18143038417552,,,,228795470,,,,,을지로동
마른내로2길,주거지 도로,37.5636867,126.9920474,37.5638819,126.9922572,37.563784299999995,126.9921523,28.514506507625462,,,,228795463,,,,,을지로동
마른내로2길,주거지 도로,37.5636867,126.9920474,37.5629839,126.9912897,37.5633353,126.99166855,102.89124772863472,,,,228795463,,,,,을지로동
수표로10길,주거지 도로,37.5636867,126.9920474,37.5636092,126.9912162,37.56364795,126.9916318,73.76859238620841,,,,228795474,,,,,을지로동
을지로11길,주거지 도로,37.5680767,126.9909308,37.5676246,126.9908809,37.56785065,126.99090585,50.46331299978668,,,,228795468,,,,,을지로동
청계천로,3차로,37.5680767,126.9909308,37.5681812,126.9924368,37.56812895,126.9916838,133.24112585449612,,,,908646367,,2,True,,을지로동
퇴계로27길,주거지 도로,37.5628642,126.9913133,37.5629839,126.9912897,37.56292405,126.9913015,13.471620509619804,,,,228795477,,,,,필동
퇴계로27길,주거지 도로,37.5628642,126.9913133,37.5624998,126.9913727,37.562681999999995,126.991343,40.8563504295506,,,,228795477,,,,,필동
수표로6길,주거지 도로,37.5628642,126.9913133,37.5627675,126.9903161,37.56281585,126.9908147,88.5511794295065,,,,420383139,,,,,필동
수표로6길,주거지 도로,37.5628642,126.9913133,37.5628369,126.9921807,37.56285055,126.991747,76.61398009872526,,,,420383139,,,,,필동
을지로11길,주거지 도로,37.5663388,126.9908884,37.5668192,126.9908487,37.566579,126.99086855,53.53259736943153,,,,228795468,,,,,을지로동
마른내로2길,주거지 도로,37.5638819,126.9922572,37.5643702,126.992746,37.56412605,126.9925016,69.31303099036984,,,,228795463,,,,,을지로동
마른내로2길,주거지 도로,37.5638819,126.9922572,37.5636867,126.9920474,37.563784299999995,126.9921523,28.514506507625462,,,,228795463,,,,,을지로동
충무로9길,주거지 도로,37.5669222,126.9925734,37.5668893,126.9919421,37.56690575,126.99225775,55.76158152122596,,,,329995227,,,,,을지로동
을지로9길,주거지 도로,37.5662392,126.9884165,37.5667147,126.9884035,37.566476949999995,126.98841,52.885675971598225,,,,329995231,,,,,명동
삼일대로12길,주거지 도로,37.5667147,126.9884035,37.5666628,126.9876406,37.56668875,126.98802205,67.48778826580953,,,,228795467,,,,,명동
을지로9길,주거지 도로,37.5667147,126.9884035,37.5662392,126.9884165,37.566476949999995,126.98841,52.885675971598225,,,,329995231,,,,,명동
을지로9길,주거지 도로,37.5667147,126.9884035,37.567176,126.9883932,37.56694535,126.98839835,51.302324908514215,,,,329995231,,,,,명동
삼일대로12길,주거지 도로,37.5667147,126.9884035,37.5667609,126.9896637,37.5667378,126.9890336,111.19035260870363,,,,228795467,,,,,명동
퇴계로27길,주거지 도로,37.5629839,126.9912897,37.5628642,126.9913133,37.56292405,126.9913015,13.471620509619804,,,,228795477,,,,,필동
마른내로2길,주거지 도로,37.5629839,126.9912897,37.5636867,126.9920474,37.5633353,126.99166855,102.89124772863472,,,,228795463,,,,,을지로동
퇴계로27길,주거지 도로,37.5629839,126.9912897,37.5632277,126.9912533,37.5631058,126.9912715,27.29859215934641,,,,228795477,,,,,필동
퇴계로27길,주거지 도로,37.5645038,126.9913772,37.5641393,126.9911738,37.56432155,126.9912755,44.318603721197,,,,228795477,,,,,을지로동
충무로11길,주거지 도로,37.5674513,126.9919058,37.5674541,126.9925184,37.5674527,126.9922121,54.18143038417553,,,,228795470,,,,,을지로동
충무로11길,주거지 도로,37.5674513,126.9919058,37.5672628,126.9908439,37.56735705,126.99137485,99.68630405495938,,,,228795475,,,,,을지로동
을지로13길,주거지 도로,37.5674513,126.9919058,37.5668893,126.9919421,37.5671703,126.99192395,62.57412272543493,,,,228795481,,,,,을지로동
을지로13길,주거지 도로,37.5668893,126.9919421,37.5663928,126.9920061,37.56664105,126.9919741,55.49578398978067,,,,228795481,,,,,을지로동
충무로9길,주거지 도로,37.5668893,126.9919421,37.5669222,126.9925734,37.56690575,126.99225775,55.76158152122596,,,,329995227,,,,,을지로동
충무로9길,주거지 도로,37.5668893,126.9919421,37.5668192,126.9908487,37.56685425,126.9913954,96.68475298630048,,,,329995227,,,,,을지로동
을지로13길,주거지 도로,37.5668893,126.9919421,37.5674513,126.9919058,37.5671703,126.99192395,62.57412272543493,,,,228795481,,,,,을지로동
마른내로2길,주거지 도로,37.5643702,126.992746,37.5638819,126.9922572,37.56412605,126.9925016,69.31303099036984,,,,228795463,,,,,을지로동
을지로11길,주거지 도로,37.5672628,126.9908439,37.5668192,126.9908487,37.567041,126.9908463,49.327953364892466,,,,228795468,,,,,을지로동
을지로11길,주거지 도로,37.5672628,126.9908439,37.5676246,126.9908809,37.5674437,126.9908624,40.37397957591391,,,,228795468,,,,,을지로동
충무로11길,주거지 도로,37.5672628,126.9908439,37.5674513,126.9919058,37.56735705,126.99137485,99.6863040549594,,,,228795475,,,,,을지로동
퇴계로27길,주거지 도로,37.5641393,126.9911738,37.5645038,126.9913772,37.56432155,126.9912755,44.318603721197,,,,228795477,,,,,을지로동
수표로12길,주거지 도로,37.5641393,126.9911738,37.5638819,126.9922572,37.5640106,126.9917155,101.18923371362352,,,,228795472,,,True,,을지로동
퇴계로27길,주거지 도로,37.5641393,126.9911738,37.5636092,126.9912162,37.56387425,126.991195,59.094382699080825,,,,228795477,,,,,을지로동
퇴계로31길,주거지 도로,37.5628369,126.9921807,37.5625804,126.9922156,37.562708650000005,126.99219815,28.686950046682774,,,,228796091,,,,,필동
수표로6길,주거지 도로,37.5628369,126.9921807,37.5626622,126.9930912,37.56274955,126.99263595,82.57160005181744,,,,420383139,,,,,필동
수표로6길,주거지 도로,37.5628369,126.9921807,37.5628642,126.9913133,37.56285055,126.991747,76.61398009872526,,,,420383139,,,,,필동
퇴계로31길,주거지 도로,37.5611253,126.9922051,37.5621852,126.9922493,37.56165525,126.9922272,117.98428423263454,,,,228796091,,,,,필동
삼일대로8길,주거지 도로,37.5626868,126.9889014,37.5627675,126.9903161,37.56272715,126.98960875,125.06440300827514,,,,420383146,,,,,명동
소공로6길,주거지 도로,37.5590967,126.9837822,37.5590592,126.9838432,37.55907795,126.9838127,6.804353993924048,,,,228797633,,,,,명동
소공로,주거지 도로,37.5590967,126.9837822,37.5588612,126.9827373,37.55897895,126.98325975,95.75528660227234,,,,228797638,,,,,명동
퇴계로14길,주거지 도로,37.5590967,126.9837822,37.5593837,126.9837611,37.5592402,126.98377165,31.96714093585832,,,,464461054,,,,,명동
세종대로18길,주거지 도로,37.5638097,126.9787074,37.5639294,126.9794692,37.56386955,126.9790883,68.45266056364264,,,,198564929,,,True,,소공동
남대문로1길,주거지 도로,37.5618275,126.9774432,37.56096,126.97756,37.56139375,126.9775016,97.17329239734204,,,,117914842,,,True,,소공동
세종대로12길,주거지 도로,37.5618275,126.9774432,37.5618958,126.9782787,37.56186165,126.97786095,74.1622458578248,,,,228797635,,,,,소공동
세종대로12길,주거지 도로,37.5618275,126.9774432,37.5618896,126.97622,37.56185855,126.9768316,109.97332565106043,,,,228797635,,,,,소공동
소공로6길,주거지 도로,37.5590592,126.9838432,37.5590967,126.9837822,37.55907795,126.9838127,6.804353993924048,,,,228797633,,,,,명동
소공로6길,주거지 도로,37.5590592,126.9838432,37.558548,126.9838256,37.558803600000005,126.9838344,56.93209101684867,,,,228797633,,,,,명동
퇴계로16길,주거지 도로,37.5590592,126.9838432,37.5594483,126.9840564,37.55925375,126.9839498,63.56134310075566,,,,464461057,,,,,명동
회나무로13가길,주거지 도로,37.5406235,126.9897743,37.5405718,126.9896438,37.54059765,126.98970905,12.862264380634336,,,,464464909,,,,,이태원2동
회나무로13가길,주거지 도로,37.5406235,126.9897743,37.5412997,126.9900888,37.5409616,126.98993155,82.22019611299295,,,,350783050,,,,,이태원2동
회나무로13가길,주거지 도로,37.5406235,126.9897743,37.5410133,126.9911332,37.540818400000006,126.99045375,128.52801602032528,,,,464464909,,,,,이태원2동
회나무로35길,주거지 도로,37.5413531,126.9935884,37.5410109,126.9934188,37.541182000000006,126.9935036,42.58184711451044,,,,228799562,,,,,이태원2동
회나무로35길,주거지 도로,37.5413531,126.9935884,37.5415815,126.9942238,37.5414673,126.9939061,63.267162091055255,,,,228799562,,,,,이태원2동
소월로40길,주거지 도로,37.5413531,126.9935884,37.5416389,126.9933068,37.541496,126.9934476,51.40467970835725,,,,350783895,,,,,이태원2동
소월로,주거지 도로,37.541353,126.995812,37.5416167,126.9961702,37.54148485,126.9959911,43.095194530568406,,,,350784334,,,,,이태원2동
회나무로41가길,주거지 도로,37.541353,126.995812,37.5415815,126.9942238,37.54146725,126.9950179,153.53015824049297,,,,228799558,,,,,이태원2동
회나무로41길,주거지 도로,37.541353,126.995812,37.5422256,126.994028,37.541789300000005,126.99492,185.72357154604745,,,,228799559,,,,,이태원2동
회나무로41길,주거지 도로,37.541353,126.995812,37.5409101,126.996205,37.54113155,126.9960085,60.94172751204706,,,,228799559,,,,,이태원2동
회나무로35길,주거지 도로,37.5410109,126.9934188,37.5401989,126.9936607,37.540604900000005,126.99353975,92.8367684839124,,,,228799562,,,,,이태원2동
회나무로35길,주거지 도로,37.5410109,126.9934188,37.5413531,126.9935884,37.541182000000006,126.9935036,42.58184711451044,,,,228799562,,,,,이태원2동
회나무로13가길,주거지 도로,37.5410109,126.9934188,37.5409369,126.9926958,37.5409739,126.9930573,64.68606775928967,,,,464464909,,,,,이태원2동
회나무로41가길,주거지 도로,37.5415815,126.9942238,37.541353,126.995812,37.54146725,126.9950179,153.53015824049297,,,,228799558,,,,,이태원2동
회나무로41가길,주거지 도로,37.5415815,126.9942238,37.5422256,126.994028,37.54190355,126.9941259,79.16022835111805,,,,228799558,,,,,이태원2동
회나무로35길,주거지 도로,37.5415815,126.9942238,37.5413531,126.9935884,37.5414673,126.9939061,63.267162091055255,,,,228799562,,,,,이태원2동
녹사평대로46길,주거지 도로,37.5367742,126.9907106,37.5370728,126.9905921,37.5369235,126.99065135,34.808065306091116,,,,228799563,,,,,이태원2동
이태원로19길,주거지 도로,37.5367742,126.9907106,37.5365742,126.9912001,37.5366742,126.99095535,48.553534499724414,,,,239288857,,,,,이태원1동
회나무로44길,주거지 도로,37.5367742,126.9907106,37.537045,126.9918308,37.5369096,126.9912707,105.35814399182108,,,,228799560,,,,,이태원1동
녹사평대로40다길,주거지 도로,37.5367742,126.9907106,37.5363812,126.9903397,37.5365777,126.99052515,55.85922309386031,,,,330306029,,,,,이태원2동
회나무로26길,주거지 도로,37.5398976,126.9919729,37.5397755,126.9915991,37.53983655,126.991786,35.64486813371603,,,,330306028,,,,,이태원2동
회나무로28길,주거지 도로,37.5398976,126.9919729,37.5392699,126.9919683,37.539583750000006,126.9919706,72.03537106011234,,,,350782168,,,,,이태원2동
회나무로41길,주거지 도로,37.5422256,126.994028,37.542383,126.9941011,37.5423043,126.99406455,18.651054471317973,,,,228799559,,,,,이태원2동
회나무로41가길,주거지 도로,37.5422256,126.994028,37.5415815,126.9942238,37.54190355,126.9941259,79.16022835111806,,,,228799558,,,,,이태원2동
회나무로41길,주거지 도로,37.5422256,126.994028,37.541353,126.995812,37.541789300000005,126.99492,185.72357154604745,,,,228799559,,,,,이태원2동
이태원로55길,주거지 도로,37.5382914,127.0016052,37.5383397,127.0007997,37.53831555,127.00120245,72.21528109251177,,,,350284520,,,,,한남동
회나무로6길,주거지 도로,37.5388684,126.988624,37.5378533,126.9888247,37.53836085,126.98872435,115.23679493197535,,,,228799557,,,,,이태원2동
회나무로13가길,주거지 도로,37.5405718,126.9896438,37.5406235,126.9897743,37.54059765,126.98970905,12.862264380634336,,,,464464909,,,,,이태원2동
회나무로13길,주거지 도로,37.5405718,126.9896438,37.5393066,126.9893443,37.539939200000006,126.98949405,143.6691172041391,,,,228799561,,,,,이태원2동
회나무로13길,주거지 도로,37.5405718,126.9896438,37.5413046,126.9897763,37.5409382,126.98971005,82.682496326691,,,,228799561,,,,,이태원2동
소월로38길,주거지 도로,37.543315,126.9898145,37.5433115,126.9899865,37.54331325,126.9899005,15.16950976017931,,,,477565916,,,,,이태원2동
회나무로13길,주거지 도로,37.543315,126.9898145,37.5417351,126.9899048,37.542525049999995,126.98985965,193.84844022641047,,,,228799561,,,,,이태원2동
소월로38길,주거지 도로,37.543315,126.9898145,37.5434992,126.9890465,37.5434071,126.9894305,72.21518382069931,,,,477565916,,,,,이태원2동
회나무로13길,주거지 도로,37.5393066,126.9893443,37.5405718,126.9896438,37.539939200000006,126.98949405,143.6691172041391,,,,228799561,,,,,이태원2동
회나무로13가길,주거지 도로,37.5409699,126.9917376,37.5414486,126.9918003,37.54120925,126.99176895,53.51538203918531,,,,350783061,,,,,이태원2동
회나무로13가길,주거지 도로,37.5409699,126.9917376,37.5410133,126.9911332,37.5409916,126.9914354,53.51047985076095,,,,464464909,,,,,이태원2동
회나무로13가길,주거지 도로,37.5409699,126.9917376,37.5409369,126.9926958,37.5409534,126.9922167,84.68059277298353,,,,464464909,,,,,이태원2동
이태원로55길,주거지 도로,37.5383397,127.0007997,37.5382615,127.000614,37.5383006,127.00070685,18.539203866830377,,,,350284520,,,,,한남동
이태원로55길,주거지 도로,37.5383397,127.0007997,37.5380873,126.9997053,37.5382135,127.0002525,118.00526152267103,,,,33727145,,,,,한남동
이태원로55길,주거지 도로,37.5383397,127.0007997,37.5382914,127.0016052,37.53831555,127.00120245,72.21528109251177,,,,350284520,,,,,한남동
대사관로,3차로,37.5332721,127.0058074,37.5332175,127.006413,37.5332448,127.0061102,53.744436070076105,,,,83339294,,,,,한남동
대사관로,3차로,37.5332721,127.0058074,37.533287,127.0056424,37.53327955,127.0057249,14.64334454342783,,,,83339294,,,,,한남동
대사관로31길,주거지 도로,37.5332721,127.0058074,37.5337688,127.0058619,37.53352045,127.00583465,55.4415050109257,,,,228802391,,,,,한남동
한남대로21길,주거지 도로,37.533649,127.0063263,37.5332175,127.006413,37.53343325,127.00636965,48.76552725182355,,,,228802386,,,,,한남동
한남대로21길,주거지 도로,37.533649,127.0063263,37.5341971,127.006329,37.53392305,127.00632765,61.26565421614698,,,,228802386,,,,,한남동
한남대로21길,주거지 도로,37.533649,127.0063263,37.5337688,127.0058619,37.53370889999999,127.0060941,45.535000878008,,,,464600957,,,,,한남동
대사관로31길,주거지 도로,37.5347754,127.0059768,37.534509,127.0059493,37.5346422,127.00596305,29.72145147525058,,,,228802391,,,,,한남동
대사관로,3차로,37.5332175,127.006413,37.5332721,127.0058074,37.5332448,127.0061102,53.744436070076105,,,,83339294,,,,,한남동
대사관로,3차로,37.5332175,127.006413,37.5332047,127.0069092,37.5332111,127.0066611,43.776937920449285,,,,83339294,,,,,한남동
대사관로34길,3차로,37.5332175,127.006413,37.531774,127.0057082,37.532495749999995,127.0060606,172.1217602667971,,,,123720785,,,,,한남동
한남대로21길,주거지 도로,37.5332175,127.006413,37.533649,127.0063263,37.53343325,127.00636965,48.76552725182355,,,,228802386,,,,,한남동
한남대로21길,주거지 도로,37.5347654,127.0064316,37.5341971,127.006329,37.53448125,127.0063803,64.13326726653905,,,,228802386,,,,,한남동
월드컵로13길,주거지 도로,37.5554817,126.9083443,37.5552665,126.9068771,37.5553741,126.9076107,131.5343556820678,,,,33803461,,,True,,망원1동
월드컵로15길,주거지 도로,37.5554817,126.9083443,37.5562609,126.9087512,37.5558713,126.90854775,93.77421527821848,,,,228803502,,,,,망원1동
월드컵로15길,주거지 도로,37.5554817,126.9083443,37.5539256,126.9075501,37.55470365,126.9079472,186.6665812384882,,,,228803502,,,,,망원1동
방울내로7길,주거지 도로,37.559956,126.9027239,37.5607875,126.9021359,37.56037175,126.9024299,105.99492078921418,,,,31735707,,,,,망원2동
포은로,3차로,37.559956,126.9027239,37.5591114,126.9033223,37.5595337,126.9030231,107.71413590321288,,,,333579042,,,,,망원2동
방울내로,3차로,37.559956,126.9027239,37.5604973,126.9039408,37.56022665,126.90333235,122.9980672318117,,,,333579043,,,,,망원2동
방울내로,3차로,37.559956,126.9027239,37.5594226,126.9015425,37.5596893,126.9021332,119.84237274079894,,,,515836536,,,,,망원2동
망원로10길,주거지 도로,37.5566682,126.9076518,37.5567892,126.907205,37.556728699999994,126.9074284,41.620128819424046,,,,266601477,,,,,망원1동
월드컵로23길,주거지 도로,37.5566682,126.9076518,37.5572812,126.9080919,37.5569747,126.90787185,78.93331516441586,,,,228803498,,,,,망원1동
월드컵로23길,주거지 도로,37.5566682,126.9076518,37.5560921,126.907328,37.556380149999995,126.9074899,70.13077335319217,,,,228803498,,,,,망원1동
월드컵로17길,주거지 도로,37.5566682,126.9076518,37.5562609,126.9087512,37.55646455,126.9082015,106.97829153646524,,,,266601479,,,,,망원1동
포은로,3차로,37.5536659,126.9058773,37.5540482,126.905502,37.55385705,126.90568965,53.86684675476786,,,,333579042,,,,,망원1동
월드컵로23길,주거지 도로,37.5536659,126.9058773,37.5552665,126.9068771,37.5544662,126.9063772,198.89664387346335,,,,228803498,,,,,망원1동
포은로,3차로,37.5536659,126.9058773,37.5534056,126.9061354,37.553535749999995,126.90600635,36.819021876260464,,,,333579042,,,,,망원1동
망원로8길,주거지 도로,37.55655,126.9060537,37.5558809,126.9062727,37.55621545,126.9061632,76.86562522375795,,,,266592236,,,,,망원1동
망원로8길,주거지 도로,37.55655,126.9060537,37.5575184,126.9057338,37.5570342,126.90589375,111.31241655306602,,,,266592236,,,,,망원1동
포은로8길,주거지 도로,37.55655,126.9060537,37.5567892,126.907205,37.5566696,126.90662935,104.91574382075986,,,,266793950,,,,,망원1동
포은로8길,주거지 도로,37.55655,126.9060537,37.5562777,126.9047718,37.55641385,126.90541275,116.98612425911269,,,,266793950,,,,,망원1동
월드컵로11길,주거지 도로,37.5535215,126.909434,37.5543593,126.9089994,37.5539404,126.9092167,100.72937503487712,,,,228803501,,,,,망원1동
포은로6길,주거지 도로,37.5558809,126.9062727,37.5556186,126.9049914,37.55574975,126.90563205,116.65348194854312,,,,33803462,,,,,망원1동
포은로6길,주거지 도로,37.5558809,126.9062727,37.5560921,126.907328,37.5559865,126.90680035,95.94449916823388,,,,33803462,,,,,망원1동
망원로8길,주거지 도로,37.5558809,126.9062727,37.5552101,126.9064869,37.555545499999994,126.9063798,76.94249953661208,,,,266592236,,,,,망원1동
망원로8길,주거지 도로,37.5558809,126.9062727,37.55655,126.9060537,37.55621545,126.9061632,76.86562522375795,,,,266592236,,,,,망원1동
월드컵로13길,주거지 도로,37.5552101,126.9064869,37.554944,126.9052131,37.555077049999994,126.90585,116.1209475922364,,,,33803461,,,True,,망원1동
망원로8길,주거지 도로,37.5552101,126.9064869,37.5540482,126.905502,37.55462915,126.90599445,155.66212473624236,,,,228803497,,,,,망원1동
망원로8길,주거지 도로,37.5552101,126.9064869,37.5558809,126.9062727,37.555545499999994,126.9063798,76.94249953661208,,,,266592236,,,,,망원1동
포은로,3차로,37.5540482,126.905502,37.5536659,126.9058773,37.55385705,126.90568965,53.86684675476786,,,,333579042,,,,,망원1동
망원로8길,주거지 도로,37.5540482,126.905502,37.5552101,126.9064869,37.55462915,126.90599445,155.6621247362424,,,,228803497,,,,,망원1동
희우정로12길,주거지 도로,37.5540482,126.905502,37.5537595,126.9041584,37.55390385,126.9048302,122.71913332560572,,,,228803500,,,,,망원1동
포은로,3차로,37.5540482,126.905502,37.554944,126.9052131,37.554496099999994,126.90535755,102.81285309840676,,,,333579042,,,,,망원1동
월드컵로13길,주거지 도로,37.5552665,126.9068771,37.5552101,126.9064869,37.5552383,126.906682,34.96383281857972,,,,33803461,,,True,,망원1동
월드컵로23길,주거지 도로,37.5552665,126.9068771,37.5560921,126.907328,37.5556793,126.90710255,100.0378995443004,,,,228803498,,,,,망원1동
월드컵로23길,주거지 도로,37.5552665,126.9068771,37.5536659,126.9058773,37.5544662,126.9063772,198.89664387346335,,,,228803498,,,,,망원1동
월드컵로13길,주거지 도로,37.5555731,126.9089854,37.5554817,126.9083443,37.5555274,126.90866485,57.42041638131771,,,,33803461,,,True,,망원1동
월드컵로13길,주거지 도로,37.5555731,126.9089854,37.554518,126.9095212,37.55504555,126.9092533,126.4724486821833,,,,228803499,,,,,망원1동
희우정로12길,주거지 도로,37.5536362,126.903559,37.5532604,126.9031521,37.5534483,126.90335555,55.07090136237688,,,,312732273,,,,,망원1동
망원로2길,주거지 도로,37.5536362,126.903559,37.5543735,126.9024881,37.55400485,126.90302355,125.0352952388659,,,,33803464,,,,,망원1동
망원로2길,주거지 도로,37.5536362,126.903559,37.5529307,126.9046021,37.553283449999995,126.90408055,120.87327848546404,,,,33803464,,,,,망원1동
희우정로12길,주거지 도로,37.5536362,126.903559,37.5537595,126.9041584,37.55369785,126.9038587,54.58905415294499,,,,228803500,,,,,망원1동
동교로9길,주거지 도로,37.5564429,126.9088437,37.5556561,126.9095618,37.5560495,126.90920275,107.98714174269918,,,,33803468,,,,,망원1동
월드컵로15길,주거지 도로,37.5564429,126.9088437,37.5567951,126.909453,37.556619,126.90914835,66.47164182343484,,,,228803502,,,,,망원1동
월드컵로15길,주거지 도로,37.5564429,126.9088437,37.5562609,126.9087512,37.5563519,126.90879745,21.818406389950685,,,,228803502,,,,,망원1동
동교로9길,주거지 도로,37.5564429,126.9088437,37.5572812,126.9080919,37.55686205,126.9084678,115.57950741735628,,,,33803468,,,,,망원1동
포은로,3차로,37.5525916,126.9065459,37.5534056,126.9061354,37.552998599999995,126.90634065,97.47867705155218,,,,333579042,,,,,망원1동
포은로,주거지 도로,37.5525916,126.9065459,37.5488423,126.9099276,37.550716949999995,126.90823675,523.8082575015093,,,,"[333579061, 335520757]",,,,,합정동
동교로,주거지 도로,37.5543439,126.9180959,37.5553113,126.9179183,37.5548276,126.9180071,108.70572794975403,,,,228810354,,,,,서교동
동교로22길,주거지 도로,37.5543439,126.9180959,37.5540685,126.9174989,37.5542062,126.9177974,61.13927028721898,,,,299404463,,,True,,서교동
동교로22길,주거지 도로,37.5540685,126.9174989,37.5538395,126.9168734,37.553954,126.91718615,60.74052936573308,,,,302244477,,,,,서교동
동교로18길,주거지 도로,37.5540685,126.9174989,37.555056,126.9164513,37.55456225,126.9169751,144.10988354575986,,,,370682530,,,,,서교동
동교로18길,주거지 도로,37.5540685,126.9174989,37.5536358,126.9180075,37.55385215,126.9177532,65.76568767015425,,,,370682531,,,,,서교동
동교로19길,주거지 도로,37.5553113,126.9179183,37.5559942,126.9176967,37.55565275,126.9178075,78.56207538788512,,,,182810413,,,,,서교동
동교로,주거지 도로,37.5553113,126.9179183,37.5543439,126.9180959,37.5548276,126.9180071,108.70572794975403,,,,228810354,,,,,서교동
양화로15길,주거지 도로,37.5543463,126.9194354,37.5545327,126.9192089,37.5544395,126.91932215,28.779553779590437,,,,228810357,,,,,서교동
월드컵북로1길,주거지 도로,37.5543463,126.9194354,37.5534544,126.9182067,37.55390035,126.91882105,146.85900998434002,,,,184438923,,,,,서교동
양화로15길,주거지 도로,37.5543463,126.9194354,37.5540318,126.9198033,37.55418905,126.91961935,47.695109371339726,,,,228810357,,,,,서교동
월드컵북로1길,주거지 도로,37.5543463,126.9194354,37.5549315,126.9202072,37.5546389,126.9198213,94.14645910074842,,,,299404430,,,True,,서교동
월드컵북로5가길,주거지 도로,37.5556593,126.9194082,37.5560287,126.9195903,37.555844,126.91949925,49.915559138945,,,,228815442,,,,,서교동
동교로,주거지 도로,37.5556593,126.9194082,37.5549315,126.9202072,37.555295400000006,126.9198077,107.86497779954614,,,,299404438,,,,,서교동
양화로15길,주거지 도로,37.5548107,126.9188797,37.5545327,126.9192089,37.5546717,126.9190443,42.39943931639621,,,,228810357,,,,,서교동
동교로22길,주거지 도로,37.5548107,126.9188797,37.5543439,126.9180959,37.5545773,126.9184878,86.42134867457537,,,,299404463,,,True,,서교동
성미산로5길,주거지 도로,37.5606903,126.9074014,37.5610054,126.9079508,37.56084785,126.9076761,59.772864096894615,,,,228815436,,,,,성산1동
성미산로5길,주거지 도로,37.5606903,126.9074014,37.5604031,126.9069092,37.5605467,126.9071553,53.87143800952548,,,,228815436,,,,,성산1동
성미산로3나길,주거지 도로,37.5606903,126.9074014,37.5601988,126.9081868,37.56044455,126.9077941,88.20208693536418,,,,358490896,,,,,성산1동
월드컵로32길,주거지 도로,37.562296,126.9051969,37.5620328,126.9047326,37.5621644,126.90496475,50.31290492442371,,,,228815428,,,,,성산1동
성미산로1길,주거지 도로,37.562296,126.9051969,37.5619217,126.9055395,37.56210885,126.9053682,51.421486509165256,,,,343188953,,,,,성산1동
월드컵로32길,주거지 도로,37.562296,126.9051969,37.5628778,126.9064819,37.5625869,126.9058394,130.43734296059557,,,,228815428,,,,,성산1동
성산로2길,주거지 도로,37.562296,126.9051969,37.5634491,126.9061681,37.56287255,126.9056825,236.0910188374083,,,,688351923,,,,,성산1동
성미산로1길,주거지 도로,37.5604031,126.9069092,37.5608022,126.9065398,37.56060265,126.9067245,55.041935849288905,,,,343188953,,,,,성산1동
성미산로5길,주거지 도로,37.5604031,126.9069092,37.5606903,126.9074014,37.5605467,126.9071553,53.87143800952548,,,,228815436,,,,,성산1동
성미산로1길,주거지 도로,37.5604031,126.9069092,37.5596104,126.907623,37.56000675,126.9072661,108.2968422661466,,,,343188953,,,,,성산1동
월드컵로28길,주거지 도로,37.5601988,126.9081868,37.5609297,126.908377,37.56056425,126.9082819,82.9836779231508,,,,228815444,,,,,성산1동
월드컵로28길,주거지 도로,37.5601988,126.9081868,37.5597955,126.9080902,37.55999715,126.9081385,45.64620102488141,,,,228815444,,,,,성산1동
성미산로3나길,주거지 도로,37.5601988,126.9081868,37.5606903,126.9074014,37.56044455,126.9077941,88.20208693536418,,,,358490896,,,,,성산1동
성미산로3나길,주거지 도로,37.5601988,126.9081868,37.5599517,126.9094611,37.56007525,126.90882395,115.63646002580472,,,,358490896,,,,,성산1동
월드컵로12길,주거지 도로,37.556041,126.9140789,37.555499,126.9128981,37.555769999999995,126.9134885,120.27850160504926,,,,228815420,,,,,서교동
동교로15길,주거지 도로,37.556041,126.9140789,37.5555398,126.91448,37.5557904,126.91427945,66.00310502722616,,,,228815422,,,,,서교동
동교로15길,주거지 도로,37.556041,126.9140789,37.5567065,126.913548,37.55637375,126.91381345,87.56394366614538,,,,228815422,,,,,서교동
월드컵북로4길,주거지 도로,37.5564617,126.9200245,37.5569183,126.9204896,37.55669,126.92025705,65.25828899529246,,,,184432622,,,True,,서교동
월드컵북로5가길,주거지 도로,37.5564617,126.9200245,37.5560287,126.9195903,37.5562452,126.9198074,61.507320818085795,,,,228815442,,,,,서교동
월드컵북로5길,주거지 도로,37.557246,126.9181588,37.5568774,126.917347,37.5570617,126.9177529,82.46634134930535,,,,182809846,,,True,,서교동
월드컵북로5가길,주거지 도로,37.557246,126.9181588,37.556577,126.9189456,37.5569115,126.9185522,101.70647956678664,,,,228815416,,,True,,서교동
성미산로2길,주거지 도로,37.5628778,126.9064819,37.5634491,126.9061681,37.563163450000005,126.906325,69.28598192964182,,,,228815414,,,,,성산1동
월드컵로32길,주거지 도로,37.5628778,126.9064819,37.5633534,126.9076767,37.5631156,126.9070793,117.84544585549736,,,,228815428,,,,,성산1동
월드컵로32길,주거지 도로,37.5628778,126.9064819,37.562296,126.9051969,37.5625869,126.9058394,130.43734296059554,,,,228815428,,,,,성산1동
월드컵로30길,주거지 도로,37.5628778,126.9064819,37.5624478,126.9067246,37.5626628,126.90660325,52.38127068956301,,,,266954114,,,,,성산1동
성미산로3길,주거지 도로,37.5583168,126.9095475,37.5591948,126.9092633,37.5587558,126.9094054,100.7921427196126,,,,228815429,,,,,성산1동
성미산로,3차로,37.5583168,126.9095475,37.5585729,126.9107677,37.55844485,126.9101576,111.2640118099158,,,,343189006,,,,,성산1동
성미산로,3차로,37.5583168,126.9095475,37.5581782,126.9089201,37.5582475,126.9092338,57.41137901808078,,,,343189006,,,,,성산1동
동교로13길,주거지 도로,37.555019,126.9133425,37.554591,126.9136876,37.554805,126.91351505,56.483692235718834,,,,228815434,,,,,서교동
동교로13길,주거지 도로,37.555019,126.9133425,37.555499,126.9128981,37.555259,126.9131203,66.20721071327715,,,,228815434,,,,,서교동
월드컵로10길,주거지 도로,37.555019,126.9133425,37.5544995,126.9122496,37.55475925,126.91279605,112.35832237044131,,,,228815417,,,,,서교동
월드컵로10길,주거지 도로,37.555019,126.9133425,37.5555398,126.91448,37.5552794,126.91391125,115.7982121951062,,,,228815417,,,,,서교동
월드컵로29길,주거지 도로,37.5605429,126.9060713,37.5601909,126.9054568,37.560366900000005,126.90576405,66.8273280712964,,,,31780689,,,True,,망원2동
월드컵로,주거지 도로,37.5605429,126.9060713,37.5608022,126.9065398,37.56067255,126.90630555,50.36586816473378,,,,688353757,,,,,성산1동
동교로13길,주거지 도로,37.555499,126.9128981,37.555019,126.9133425,37.555259,126.9131203,66.20721071327715,,,,228815434,,,,,서교동
월드컵로12길,주거지 도로,37.555499,126.9128981,37.556041,126.9140789,37.555769999999995,126.9134885,120.27850160504926,,,,228815420,,,,,서교동
월드컵로12길,주거지 도로,37.555499,126.9128981,37.5550909,126.9109894,37.55529495,126.91194375,174.2684890309608,,,,228815420,,,,,서교동
동교로13길,주거지 도로,37.555499,126.9128981,37.5562272,126.9122295,37.5558631,126.9125638,100.15131483152923,,,,228815434,,,,,서교동
월드컵로28길,주거지 도로,37.5596104,126.907623,37.5593391,126.9071541,37.55947475,126.90738855,51.170244144006155,,,,228815444,,,,,성산1동
월드컵로28길,주거지 도로,37.5596104,126.907623,37.5597955,126.9080902,37.55970295,126.9078566,46.03894704839912,,,,228815444,,,,,성산1동
성미산로1길,주거지 도로,37.5596104,126.907623,37.5604031,126.9069092,37.56000675,126.9072661,108.2968422661466,,,,343188953,,,,,성산1동
성미산로1길,주거지 도로,37.5596104,126.907623,37.5589782,126.9082025,37.5592943,126.90791275,86.89753070240295,,,,343188953,,,,,성산1동
월드컵로16길,주거지 도로,37.557582,126.9123717,37.5574662,126.9118102,37.557524099999995,126.91209095,51.14314561561264,,,,224133001,,,True,,서교동
월드컵로16길,주거지 도로,37.557582,126.9123717,37.5564214,126.9127632,37.5570017,126.91256745,133.58801653710893,,,,228815441,,,,,서교동
월드컵로14길,주거지 도로,37.5564214,126.9127632,37.5567065,126.913548,37.55656395,126.9131556,76.0981253816224,,,,224133002,,,True,,서교동
월드컵로16길,주거지 도로,37.5564214,126.9127632,37.557582,126.9123717,37.5570017,126.91256745,133.58801653710893,,,,228815441,,,,,서교동
성미산로5길,주거지 도로,37.5610054,126.9079508,37.5606903,126.9074014,37.56084785,126.9076761,59.772864096894615,,,,228815436,,,,,성산1동
성미산로5길,주거지 도로,37.5610054,126.9079508,37.5609297,126.908377,37.56096755,126.9081639,38.49884955486979,,,,228815436,,,,,성산1동
월드컵로30가길,주거지 도로,37.5610054,126.9079508,37.5613491,126.9071609,37.56117725,126.90755585,81.73596762996496,,,,266954115,,,,,성산1동
성미산로2길,주거지 도로,37.5634491,126.9061681,37.5636502,126.9060543,37.56354965,126.9061112,24.507977040679755,,,,228815414,,,,,성산1동
성미산로2길,주거지 도로,37.5634491,126.9061681,37.5628778,126.9064819,37.563163450000005,126.906325,69.28598192964182,,,,228815414,,,,,성산1동
성산로2길,주거지 도로,37.5634491,126.9061681,37.5639062,126.9073406,37.56367765,126.90675435,115.16873900903958,,,,688351923,,,,,성산1동
성산로2길,주거지 도로,37.5634491,126.9061681,37.562296,126.9051969,37.56287255,126.9056825,236.09101883740828,,,,688351923,,,,,성산1동
동교로15길,주거지 도로,37.5555398,126.91448,37.5548194,126.9150601,37.5551796,126.91477005,95.03566214598266,,,,228815422,,,,,서교동
월드컵로10길,주거지 도로,37.5555398,126.91448,37.555019,126.9133425,37.5552794,126.91391125,115.7982121951062,,,,228815417,,,,,서교동
월드컵로10길,주거지 도로,37.5555398,126.91448,37.55582,126.91506,37.5556799,126.91477,59.87311219969659,,,,228815417,,,,,서교동
동교로15길,주거지 도로,37.5555398,126.91448,37.556041,126.9140789,37.5557904,126.91427945,66.00310502722616,,,,228815422,,,,,서교동
성미산로1길,주거지 도로,37.5619217,126.9055395,37.562296,126.9051969,37.56210885,126.9053682,51.421486509165256,,,,343188953,,,,,성산1동
성미산로1길,주거지 도로,37.5619217,126.9055395,37.5624478,126.9067246,37.56218475,126.90613205,119.72423629164236,,,,228815431,,,,,성산1동
성미산로1길,주거지 도로,37.5619217,126.9055395,37.56141,126.9059978,37.56166585,126.90576865,69.78047016681538,,,,343188953,,,,,성산1동
월드컵로10길,주거지 도로,37.5542858,126.9118407,37.5544995,126.9122496,37.55439265,126.91204515,43.29755583811128,,,,228815417,,,,,서교동
월드컵북로5가길,주거지 도로,37.5560287,126.9195903,37.5564617,126.9200245,37.5562452,126.9198074,61.507320818085795,,,,228815442,,,,,서교동
월드컵북로5가길,주거지 도로,37.5560287,126.9195903,37.5556593,126.9194082,37.555844,126.91949925,49.915559138945,,,,228815442,,,,,서교동
성미산로5길,주거지 도로,37.55997,126.9103083,37.5594122,126.9104882,37.559691099999995,126.91039825,64.019644000264,,,,228815436,,,,,성산1동
성미산로5길,주거지 도로,37.55997,126.9103083,37.5601253,126.910081,37.56004765,126.91019465,26.450503314319317,,,,228815436,,,,,성산1동
"['성미산로5길', '성미산로7안길']",주거지 도로,37.55997,126.9103083,37.5595185,126.911094,37.55974425,126.91070115,100.04567476871368,,,,"[688356360, 325117832]",,,,,성산1동
월드컵로30길,주거지 도로,37.5616461,126.9066236,37.56141,126.9059978,37.56152805,126.9063107,61.53913063656273,,,,266954114,,,,,성산1동
월드컵로30길,주거지 도로,37.5616461,126.9066236,37.5621178,126.9069145,37.56188195,126.90676905,74.71115688310474,,,,266954114,,,,,성산1동
월드컵로30가길,주거지 도로,37.5616461,126.9066236,37.5613491,126.9071609,37.5614976,126.90689225,59.33433083367075,,,,266954115,,,,,성산1동
월드컵로14길,주거지 도로,37.5567065,126.913548,37.5567653,126.9136642,37.5567359,126.9136061,12.151891011113753,,,,224133002,,,True,,서교동
동교로15길,주거지 도로,37.5567065,126.913548,37.556041,126.9140789,37.55637375,126.91381345,87.56394366614539,,,,228815422,,,,,서교동
월드컵로28길,주거지 도로,37.5597955,126.9080902,37.5601988,126.9081868,37.55999715,126.9081385,45.64620102488141,,,,228815444,,,,,성산1동
성미산로3가길,주거지 도로,37.5597955,126.9080902,37.5595734,126.9091424,37.55968445,126.9086163,95.97940070211234,,,,228815437,,,,,성산1동
월드컵로28길,주거지 도로,37.5597955,126.9080902,37.5596104,126.907623,37.55970295,126.9078566,46.03894704839912,,,,228815444,,,,,성산1동
성산로4길,주거지 도로,37.5633534,126.9076767,37.5639062,126.9073406,37.5636298,126.90750865,68.23490211321149,,,,228815426,,,,,성산1동
성산로4길,주거지 도로,37.5633534,126.9076767,37.5643458,126.9108448,37.5638496,126.90926075,342.691410314005,,,,228815426,,,,,성산1동
월드컵로32길,주거지 도로,37.5633534,126.9076767,37.5628778,126.9064819,37.5631156,126.9070793,117.84544585549736,,,,228815428,,,,,성산1동
동교로17안길,주거지 도로,37.5559942,126.9176967,37.555783,126.9172796,37.5558886,126.91748815,43.62779480998869,,,,370682542,,,True,,서교동
동교로19길,주거지 도로,37.5559942,126.9176967,37.5553113,126.9179183,37.55565275,126.9178075,78.56207538788512,,,,182810413,,,,,서교동
동교로19길,주거지 도로,37.5559942,126.9176967,37.5568774,126.917347,37.5564358,126.91752185,102.93256917946712,,,,182810413,,,,,서교동
성미산로1길,주거지 도로,37.5613491,126.9071609,37.5608022,126.9065398,37.56107565,126.90685035,81.82527236356292,,,,358490920,,,,,성산1동
월드컵로30가길,주거지 도로,37.5613491,126.9071609,37.5610054,126.9079508,37.56117725,126.90755585,81.73596762996497,,,,266954115,,,,,성산1동
월드컵로30가길,주거지 도로,37.5613491,126.9071609,37.5616461,126.9066236,37.5614976,126.90689225,59.33433083367075,,,,266954115,,,,,성산1동
성미산로3길,주거지 도로,37.5595734,126.9091424,37.5599517,126.9094611,37.55976255,126.90930175,50.58306510260825,,,,228815429,,,,,성산1동
성미산로3길,주거지 도로,37.5595734,126.9091424,37.5591948,126.9092633,37.5593841,126.90920285,43.426382878535584,,,,228815429,,,,,성산1동
성미산로3가길,주거지 도로,37.5595734,126.9091424,37.5597955,126.9080902,37.55968445,126.9086163,95.97940070211234,,,,228815437,,,,,성산1동
월드컵로28길,주거지 도로,37.5609297,126.908377,37.5601988,126.9081868,37.56056425,126.9082819,82.9836779231508,,,,228815444,,,,,성산1동
성미산로5길,주거지 도로,37.5609297,126.908377,37.5603452,126.9097564,37.56063745,126.9090667,140.58231705093954,,,,228815436,,,,,성산1동
성미산로5길,주거지 도로,37.5609297,126.908377,37.5610054,126.9079508,37.56096755,126.9081639,38.4988495548698,,,,228815436,,,,,성산1동
월드컵로30길,주거지 도로,37.5624478,126.9067246,37.5621178,126.9069145,37.562282800000006,126.90681955,40.3317760999879,,,,266954114,,,,,성산1동
성미산로1길,주거지 도로,37.5624478,126.9067246,37.5619217,126.9055395,37.56218475,126.90613205,119.72423629164236,,,,228815431,,,,,성산1동
월드컵로30길,주거지 도로,37.5624478,126.9067246,37.5628778,126.9064819,37.5626628,126.90660325,52.38127068956301,,,,266954114,,,,,성산1동
성미산로3길,주거지 도로,37.5599517,126.9094611,37.5595734,126.9091424,37.55976255,126.90930175,50.58306510260825,,,,228815429,,,,,성산1동
성미산로3길,주거지 도로,37.5599517,126.9094611,37.5603452,126.9097564,37.56014845,126.90960875,51.07071699950492,,,,228815429,,,,,성산1동
성미산로3나길,주거지 도로,37.5599517,126.9094611,37.5601988,126.9081868,37.56007525,126.90882395,115.63646002580472,,,,358490896,,,,,성산1동
월드컵로12길,주거지 도로,37.5550909,126.9109894,37.555499,126.9128981,37.55529495,126.91194375,174.26848903096078,,,,228815420,,,,,서교동
월드컵북로5가길,주거지 도로,37.556577,126.9189456,37.5560287,126.9195903,37.556302849999994,126.91926795,83.35129385177265,,,,228815416,,,True,,서교동
동교로17안길,주거지 도로,37.556577,126.9189456,37.5559942,126.9176967,37.556285599999995,126.91832115,127.74915372838493,,,,370682542,,,True,,서교동
월드컵북로16길,주거지 도로,37.5631824,126.9177584,37.563222,126.9182736,37.563202200000006,126.918016,45.62388406659991,,,,228817862,,,,,연남동
월드컵북로16길,주거지 도로,37.5631824,126.9177584,37.5631433,126.9172194,37.56316285,126.9174889,47.70723252156718,,,,228817862,,,,,연남동
성미산로17길,주거지 도로,37.5631824,126.9177584,37.5653612,126.91729,37.5642718,126.9175242,246.59085047110773,,,,228817877,,,,,연남동
성미산로17길,주거지 도로,37.5631824,126.9177584,37.5615349,126.9183797,37.56235865,126.91806905,205.21472540539855,,,,228817877,,,,,연남동
성미산로,3차로,37.5615349,126.9183797,37.5617068,126.9186731,37.56162085,126.9185264,32.15864279476766,,,,515592175,,,,,연남동
성미산로,3차로,37.5615349,126.9183797,37.5611953,126.9177994,37.5613651,126.91808955,63.579102688061646,,,,515592175,,,,,연남동
성미산로17길,주거지 도로,37.5615349,126.9183797,37.5631824,126.9177584,37.56235865,126.91806905,205.21472540539855,,,,228817877,,,,,연남동
성미산로18길,주거지 도로,37.5615349,126.9183797,37.5602049,126.9182781,37.5608699,126.9183289,152.29071459924273,,,,362003303,,,,,연남동
월드컵북로20길,주거지 도로,37.5644618,126.915144,37.5645342,126.9157393,37.564498,126.91544165,53.08418481971448,,,,228817853,,,,,성산1동
월드컵북로20길,주거지 도로,37.5644618,126.915144,37.5643668,126.9144021,37.5644143,126.91477305,66.23941925349304,,,,228817853,,,,,성산1동
월드컵북로12길,주거지 도로,37.5644618,126.915144,37.5650786,126.9150231,37.5647702,126.91508355,69.40802416750093,,,,835924753,,,True,,성산1동
연남로13길,주거지 도로,37.5661154,126.9154141,37.5659597,126.9148527,37.56603755,126.9151334,52.42261264166534,,,,228817864,,,,,성산1동
성미산로11길,주거지 도로,37.5661154,126.9154141,37.5651536,126.9156162,37.5656345,126.91551515,108.4218936490924,,,,228817856,,,True,,성산1동
연남로13길,주거지 도로,37.5661154,126.9154141,37.5663704,126.9160414,37.5662429,126.91572775,62.186882032005634,,,,228817864,,,,,성산1동
월드컵북로12길,주거지 도로,37.5650786,126.9150231,37.5659597,126.9148527,37.56551915,126.9149379,99.1222791903482,,,,835924753,,,True,,성산1동
연남로11길,주거지 도로,37.5652898,126.9166903,37.5652256,126.9161512,37.5652577,126.91642075,48.04944624593441,,,,228817870,,,True,,성산1동
성미산로15길,주거지 도로,37.5652898,126.9166903,37.5631433,126.9172194,37.56421655,126.91695485,243.68076671305613,,,,228817879,,,,,성산1동
성미산로15길,주거지 도로,37.5652898,126.9166903,37.566165,126.9170542,37.5657274,126.91687225,147.40766818429952,,,,228817879,,,,,연남동
성미산로11길,주거지 도로,37.5640496,126.9158313,37.5630246,126.9160412,37.5635371,126.91593625,115.4667827292768,,,,228817856,,,True,,성산1동
월드컵북로18길,주거지 도로,37.5640496,126.9158313,37.5641097,126.9163092,37.56407965,126.91607025,42.64951906434052,,,,463544615,,,True,,성산1동
월드컵북로16길,주거지 도로,37.5629529,126.9154568,37.5628681,126.9148202,37.5629105,126.9151385,56.898354739164,,,,228817862,,,,,성산1동
월드컵북로16길,주거지 도로,37.5629529,126.9154568,37.5630246,126.9160412,37.56298875,126.915749,52.12421497414553,,,,228817862,,,,,성산1동
월드컵북로12길,주거지 도로,37.5629529,126.9154568,37.5639729,126.9152483,37.563462900000005,126.91535255,114.8989625844682,,,,835924753,,,True,,성산1동
월드컵북로18길,주거지 도로,37.5639729,126.9152483,37.5640496,126.9158313,37.56401125,126.9155398,52.089332659485585,,,,463544615,,,True,,성산1동
월드컵북로12길,주거지 도로,37.5639729,126.9152483,37.5644618,126.915144,37.56421735,126.91519615,55.135099133307875,,,,835924753,,,True,,성산1동
월드컵북로16길,주거지 도로,37.563222,126.9182736,37.5631824,126.9177584,37.563202200000006,126.918016,45.62388406659991,,,,228817862,,,,,연남동
성미산로19길,주거지 도로,37.563222,126.9182736,37.5617068,126.9186731,37.5624644,126.91847335,172.14909938110767,,,,228817858,,,True,,연남동
연남로7길,주거지 도로,37.563222,126.9182736,37.5639553,126.9195019,37.56358865,126.91888775,135.53745603147934,,,,463545274,,,,,연남동
성미산로19길,주거지 도로,37.5641442,126.9178845,37.563222,126.9182736,37.563683100000006,126.91807905,108.13032588405936,,,,228817858,,,True,,연남동
연남로9길,주거지 도로,37.5641442,126.9178845,37.5647272,126.9188633,37.5644357,126.9183739,107.91563603010924,,,,379199120,,,True,,연남동
월드컵북로16길,주거지 도로,37.5631433,126.9172194,37.5631824,126.9177584,37.56316285,126.9174889,47.70723252156718,,,,228817862,,,,,연남동
월드컵북로16길,주거지 도로,37.5631433,126.9172194,37.56311,126.9167376,37.56312665,126.9169785,42.62866565382768,,,,228817862,,,,,성산1동
성미산로15길,주거지 도로,37.5631433,126.9172194,37.5611953,126.9177994,37.5621693,126.9175094,222.7287157411796,,,,228817879,,,,,성산1동
성미산로15길,주거지 도로,37.5631433,126.9172194,37.5652898,126.9166903,37.56421655,126.91695485,243.6807667130561,,,,228817879,,,,,성산1동
성미산로19길,주거지 도로,37.5654273,126.9177204,37.5641442,126.9178845,37.56478575,126.91780245,143.40568485921116,,,,228817858,,,True,,연남동
연남로11길,주거지 도로,37.5654273,126.9177204,37.5653612,126.91729,37.56539425,126.9175052,38.640789609914705,,,,228817870,,,True,,연남동
월드컵북로18길,주거지 도로,37.5638084,126.9139748,37.5639729,126.9152483,37.563890650000005,126.91461155,113.72874525183532,,,,463544615,,,True,,성산1동
월드컵북로12안길,주거지 도로,37.5638084,126.9139748,37.5628681,126.9148202,37.56333825,126.9143975,128.39404487862836,,,,228817875,,,True,,성산1동
성미산로17길,주거지 도로,37.566165,126.9170542,37.5669962,126.9169527,37.566580599999995,126.91700345,92.96458536624144,,,,228817877,,,,,연남동
성미산로17길,주거지 도로,37.566165,126.9170542,37.5653612,126.91729,37.5657631,126.9171721,91.77531823276802,,,,228817877,,,,,연남동
성미산로15길,주거지 도로,37.566165,126.9170542,37.5652898,126.9166903,37.5657274,126.91687225,147.40766818429952,,,,228817879,,,,,연남동
월드컵북로16길,주거지 도로,37.56311,126.9167376,37.5630246,126.9160412,37.5630673,126.9163894,62.11257964492815,,,,228817862,,,,,성산1동
성미산로13길,주거지 도로,37.56311,126.9167376,37.5641097,126.9163092,37.563609850000006,126.9165234,119.26651720819328,,,,228817851,,,True,,성산1동
월드컵북로16길,주거지 도로,37.56311,126.9167376,37.5631433,126.9172194,37.56312665,126.9169785,42.62866565382768,,,,228817862,,,,,성산1동
연남로11길,주거지 도로,37.5652256,126.9161512,37.5651536,126.9156162,37.5651896,126.9158837,47.829668238166384,,,,228817870,,,True,,성산1동
성미산로13길,주거지 도로,37.5652256,126.9161512,37.5663704,126.9160414,37.565798,126.9160963,128.00903008562804,,,,228817884,,,True,,성산1동
연남로9길,주거지 도로,37.5639553,126.9195019,37.5647272,126.9188633,37.56434125,126.9191826,102.6413501927874,,,,228817874,,,,,연남동
연남로7길,주거지 도로,37.5639553,126.9195019,37.5643775,126.9202242,37.564166400000005,126.91986305,79.10440324024721,,,,463545274,,,,,연남동
연남로7길,주거지 도로,37.5639553,126.9195019,37.563222,126.9182736,37.56358865,126.91888775,135.53745603147934,,,,463545274,,,,,연남동
월드컵북로20길,주거지 도로,37.5643668,126.9144021,37.5644618,126.915144,37.5644143,126.91477305,66.23941925349304,,,,228817853,,,,,성산1동
월드컵북로20길,주거지 도로,37.5643668,126.9144021,37.5640228,126.9137849,37.5641948,126.9140935,66.50249348767447,,,,228817853,,,,,성산1동
월드컵북로20안길,주거지 도로,37.5643668,126.9144021,37.5648721,126.9143016,37.56461945,126.91435185,56.880853278651166,,,,228817866,,,,,성산1동
연남로13길,주거지 도로,37.5663704,126.9160414,37.5666393,126.9164953,37.56650485,126.91626835,50.238673599115245,,,,228817864,,,,,성산1동
연남로13길,주거지 도로,37.5663704,126.9160414,37.5661154,126.9154141,37.5662429,126.91572775,62.186882032005634,,,,228817864,,,,,성산1동
연남로,3차로,37.5659114,126.9189455,37.5663324,126.9186066,37.5661219,126.91877605,55.53107810892875,,,,515585524,,,,,연남동
연남로11길,주거지 도로,37.5659114,126.9189455,37.5654921,126.918242,37.56570175,126.91859375,77.5813263724107,,,,228817870,,,True,,연남동
연남로,3차로,37.5659114,126.9189455,37.5651417,126.9195709,37.56552655,126.9192582,101.80370800590136,,,,515585524,,,,,연남동
성미산로,3차로,37.560934,126.9173682,37.5606304,126.9168645,37.560782200000006,126.91711635,55.77547149367515,,,,515592175,,,,,성산1동
성미산로13길,주거지 도로,37.560934,126.9173682,37.5620809,126.9168091,37.56150745,126.91708865,142.34266401078784,,,,228817851,,,True,,성산1동
성미산로,3차로,37.560934,126.9173682,37.5611784,126.9177721,37.5610562,126.91757015,44.78939129175855,,,,515592175,,,,,성산1동
성미산로19길,주거지 도로,37.567051,126.9175165,37.5657893,126.9176713,37.56642015,126.9175939,140.95724017936192,,,,228817858,,,True,,연남동
연남로,3차로,37.567051,126.9175165,37.5671692,126.9171827,37.5671101,126.9173496,32.40950136876536,,,,515585524,,,,,연남동
연남로,3차로,37.567051,126.9175165,37.5663757,126.9185708,37.56671335,126.91804365,122.24410486047152,,,,515585524,,,,,연남동
연남로13길,주거지 도로,37.5653372,126.9125945,37.5657572,126.9141196,37.5655472,126.91335705,142.30792916049126,,,,228817864,,,,,성산1동
월드컵북로12안길,주거지 도로,37.5653372,126.9125945,37.5643858,126.9134517,37.5648615,126.9130231,130.00072666698418,,,,228817875,,,True,,성산1동
연남로11길,주거지 도로,37.5654921,126.918242,37.5647272,126.9188633,37.56510965,126.91855265,101.15751514371016,,,,781717417,,,,,연남동
연남로11길,주거지 도로,37.5654921,126.918242,37.5654273,126.9177204,37.565459700000005,126.9179812,46.53484308027983,,,,228817870,,,True,,연남동
성미산로13길,주거지 도로,37.5641097,126.9163092,37.5652256,126.9161512,37.56466765,126.9162302,124.86246817535846,,,,228817884,,,True,,성산1동
월드컵북로16길,주거지 도로,37.5628681,126.9148202,37.5629529,126.9154568,37.5629105,126.9151385,56.898354739164,,,,228817862,,,,,성산1동
월드컵북로12안길,주거지 도로,37.5628681,126.9148202,37.561939,126.9156691,37.56240355,126.91524465,127.56168015593562,,,,228817875,,,True,,성산1동
월드컵북로16길,주거지 도로,37.5628681,126.9148202,37.5625502,126.9142589,37.56270915,126.91453955,60.805265039205025,,,,382355637,,,,,성산1동
성미산로11길,주거지 도로,37.5651536,126.9156162,37.5645342,126.9157393,37.5648439,126.91567775,69.72389691528308,,,,228817856,,,True,,성산1동
연남로11길,주거지 도로,37.5651536,126.9156162,37.5650786,126.9150231,37.5651161,126.91531965,52.93740023335815,,,,228817870,,,True,,성산1동
동교로27길,주거지 도로,37.5613467,126.9200378,37.5606092,126.9207286,37.56097795,126.9203832,102.1405897879182,,,,184436160,,,True,,연남동
연남로5길,주거지 도로,37.5613467,126.9200378,37.5605699,126.9187344,37.5609583,126.9193861,143.74401797750335,,,,228817868,,,True,,연남동
연남로13길,주거지 도로,37.5669962,126.9169527,37.5671692,126.9171827,37.5670827,126.9170677,27.94625125449152,,,,833117004,,,,,연남동
성미산로17길,주거지 도로,37.5669962,126.9169527,37.566165,126.9170542,37.566580599999995,126.91700345,92.96458536624144,,,,228817877,,,,,연남동
연남로13길,주거지 도로,37.5669962,126.9169527,37.5666393,126.9164953,37.56681775,126.916724,56.58014113502027,,,,833117004,,,,,연남동
월드컵북로16길,주거지 도로,37.5630246,126.9160412,37.56311,126.9167376,37.5630673,126.9163894,62.11257964492815,,,,228817862,,,,,성산1동
성미산로11길,주거지 도로,37.5630246,126.9160412,37.5620101,126.9162431,37.56251735,126.91614215,114.20251840620236,,,,228817856,,,True,,성산1동
월드컵북로16길,주거지 도로,37.5630246,126.9160412,37.5629529,126.9154568,37.56298875,126.915749,52.12421497414553,,,,228817862,,,,,성산1동
연남로13길,주거지 도로,37.5657572,126.9141196,37.5659597,126.9148527,37.56585845,126.91448615,68.42577682347735,,,,228817864,,,,,성산1동
연남로13길,주거지 도로,37.5657572,126.9141196,37.5653372,126.9125945,37.5655472,126.91335705,142.30792916049126,,,,228817864,,,,,성산1동
월드컵북로20안길,주거지 도로,37.5657572,126.9141196,37.5648721,126.9143016,37.565314650000005,126.9142106,99.72163813703747,,,,228817866,,,,,성산1동
연남로13길,주거지 도로,37.5671692,126.9171827,37.5669962,126.9169527,37.5670827,126.9170677,27.94625125449152,,,,833117004,,,,,연남동
연남로,3차로,37.5671692,126.9171827,37.5673937,126.9168413,37.56728145,126.917012,39.33027741971696,,,,515585524,,,,,연남동
연남로,3차로,37.5671692,126.9171827,37.567051,126.9175165,37.5671101,126.9173496,32.40950136876536,,,,515585524,,,,,연남동
월드컵북로20길,주거지 도로,37.5645342,126.9157393,37.5644618,126.915144,37.564498,126.91544165,53.08418481971448,,,,228817853,,,,,성산1동
성미산로11길,주거지 도로,37.5645342,126.9157393,37.5640496,126.9158313,37.5642919,126.9157853,54.49186587467524,,,,228817856,,,True,,성산1동
연남로13길,주거지 도로,37.5659597,126.9148527,37.5661154,126.9154141,37.56603755,126.9151334,52.42261264166534,,,,228817864,,,,,성산1동
연남로13길,주거지 도로,37.5659597,126.9148527,37.5657572,126.9141196,37.56585845,126.91448615,68.42577682347735,,,,228817864,,,,,성산1동
월드컵북로12길,주거지 도로,37.5607862,126.9158412,37.561939,126.9156691,37.5613626,126.91575515,129.32587220775895,,,,228817854,,,,,성산1동
세종대로18길,주거지 도로,37.5637144,126.9780867,37.5632416,126.9781258,37.563478,126.97810625,52.685874752646576,,,,228950039,,,,,소공동
세종대로18길,주거지 도로,37.5637144,126.9780867,37.5638097,126.9787074,37.56376205,126.97839705,55.74277527022811,,,,198564929,,,True,,소공동
종로41길,3차로,37.5713439,127.0067463,37.5718111,127.0067032,37.5715775,127.00672475,52.08902751338431,,,,229026916,,,,,종로5·6가동
종로41길,3차로,37.5718111,127.0067032,37.5713439,127.0067463,37.5715775,127.00672475,52.08902751338431,,,,229026916,,,,,종로5·6가동
종로41길,3차로,37.5718111,127.0067032,37.5720896,127.0066894,37.571950349999995,127.0066963,31.06521189023561,,,,229026916,,,,,종로5·6가동
율곡로30길,주거지 도로,37.5718111,127.0067032,37.5720584,127.0069476,37.57193475,127.0068254,36.28492847719561,,,,229026917,,,,,종로5·6가동
종로31길,주거지 도로,37.5727627,126.9989595,37.5728767,126.9988572,37.5728197,126.99890835,15.555433637225184,,,,229026912,,,,,종로5·6가동
종로31길,주거지 도로,37.5727627,126.9989595,37.5724289,126.9992413,37.5725958,126.9991004,44.65938563348793,,,,229026912,,,,,종로5·6가동
종로31길,주거지 도로,37.5727627,126.9989595,37.5732551,126.9998891,37.5730089,126.9994243,104.29937154928994,,,,381218112,,,,,종로5·6가동
김상옥로,3차로,37.5733646,126.9984197,37.5733565,126.998676,37.57336055,126.99854785,22.60573259742087,,,,223435053,,,,,종로5·6가동
김상옥로,3차로,37.5733646,126.9984197,37.5733619,126.9975895,37.57336325,126.9980046,73.16634523773256,,,,223435053,,,,,종로1·2·3·4가동
종로31길,주거지 도로,37.5733646,126.9984197,37.5728767,126.9988572,37.57312065,126.99863845,66.55778606952566,,,,229026912,,,,,종로5·6가동
창경궁로16길,주거지 도로,37.5733646,126.9984197,37.5740416,126.9979961,37.5737031,126.9982079,85.3928053959021,,,,416172056,,,,,종로5·6가동
창경궁로,주거지 도로,37.5723824,126.9976762,37.5724289,126.9992413,37.57240565,126.99845875,138.03129774182918,,,,229026909,,,,,종로1·2·3·4가동
종로35길,주거지 도로,37.5711076,127.0039294,37.5715085,127.0039534,37.57130805,127.0039414,44.628262483018034,,,,229026905,,,,,종로5·6가동
율곡로14길,주거지 도로,37.5741338,127.0036109,37.5741554,127.0035599,37.5741446,127.0035854,5.096086414341939,,,,223435054,,,,,종로5·6가동
율곡로16길,주거지 도로,37.5741338,127.0036109,37.5742038,127.0037431,37.574168799999995,127.003677,14.0115641748213,,,,416172044,,,,,종로5·6가동
율곡로14길,주거지 도로,37.5741338,127.0036109,37.5734947,127.0042047,37.57381425,127.0039078,88.45054182411545,,,,223435054,,,,,종로5·6가동
종로31길,주거지 도로,37.5724289,126.9992413,37.5727627,126.9989595,37.5725958,126.9991004,44.65938563348793,,,,229026912,,,,,종로5·6가동
창경궁로,주거지 도로,37.5724289,126.9992413,37.5723824,126.9976762,37.57240565,126.99845875,138.03129774182918,,,,229026909,,,,,종로1·2·3·4가동
종로31길,주거지 도로,37.5724289,126.9992413,37.5721637,126.9995491,37.5722963,126.9993952,40.08846494059433,,,,229026912,,,,,종로5·6가동
낙산성곽1길,주거지 도로,37.5742431,127.0092529,37.5739171,127.0093916,37.5740801,127.00932225,38.255044274679214,,,,608835313,,,,,창신2동
창신2길,주거지 도로,37.5729065,127.0091746,37.572858,127.0094372,37.57288225,127.0093059,23.76319650965168,,,,379730395,,,,,창신2동
창신4길,주거지 도로,37.5735872,127.009575,37.5735181,127.0091707,37.57355265,127.00937285,36.45001017688781,,,,416178718,,,,,창신2동
창신4길,주거지 도로,37.5735872,127.009575,37.5736755,127.0100932,37.57363135,127.0098341,46.75027202715599,,,,416178718,,,,,창신2동
낙산성곽1길,주거지 도로,37.5735872,127.009575,37.5732456,127.0097669,37.5734164,127.00967095,41.70154227385927,,,,608835313,,,,,창신2동
낙산성곽1길,주거지 도로,37.5735872,127.009575,37.5739171,127.0093916,37.57375215,127.0094833,40.193895365355814,,,,608835313,,,,,창신2동
종로31길,주거지 도로,37.5709983,127.0002828,37.5717919,126.9998022,37.5713951,127.0000425,98.74710315945754,,,,229026912,,,,,종로5·6가동
창신5길,주거지 도로,37.5737742,127.0114303,37.5737051,127.0112741,37.57373965,127.0113522,15.765047143375927,,,,416204675,,,,,창신1동
창신5길,주거지 도로,37.5737742,127.0114303,37.5738615,127.0117071,37.57381785,127.0115687,26.254795435562546,,,,416204675,,,,,창신2동
창신5길,주거지 도로,37.5737742,127.0114303,37.5742557,127.0112956,37.574014950000006,127.01136295,55.411304113853674,,,,379730367,,,,,창신2동
율곡로22나길,주거지 도로,37.574029,127.0049317,37.5740575,127.005282,37.57404325,127.00510685,31.0339724927314,,,,229026900,,,,,종로5·6가동
율곡로22나길,주거지 도로,37.574029,127.0049317,37.574012,127.0045507,37.5740205,127.0047412,33.63049480599449,,,,229026900,,,,,종로5·6가동
율곡로22나길,주거지 도로,37.574029,127.0049317,37.574435,127.0048729,37.574232,127.0049023,45.447049701046055,,,,229026910,,,,,종로5·6가동
율곡로22나길,주거지 도로,37.574012,127.0045507,37.574029,127.0049317,37.5740205,127.0047412,33.63049480599449,,,,229026900,,,,,종로5·6가동
율곡로22나길,주거지 도로,37.574012,127.0045507,37.5734866,127.0046369,37.5737493,127.0045938,58.913743994866074,,,,381218095,,,,,종로5·6가동
율곡로22나길,주거지 도로,37.574012,127.0045507,37.5743716,127.0044891,37.5741918,127.0045199,40.353146575721695,,,,229026904,,,,,종로5·6가동
종로35가길,주거지 도로,37.571907,127.003911,37.5719057,127.0043569,37.571906350000006,127.00413395,39.29831080346495,,,,229026903,,,,,종로5·6가동
종로35길,주거지 도로,37.571907,127.003911,37.5725583,127.0038111,37.57223265,127.00386105,72.95457210981392,,,,229026905,,,,,종로5·6가동
종로35길,주거지 도로,37.571907,127.003911,37.5715085,127.0039534,37.57170775,127.0039322,44.767852388976266,,,,229026905,,,,,종로5·6가동
종로35가길,주거지 도로,37.571925,127.0056882,37.5719157,127.0054143,37.57192035,127.00555125,24.16148200133409,,,,229026903,,,,,종로5·6가동
종로35가길,주거지 도로,37.571925,127.0056882,37.5720261,127.0058145,37.571975550000005,127.00575135,16.4480507202887,,,,229026903,,,,,종로5·6가동
대학로2길,주거지 도로,37.571925,127.0056882,37.5715566,127.005702,37.5717408,127.0056951,40.99573641215195,,,,229026919,,,,,종로5·6가동
율곡로22가길,주거지 도로,37.5745016,127.0054964,37.5744848,127.0051755,37.5744932,127.00533595,29.148777194595592,,,,229026902,,,,,종로5·6가동
율곡로22가길,주거지 도로,37.5745016,127.0054964,37.5746807,127.0059242,37.57459115,127.0057103,43.02185222632362,,,,229026902,,,,,종로5·6가동
율곡로22길,주거지 도로,37.5745016,127.0054964,37.5750793,127.0052839,37.574790449999995,127.00539015,66.97393763182563,,,,229026915,,,,,종로5·6가동
율곡로22길,주거지 도로,37.5745016,127.0054964,37.5740929,127.0056949,37.57429725,127.00559565,48.70571058229556,,,,229026915,,,,,종로5·6가동
종로35길,주거지 도로,37.5715085,127.0039534,37.5711076,127.0039294,37.57130805,127.0039414,44.628262483018034,,,,229026905,,,,,종로5·6가동
대학로2길,주거지 도로,37.5715085,127.0039534,37.5715087,127.0048122,37.5715086,127.0043828,75.68814239583583,,,,381218121,,,,,종로5·6가동
종로35길,주거지 도로,37.5715085,127.0039534,37.571907,127.003911,37.57170775,127.0039322,44.767852388976266,,,,229026905,,,,,종로5·6가동
대학로2길,주거지 도로,37.5715085,127.0039534,37.5714422,127.0019592,37.57147535,127.0029563,177.34102041964908,,,,381218121,,,,,종로5·6가동
종로35길,주거지 도로,37.5725583,127.0038111,37.571907,127.003911,37.57223265,127.00386105,72.95457210981392,,,,229026905,,,,,종로5·6가동
종로35길,주거지 도로,37.5725583,127.0038111,37.5734738,127.0037763,37.57301605,127.0037937,101.87629252441862,,,,229026905,,,,,종로5·6가동
종로35길,주거지 도로,37.5725583,127.0038111,37.5726659,127.0041914,37.5726121,127.00400125,35.58800775166156,,,,229026913,,,,,종로5·6가동
창신4길,주거지 도로,37.5735181,127.0091707,37.5735872,127.009575,37.57355265,127.00937285,36.45001017688781,,,,416178718,,,,,창신2동
율곡로14길,주거지 도로,37.5741554,127.0035599,37.5741338,127.0036109,37.5741446,127.0035854,5.096086414341939,,,,223435054,,,,,종로5·6가동
율곡로14길,주거지 도로,37.5741554,127.0035599,37.5745458,127.0032728,37.5743506,127.00341635,50.46358504615043,,,,223435054,,,,,종로5·6가동
종로35길,주거지 도로,37.5741554,127.0035599,37.5734738,127.0037763,37.573814600000006,127.0036681,80.86840654415639,,,,416161878,,,,,종로5·6가동
창신5길,주거지 도로,37.5737051,127.0112741,37.5736053,127.0112154,37.5736552,127.01124475,12.243841104857456,,,,416204675,,,,,창신2동
창신5길,주거지 도로,37.5737051,127.0112741,37.5737742,127.0114303,37.57373965,127.0113522,15.765047143375927,,,,416204675,,,,,창신1동
창신5나길,주거지 도로,37.5737051,127.0112741,37.5750155,127.0112361,37.574360299999995,127.0112551,153.26069884016357,,,,416195449,,,,,창신2동
율곡로22나길,주거지 도로,37.5740575,127.005282,37.5740929,127.0056949,37.5740752,127.00548845,36.60091410555599,,,,229026900,,,,,종로5·6가동
율곡로22나길,주거지 도로,37.5740575,127.005282,37.574029,127.0049317,37.57404325,127.00510685,31.0339724927314,,,,229026900,,,,,종로5·6가동
율곡로22나길,주거지 도로,37.5740575,127.005282,37.5744848,127.0051755,37.57427115,127.00522875,48.431810265345135,,,,381218088,,,,,종로5·6가동
종로,주거지 도로,37.5715566,127.005702,37.571167,127.0057067,37.571361800000005,127.00570435,43.32358488877235,,,,381218097,,,,,종로5·6가동
대학로2길,주거지 도로,37.5715566,127.005702,37.5715513,127.005433,37.57155395,127.0055675,23.714935642597204,,,,381218121,,,,,종로5·6가동
대학로2길,주거지 도로,37.5715566,127.005702,37.571925,127.0056882,37.5717408,127.0056951,40.99573641215195,,,,229026919,,,,,종로5·6가동
대학로2길,주거지 도로,37.5715566,127.005702,37.5716254,127.0062496,37.571591,127.0059758,48.98997487839339,,,,381218121,,,,,종로5·6가동
창신5길,주거지 도로,37.5738615,127.0117071,37.5737742,127.0114303,37.57381785,127.0115687,26.254795435562546,,,,416204675,,,,,창신2동
창신5길,주거지 도로,37.5738615,127.0117071,37.5740605,127.0120019,37.573961,127.0118545,34.164855008195566,,,,416204675,,,,,창신2동
창신5길,주거지 도로,37.5738615,127.0117071,37.5745409,127.0115247,37.574201200000005,127.0116159,77.43994401135681,,,,788674847,,,,,창신2동
율곡로22가길,주거지 도로,37.574435,127.0048729,37.5743988,127.0046535,37.5744169,127.0047632,19.750047535322945,,,,229026902,,,,,종로5·6가동
율곡로22가길,주거지 도로,37.574435,127.0048729,37.5744848,127.0051755,37.5744599,127.0050242,27.236678662398266,,,,229026902,,,,,종로5·6가동
율곡로22나길,주거지 도로,37.574435,127.0048729,37.574029,127.0049317,37.574232,127.0049023,45.447049701046055,,,,229026910,,,,,종로5·6가동
율곡로22가길,주거지 도로,37.5743716,127.0044891,37.5743988,127.0046535,37.574385199999995,127.0045713,14.80073518035911,,,,229026902,,,,,종로5·6가동
율곡로22가길,주거지 도로,37.5743716,127.0044891,37.574301,127.004115,37.5743363,127.00430205,33.93442323305585,,,,229026902,,,,,종로5·6가동
율곡로22나길,주거지 도로,37.5743716,127.0044891,37.574012,127.0045507,37.5741918,127.0045199,40.353146575721695,,,,229026904,,,,,종로5·6가동
율곡로22길,주거지 도로,37.5753768,127.0052217,37.5750793,127.0052839,37.57522805,127.0052528,33.53161938681828,,,,229026915,,,,,종로5·6가동
낙산성곽1길,주거지 도로,37.572149,127.0096484,37.5727709,127.0099092,37.57245995,127.0097788,80.4453088576953,,,,608835313,,,,,창신2동
율곡로20길,주거지 도로,37.5748617,127.0036874,37.5749213,127.004009,37.5748915,127.0038482,29.106615386901364,,,,229026914,,,,,종로5·6가동
율곡로16길,주거지 도로,37.5748617,127.0036874,37.5755977,127.0035302,37.5752297,127.0036088,83.03138721913247,,,,229026908,,,,,종로5·6가동
율곡로16길,주거지 도로,37.5748617,127.0036874,37.5742038,127.0037431,37.57453275,127.00371525,73.32658310533466,,,,229026908,,,,,종로5·6가동
율곡로14길,주거지 도로,37.5748617,127.0036874,37.5748845,127.0031337,37.574873100000005,127.00341055,50.86907446834311,,,,381218105,,,,,종로5·6가동
율곡로22길,주거지 도로,37.5750793,127.0052839,37.5753768,127.0052217,37.57522805,127.0052528,33.53161938681828,,,,229026915,,,,,종로5·6가동
율곡로20길,주거지 도로,37.5750793,127.0052839,37.5749213,127.004009,37.5750003,127.00464645,113.83553835820872,,,,229026914,,,,,종로5·6가동
율곡로22길,주거지 도로,37.5750793,127.0052839,37.5745016,127.0054964,37.574790449999995,127.00539015,66.97393763182563,,,,229026915,,,,,종로5·6가동
율곡로22길,,37.5715672,127.0098104,37.5717021,127.008653,37.57163465,127.0092317,108.24806823800436,,,,770890591,,,True,,종로5·6가동
율곡로22나길,주거지 도로,37.5740929,127.0056949,37.5740575,127.005282,37.5740752,127.00548845,36.60091410555599,,,,229026900,,,,,종로5·6가동
율곡로22길,주거지 도로,37.5740929,127.0056949,37.5745016,127.0054964,37.57429725,127.00559565,48.70571058229556,,,,229026915,,,,,종로5·6가동
율곡로22길,주거지 도로,37.5740929,127.0056949,37.5736458,127.0059606,37.573869349999995,127.00582775,55.100487338675,,,,229026915,,,,,종로5·6가동
종로39길,주거지 도로,37.5720261,127.0058145,37.5721958,127.0055038,37.57211095,127.00565915,33.254659532654856,,,,415967618,,,,,종로5·6가동
종로35가길,주거지 도로,37.5720261,127.0058145,37.571925,127.0056882,37.571975550000005,127.00575135,16.4480507202887,,,,229026903,,,,,종로5·6가동
종로39길,주거지 도로,37.5720261,127.0058145,37.5716254,127.0062496,37.57182575,127.00603205,59.548372346563895,,,,415967618,,,,,종로5·6가동
대학로2길,주거지 도로,37.5715087,127.0048122,37.5715085,127.0039534,37.5715086,127.0043828,75.68814239583583,,,,381218121,,,,,종로5·6가동
대학로2길,주거지 도로,37.5715087,127.0048122,37.5719045,127.0047917,37.5717066,127.00480195,44.04845733864936,,,,229026920,,,,,종로5·6가동
대학로2길,주거지 도로,37.5715087,127.0048122,37.5715513,127.005433,37.57153,127.0051226,55.24873995987495,,,,381218121,,,,,종로5·6가동
창신길,주거지 도로,37.5787141,127.0091721,37.5794273,127.0094352,37.5790707,127.00930365,82.6422736083191,,,,229027409,,,,,창신2동
창신길,주거지 도로,37.5787141,127.0091721,37.5781038,127.0091319,37.57840895,127.009152,69.20627656521883,,,,"[229027409, 416178719]",,,,,창신2동
창신길,주거지 도로,37.5787141,127.0091721,37.5781626,127.0094472,37.57843835,127.00930965,128.24438629880763,,,,913772067,,,,,창신2동
창신길,주거지 도로,37.5796874,127.0095503,37.5796911,127.0095779,37.57968925,127.0095641,2.4667401500781785,,,,229027409,,,,,창신2동
창신길,주거지 도로,37.5796874,127.0095503,37.5794273,127.0094352,37.57955735,127.00949275,30.64885455077576,,,,229027409,,,,,창신2동
창신길,주거지 도로,37.5796874,127.0095503,37.5791723,127.0083851,37.57942985,127.0089677,176.79722118487754,,,,913772638,,,,,창신2동
낙산길,주거지 도로,37.5802111,127.0103565,37.5802597,127.0105064,37.5802354,127.01043145,14.27217931211058,,,,517761241,,4,,,창신2동
창신길,주거지 도로,37.5802111,127.0103565,37.5796911,127.0095779,37.5799511,127.0099672,97.94072796984508,,,,229027409,,,,,창신2동
낙산길,주거지 도로,37.5802111,127.0103565,37.5805469,127.0085967,37.580379,127.0094766,161.55077288397396,,,,517761241,,4,,,삼선동
지봉로5길,주거지 도로,37.5743603,127.015269,37.5749896,127.0147277,37.57467495,127.01499835,85.00063998810751,,,,229026906,,,,,창신1동
지봉로5길,주거지 도로,37.5743603,127.015269,37.5743089,127.0156858,37.5743346,127.0154774,41.7905457787257,,,,229026906,,,,,창신1동
지봉로5길,주거지 도로,37.5743603,127.015269,37.5740969,127.0150324,37.5742286,127.0151507,37.206139362045874,,,,1176532864,,,,,창신1동
창신길,주거지 도로,37.5716747,127.0103319,37.5725144,127.0107474,37.57209455,127.01053965,104.63367088390116,,,,229027410,,,,,창신2동
창신길,주거지 도로,37.5783479,127.012863,37.5784435,127.0127242,37.5783957,127.0127936,16.205416047722778,,,,416204684,,,,,창신3동
지봉로13길,주거지 도로,37.5783479,127.012863,37.5779139,127.0131699,37.5781309,127.01301645,56.82907529599882,,,,229027560,,,,,창신3동
지봉로13길,주거지 도로,37.5783479,127.012863,37.5784142,127.0141315,37.57838105,127.01349725,112.63702181268442,,,,229027560,,,,,창신3동
창신6가길,주거지 도로,37.5751896,127.0124573,37.5753698,127.0126377,37.5752797,127.0125475,25.57833241402564,,,,416179265,,,,,창신2동
창신6나길,주거지 도로,37.5751896,127.0124573,37.5755421,127.0121815,37.57536585,127.0123194,46.379554105368946,,,,379730334,,,,,창신2동
창신6가길,주거지 도로,37.5751896,127.0124573,37.5749892,127.0117285,37.5750894,127.0120929,88.73019021211954,,,,379730341,,,,,창신2동
낙산5길,주거지 도로,37.5770286,127.0124395,37.5770983,127.0121789,37.57706345,127.0123092,24.238108861997866,,,,229027562,,,,,창신3동
창신6가길,주거지 도로,37.5770286,127.0124395,37.5769377,127.0124969,37.57698315,127.0124682,11.302741380802413,,,,416179265,,,,,창신3동
지봉로13길,주거지 도로,37.5770286,127.0124395,37.5777496,127.0130916,37.5773891,127.01276555,98.96428345116604,,,,229027560,,,,,창신3동
창신8길,주거지 도로,37.577182,127.0108687,37.5772727,127.0104495,37.57722735,127.0106591,41.88609200555062,,,,229027563,,,,,창신2동
창신8길,주거지 도로,37.577182,127.0108687,37.5776467,127.0105625,37.57741435,127.0107156,61.133577483063554,,,,229027563,,,,,창신2동
창신11길,주거지 도로,37.577182,127.0108687,37.5771867,127.0114045,37.57718435,127.0111366,49.75690006673719,,,,416195478,,,,,창신2동
창신8길,주거지 도로,37.5775847,127.0109003,37.5771867,127.0114045,37.5773857,127.0111524,62.71237386534943,,,,416195479,,,,,창신2동
창신8길,주거지 도로,37.5775847,127.0109003,37.5776467,127.0105625,37.5776157,127.0107314,30.692690502763725,,,,229027563,,,,,창신2동
창신8길,주거지 도로,37.5775847,127.0109003,37.5781748,127.0107255,37.57787975,127.0108129,70.72784903309572,,,,229027563,,,,,창신2동
창신길,주거지 도로,37.5794273,127.0094352,37.5796874,127.0095503,37.57955735,127.00949275,30.64885455077576,,,,229027409,,,,,창신2동
창신길,주거지 도로,37.5794273,127.0094352,37.5787141,127.0091721,37.5790707,127.00930365,82.6422736083191,,,,229027409,,,,,창신2동
창신11길,주거지 도로,37.5794273,127.0094352,37.5781748,127.0107255,37.57880105,127.01008035,180.8999481795141,,,,229027561,,,,,창신2동
창신6가길,주거지 도로,37.5753698,127.0126377,37.5751896,127.0124573,37.5752797,127.0125475,25.57833241402564,,,,416179265,,,,,창신2동
창신6가길,주거지 도로,37.5753698,127.0126377,37.5755421,127.0121815,37.57545595,127.0124096,47.51616567444758,,,,379730402,,,,,창신3동
창신6가길,주거지 도로,37.5753698,127.0126377,37.5758034,127.0127108,37.575586599999994,127.01267425,49.73244695806761,,,,416179265,,,,,창신3동
창신길,주거지 도로,37.5767187,127.0102509,37.5767705,127.0099,37.5767446,127.01007545,31.45535381114224,,,,416178719,,,,,창신2동
창신길,주거지 도로,37.5767187,127.0102509,37.5765725,127.0103781,37.5766456,127.0103145,19.81029264879179,,,,416178720,,,,,창신2동
창신길,주거지 도로,37.5767187,127.0102509,37.5761988,127.0102295,37.57645875,127.0102402,58.102607761259186,,,,416195460,,,,,창신2동
창신8길,주거지 도로,37.5767187,127.0102509,37.5772727,127.0104495,37.5769957,127.0103502,68.61494890747242,,,,416195473,,,,,창신2동
창신8길,주거지 도로,37.5776467,127.0105625,37.577182,127.0108687,37.57741435,127.0107156,61.13357748306356,,,,229027563,,,,,창신2동
창신8길,주거지 도로,37.5776467,127.0105625,37.5775847,127.0109003,37.5776157,127.0107314,30.692690502763725,,,,229027563,,,,,창신2동
창신8길,주거지 도로,37.5776467,127.0105625,37.5775293,127.0101275,37.577588000000006,127.010345,139.77321728954342,,,,"[416195474, 416195471]",,,,,창신2동
지봉로13길,주거지 도로,37.5779139,127.0131699,37.5777496,127.0130916,37.57783175,127.01313075,19.52899824432123,,,,229027560,,,,,창신3동
지봉로13길,주거지 도로,37.5779139,127.0131699,37.5783479,127.012863,37.5781309,127.01301645,56.82907529599882,,,,229027560,,,,,창신3동
지봉로13가길,주거지 도로,37.5779139,127.0131699,37.5777789,127.0143535,37.5778464,127.0137617,106.3529209273146,,,,"[788674849, 416204687]",,,,,창신3동
창신11길,주거지 도로,37.5781748,127.0107255,37.5773248,127.0116151,37.5777498,127.0111703,123.15977904540767,,,,229027561,,,,,창신2동
창신11길,주거지 도로,37.5781748,127.0107255,37.5794273,127.0094352,37.57880105,127.01008035,180.89994817951407,,,,229027561,,,,,창신2동
창신8길,주거지 도로,37.5781748,127.0107255,37.5775847,127.0109003,37.57787975,127.0108129,70.72784903309571,,,,229027563,,,,,창신2동
창신6길,주거지 도로,37.5748953,127.0106261,37.5750155,127.0112361,37.5749554,127.0109311,55.40389426539943,,,,379730333,,,,,창신2동
창신길,주거지 도로,37.5748953,127.0106261,37.5736733,127.0106231,37.5742843,127.0106246,137.03833608926772,,,,416178720,,,,,창신2동
창신길,주거지 도로,37.5748953,127.0106261,37.5754827,127.0106187,37.575189,127.0106224,65.32537390195239,,,,416178720,,,,,창신2동
낙산5길,주거지 도로,37.5770983,127.0121789,37.5772321,127.0120991,37.5771652,127.012139,16.456217934688777,,,,229027562,,,,,창신3동
낙산5길,주거지 도로,37.5770983,127.0121789,37.5770286,127.0124395,37.57706345,127.0123092,24.238108861997866,,,,229027562,,,,,창신3동
창신11길,주거지 도로,37.5770983,127.0121789,37.5773248,127.0116151,37.57721155,127.011897,57.15217772749256,,,,229027561,,,,,창신2동
창신7길,주거지 도로,37.5757846,127.0104579,37.5757303,127.0102173,37.57575745,127.0103376,22.046375320511046,,,,379730413,,,,,창신2동
창신길,주거지 도로,37.5757846,127.0104579,37.5757427,127.0104966,37.57576365,127.01047725,5.773966501304748,,,,416178720,,,,,창신2동
창신길,주거지 도로,37.5757846,127.0104579,37.5758739,127.0104314,37.57582925,127.01044465,10.20065346495623,,,,416178720,,,,,창신2동
난계로15길,주거지 도로,37.5687236,127.0230563,37.5689493,127.0229039,37.56883645,127.0229801,28.465081985229393,,,,229028024,,,,,황학동
마장로15길,주거지 도로,37.5687236,127.0230563,37.5683444,127.0220786,37.568534,127.02256745,95.9346009647183,,,,229028021,,,,,황학동
난계로15길,주거지 도로,37.5687236,127.0230563,37.5686289,127.0231983,37.56867625,127.0231273,16.483915817685713,,,,229028024,,,,,황학동
지봉로13길,주거지 도로,37.5780833,127.0153857,37.5784142,127.0141315,37.57824875,127.0147586,128.84818550136208,,,,229027560,,,,,창신3동
지봉로14길,주거지 도로,37.5780833,127.0153857,37.5781426,127.0157697,37.578112950000005,127.0155777,35.36999667199866,,,,379598605,,,,,숭인1동
종로58길,주거지 도로,37.5714755,127.0186495,37.5717599,127.0185011,37.5716177,127.0185753,34.30316002109287,,,,229028014,20.0,1,,,숭인2동
종로58길,주거지 도로,37.5714755,127.0186495,37.5712256,127.0188579,37.57135055,127.0187537,33.309073838565965,,,,229028014,20.0,1,,,숭인2동
난계로25길,주거지 도로,37.5714755,127.0186495,37.5718848,127.0193353,37.57168015,127.0189924,75.66033340769442,,,,238538825,,,,,숭인2동
지봉로4길,주거지 도로,37.5714755,127.0186495,37.5712768,127.0183826,37.57137615,127.01851605,32.30173282020385,,,,379730371,,,,,숭인2동
종로50길,주거지 도로,37.5699671,127.0126179,37.5701908,127.0126061,37.57007895,127.012612,24.896071295643463,,,,229028022,,,,,창신1동
종로54길,주거지 도로,37.5699964,127.0140942,37.5702068,127.0140948,37.5701016,127.0140945,23.39550537817786,,,,229028019,,,,,창신1동
종로50길,주거지 도로,37.5705017,127.0126068,37.5707125,127.0126053,37.5706071,127.01260605,23.440296447431287,,,,229028022,,,,,창신1동
종로50길,주거지 도로,37.5705017,127.0126068,37.5701908,127.0126061,37.57034625,127.01260645,34.57060657869366,,,,229028022,,,,,창신1동
종로50나길,주거지 도로,37.5705017,127.0126068,37.5703287,127.0139385,37.5704152,127.01327265,119.00672819898828,,,,379730411,,,,,창신1동
종로44길,주거지 도로,37.5705017,127.0126068,37.5706955,127.0118794,37.5705986,127.0122431,69.15570689551723,,,,416175113,,,,,창신1동
종로54길,주거지 도로,37.5724176,127.0138244,37.5719267,127.0140546,37.57217215,127.0139395,58.23396055616593,,,,229028019,,,,,창신1동
난계로17길,주거지 도로,37.5703902,127.0208793,37.5702153,127.0207823,37.57030275,127.0208308,21.244072889854426,,,,229028003,,,,,황학동
난계로23길,주거지 도로,37.5703902,127.0208793,37.5702442,127.0217926,37.5703172,127.02133595,90.78470787562956,,,,420078499,,,True,,황학동
난계로17길,주거지 도로,37.569721,127.0201597,37.5695632,127.0210268,37.5696421,127.02059325,78.45398659942286,,,,229028000,,,,,황학동
난계로17길,주거지 도로,37.569721,127.0201597,37.5697459,127.0200146,37.56973345,127.02008715,13.08461704588482,,,,229028000,,,,,황학동
난계로17길,주거지 도로,37.569721,127.0201597,37.5702153,127.0207823,37.56996815,127.020471,78.28201063431906,,,,229028003,,,,,황학동
종로54길,주거지 도로,37.5714483,127.0140975,37.5710602,127.0140897,37.57125425,127.0140936,43.16028690324656,,,,229028019,,,,,창신1동
종로52길,주거지 도로,37.5714483,127.0140975,37.5713026,127.0157674,37.571375450000005,127.01493245,148.94899370175497,,,,229028013,,,,,창신1동
종로52길,주거지 도로,37.5714483,127.0140975,37.5715574,127.0135518,37.57150285,127.01382465,49.60324366110531,,,,229028013,,,,,창신1동
종로54길,주거지 도로,37.5714483,127.0140975,37.5719267,127.0140546,37.5716875,127.01407605,53.41268004588037,,,,229028019,,,,,창신1동
난계로15길,주거지 도로,37.5685997,127.0234808,37.5686289,127.0231983,37.5686143,127.02333955,25.434484287253188,,,,229028024,,,,,황학동
마장로15길,주거지 도로,37.5681075,127.0221491,37.5683444,127.0220786,37.56822595,127.02211385,27.250098474125497,,,,229028018,,,,,황학동
마장로16길,주거지 도로,37.5681075,127.0221491,37.5674285,127.0222636,37.567768,127.02220635,76.71681637525603,,,,381807699,,,,,황학동
난계로17길,주거지 도로,37.5702153,127.0207823,37.5703902,127.0208793,37.57030275,127.0208308,21.244072889854426,,,,229028003,,,,,황학동
난계로17길,주거지 도로,37.5702153,127.0207823,37.569721,127.0201597,37.56996815,127.020471,78.28201063431906,,,,229028003,,,,,황학동
난계로17길,주거지 도로,37.5702153,127.0207823,37.5695632,127.0210268,37.56988925,127.02090455,79.42372856123913,,,,420078503,,,,,황학동
종로54길,주거지 도로,37.5719267,127.0140546,37.5724176,127.0138244,37.57217215,127.0139395,58.23396055616593,,,,229028019,,,,,창신1동
종로54길,주거지 도로,37.5719267,127.0140546,37.5714483,127.0140975,37.5716875,127.01407605,53.41268004588037,,,,229028019,,,,,창신1동
종로54길,주거지 도로,37.5719267,127.0140546,37.5721689,127.0156976,37.5720478,127.0148761,147.64722357565824,,,,379730388,,,,,창신1동
종로58길,주거지 도로,37.5734662,127.017574,37.5727953,127.0179651,37.57313075,127.01776955,82.178538349323,,,,229028014,20.0,1,,,숭인2동
종로54길,주거지 도로,37.5707339,127.0140965,37.5710602,127.0140897,37.57089705,127.0140931,36.287905010508595,,,,229028019,,,,,창신1동
종로54길,주거지 도로,37.5707339,127.0140965,37.5703199,127.0140951,37.5705269,127.0140958,46.034930018977754,,,,229028019,,,,,창신1동
종로44길,주거지 도로,37.5707339,127.0140965,37.5707527,127.0149906,37.5707433,127.01454355,78.8277478472753,,,,229028026,,,,,창신1동
종로44길,주거지 도로,37.5707339,127.0140965,37.5707287,127.013785,37.5707313,127.01394075,27.45962983209332,,,,229028026,,,,,창신1동
종로54길,주거지 도로,37.5710602,127.0140897,37.5714483,127.0140975,37.57125425,127.0140936,43.16028690324656,,,,229028019,,,,,창신1동
종로54길,주거지 도로,37.5710602,127.0140897,37.5707339,127.0140965,37.57089705,127.0140931,36.287905010508595,,,,229028019,,,,,창신1동
종로54길,주거지 도로,37.5710602,127.0140897,37.5710754,127.0135881,37.571067799999994,127.0138389,44.239791216988586,,,,416175116,,,,,창신1동
종로54길,주거지 도로,37.5710602,127.0140897,37.571019,127.014492,37.5710396,127.01429085,35.88664802224726,,,,379730370,,,,,창신1동
퇴계로87길,주거지 도로,37.5656172,127.0211736,37.5659171,127.0212176,37.56576715,127.0211956,33.572151245334844,,,,229028020,,,,,황학동
종로44길,주거지 도로,37.5707527,127.0149906,37.5707708,127.0158325,37.57076175,127.01541155,74.22673585320565,,,,229028026,,,,,창신1동
종로44길,주거지 도로,37.5707527,127.0149906,37.5707339,127.0140965,37.5707433,127.01454355,78.8277478472753,,,,229028026,,,,,창신1동
종로50라길,주거지 도로,37.5707527,127.0149906,37.5705846,127.0149955,37.57066865,127.01499305,18.696881641355503,,,,379730368,,,,,창신1동
마장로15길,주거지 도로,37.5683444,127.0220786,37.5685292,127.0220127,37.5684368,127.02204565,21.353924799261,,,,229028018,,,,,황학동
마장로15길,주거지 도로,37.5683444,127.0220786,37.5681075,127.0221491,37.56822595,127.02211385,27.250098474125497,,,,229028018,,,,,황학동
마장로15길,주거지 도로,37.5683444,127.0220786,37.5687236,127.0230563,37.568534,127.02256745,95.9346009647183,,,,229028021,,,,,황학동
난계로15길,주거지 도로,37.5689447,127.02194,37.5689542,127.0218679,37.568949450000005,127.02190395,6.441770489358455,,,,229028024,,,,,황학동
마장로15길,주거지 도로,37.5689447,127.02194,37.569152,127.0220474,37.56904835,127.0219937,25.15785574411697,,,,229028018,,,,,황학동
마장로15길,주거지 도로,37.5689447,127.02194,37.5685292,127.0220127,37.56873695,127.02197635,47.443824552638446,,,,229028018,,,,,황학동
난계로15길,주거지 도로,37.5689447,127.02194,37.5689493,127.0229039,37.568947,127.02242195,86.64690461701794,,,,229028024,,,,,황학동
종로44길,주거지 도로,37.5707708,127.0158325,37.5707527,127.0149906,37.57076175,127.01541155,74.22673585320565,,,,229028026,,,,,창신1동
지봉로2길,주거지 도로,37.5702487,127.0158477,37.5705918,127.0171691,37.57042025,127.0165084,122.7657598704624,,,,229028005,,,,,창신1동
종로50라길,주거지 도로,37.5702487,127.0158477,37.570214,127.014998,37.57023135,127.01542285,75.24052005096141,,,,379730391,,,,,창신1동
종로48길,주거지 도로,37.5716583,127.0108478,37.5716422,127.0116565,37.571650250000005,127.01125215,78.16886464940033,,,,379730331,,,,,창신1동
종로44길,주거지 도로,37.5716583,127.0108478,37.5708847,127.0106095,37.5712715,127.01072865,115.1208134700853,,,,"[229028026, 416175111]",,,,,창신1동
종로46길,주거지 도로,37.5716583,127.0108478,37.5708847,127.0106095,37.5712715,127.01072865,93.12094317904732,,,,770891519,,,True,,창신1동
종로51길,주거지 도로,37.5721736,127.0125157,37.5724558,127.0122717,37.5723147,127.0123937,38.04592609728056,,,,229028010,,,,,창신2동
종로58길,주거지 도로,37.5723844,127.0182195,37.5727953,127.0179651,37.57258985,127.0180923,50.901504846484144,,,,229028014,20.0,1,,,숭인2동
종로58길,주거지 도로,37.5723844,127.0182195,37.5717599,127.0185011,37.57207215,127.0183603,73.74768854318428,,,,229028014,20.0,1,,,숭인2동
난계로27길,주거지 도로,37.5723844,127.0182195,37.572635,127.0189292,37.5725097,127.01857435,68.47446036072297,,,,800601984,,,,,숭인2동
마장로9길,3차로,37.569824,127.0195598,37.5700136,127.0195311,37.5699188,127.01954545,21.23378567668542,,,,420078497,30.0,2,,,황학동
마장로9길,3차로,37.569824,127.0195598,37.5696208,127.0196062,37.5697224,127.019583,22.961933424976213,,,,420078497,30.0,2,,,황학동
난계로17길,주거지 도로,37.569824,127.0195598,37.5697459,127.0200146,37.56978495,127.0197872,41.013529259231746,,,,229028000,,,,,황학동
마장로13길,주거지 도로,37.5682938,127.0206704,37.5688327,127.0207986,37.56856325,127.0207345,60.99980108319588,,,,229027999,,,,,황학동
창신4길,주거지 도로,37.5736755,127.0100932,37.5736883,127.0103532,37.5736819,127.0102232,22.957927372683937,,,,416178718,,,,,창신2동
창신4나길,주거지 도로,37.5736755,127.0100932,37.5739064,127.0099572,37.57379095,127.0100252,31.415007713950285,,,,229028001,,,,,창신2동
낙산성곽1길,주거지 도로,37.5736755,127.0100932,37.573498,127.0100122,37.57358675,127.0100527,21.27364838974401,,,,379730408,,,,,창신2동
창신4길,주거지 도로,37.5736755,127.0100932,37.5735872,127.009575,37.57363135,127.0098341,46.75027202715599,,,,416178718,,,,,창신2동
창신4나길,주거지 도로,37.5747955,127.0098522,37.5743725,127.0099021,37.574584,127.00987715,47.24065309772177,,,,229028001,,,,,창신2동
난계로17길,주거지 도로,37.5694323,127.0221587,37.5694787,127.0217304,37.5694555,127.02194455,38.09913203522623,,,,229028000,,,,,황학동
난계로17길,주거지 도로,37.5694323,127.0221587,37.5693707,127.0227633,37.5694015,127.022461,53.72605328765665,,,,229028000,,,,,황학동
마장로15길,주거지 도로,37.5694323,127.0221587,37.569152,127.0220474,37.56929215,127.02210305,32.67519040625951,,,,229028018,,,,,황학동
난계로17길,주거지 도로,37.5694323,127.0221587,37.5701065,127.0224808,37.5697694,127.02231975,80.40810626213943,,,,379730392,,,,,황학동
퇴계로87길,주거지 도로,37.5661783,127.0210835,37.5664065,127.0210769,37.566292399999995,127.0210802,25.38138512981007,,,,229028020,,,,,황학동
퇴계로87길,주거지 도로,37.5661783,127.0210835,37.5659171,127.0212176,37.5660477,127.02115055,38.206369623592565,,,,229028020,,,,,황학동
퇴계로87길,주거지 도로,37.5661783,127.0210835,37.5661913,127.020672,37.5661848,127.02087775,36.30794086211476,,,,420080604,,,,,황학동
종로50길,주거지 도로,37.5707125,127.0126053,37.5705017,127.0126068,37.5706071,127.01260605,23.440296447431287,,,,229028022,,,,,창신1동
종로44길,주거지 도로,37.5707125,127.0126053,37.5707287,127.013785,37.5707206,127.01319515,103.98654270498174,,,,229028026,,,,,창신1동
종로44길,주거지 도로,37.5707125,127.0126053,37.5706955,127.0118794,37.570704,127.01224235,64.00394979370934,,,,229028026,,,,,창신1동
종로50길,주거지 도로,37.5707125,127.0126053,37.5711129,127.0126007,37.5709127,127.012603,44.54013451014731,,,,229028022,,,,,창신1동
지봉로4길,주거지 도로,37.571216,127.0175276,37.5707084,127.0174301,37.5709622,127.01747885,57.61502328540958,,,,379730376,,,,,창신1동
지봉로4길,주거지 도로,37.571216,127.0175276,37.5712768,127.0183826,37.5712464,127.0179551,75.87106731394354,,,,416175112,,,,,숭인2동
지봉로4길,주거지 도로,37.571216,127.0175276,37.5711763,127.0165637,37.57119615,127.01704565,85.95590670128709,,,,416175112,,,,,숭인2동
종로44길,주거지 도로,37.5708847,127.0106095,37.5706944,127.0114554,37.57078955,127.01103245,80.07062093263397,,,,229028026,,,,,창신1동
종로44길,주거지 도로,37.5708847,127.0106095,37.5716583,127.0108478,37.5712715,127.01072865,115.1208134700853,,,,"[229028026, 416175111]",,,,,창신1동
종로46가길,주거지 도로,37.5708847,127.0106095,37.5710057,127.0115475,37.5709452,127.0110785,84.84985504350807,,,,416175114,,,,,창신1동
종로46길,주거지 도로,37.5708847,127.0106095,37.5700535,127.0098231,37.5704691,127.0102163,126.06571650528376,,,,770891519,,,True,,창신1동
종로50길,주거지 도로,37.5701908,127.0126061,37.5705017,127.0126068,37.57034625,127.01260645,34.57060657869366,,,,229028022,,,,,창신1동
종로50길,주거지 도로,37.5701908,127.0126061,37.5699671,127.0126179,37.57007895,127.012612,24.896071295643463,,,,229028022,,,,,창신1동
종로50라길,주거지 도로,37.5701908,127.0126061,37.5702068,127.0140948,37.5701988,127.01335045,131.21713198050122,,,,379730391,,,,,창신1동
마장로9길,3차로,37.5708833,127.0191555,37.5706963,127.0193059,37.5707898,127.0192307,24.659084803528685,,,,420078497,30.0,2,,,황학동
마장로9길,3차로,37.5708833,127.0191555,37.5712256,127.0188579,37.57105445,127.0190067,46.23353763772679,,yes,,"[656123004, 732213458, 913173365, 656123005]",,,,,숭인2동
난계로17길,주거지 도로,37.5693049,127.0234562,37.5693257,127.0232375,37.5693153,127.02334685,19.413398441243917,,,,229028000,,,,,황학동
난계로15길,주거지 도로,37.5689493,127.0229039,37.5687236,127.0230563,37.56883645,127.0229801,28.465081985229393,,,,229028024,,,,,황학동
난계로15길,주거지 도로,37.5689493,127.0229039,37.5689447,127.02194,37.568947,127.02242195,86.64690461701792,,,,229028024,,,,,황학동
난계로17길,주거지 도로,37.5689493,127.0229039,37.5693257,127.0232375,37.5691375,127.0230707,52.427104257124434,,,,381809121,,,,,황학동
마장로13길,주거지 도로,37.5688327,127.0207986,37.5695632,127.0210268,37.56919795,127.0209127,83.70191659399958,,,,229027999,,,,,황학동
마장로13길,주거지 도로,37.5688327,127.0207986,37.5682938,127.0206704,37.56856325,127.0207345,60.99980108319588,,,,229027999,,,,,황학동
난계로15길,주거지 도로,37.5688327,127.0207986,37.5688451,127.0212375,37.5688389,127.02101805,40.24541571716781,,,,229028024,,,,,황학동
난계로15길,주거지 도로,37.5688327,127.0207986,37.5694351,127.0196267,37.5691339,127.02021265,124.10741956590212,,,,381809123,,,,,황학동
퇴계로,주거지 도로,37.5655021,127.0174192,37.565987,127.017335,37.565744550000005,127.0173771,54.54848277256115,,,,229028344,,,,,신당동
마장로9길,3차로,37.5700136,127.0195311,37.569824,127.0195598,37.5699188,127.01954545,21.23378567668542,,,,420078497,30.0,2,,,황학동
마장로9길,주거지 도로,37.5700136,127.0195311,37.5696189,127.0186531,37.56981625,127.0190921,88.96178493606384,,,,229028343,,,,,황학동
마장로9길,3차로,37.5700136,127.0195311,37.5703839,127.0194944,37.57019875,127.01951275,41.39202343523007,,,,420078497,30.0,2,,,황학동
마장로9길,3차로,37.5696208,127.0196062,37.569824,127.0195598,37.5697224,127.019583,22.961933424976213,,,,420078497,30.0,2,,,황학동
마장로5길,주거지 도로,37.5696208,127.0196062,37.5692584,127.0188677,37.5694396,127.01923695,76.55963807547215,,,,229028334,,,,,황학동
마장로7길,주거지 도로,37.5696208,127.0196062,37.5690872,127.0193748,37.569354,127.0194905,64.56140920098552,,,,381809117,,,,,황학동
마장로9길,3차로,37.5696208,127.0196062,37.5694351,127.0196267,37.56952795,127.01961645,20.79540699857815,,,,420078497,30.0,2,,,황학동
다산로46길,주거지 도로,37.5665328,127.0185689,37.5665067,127.0180066,37.56651975,127.01828775,49.64509208350531,,,,229028340,,,,,황학동
퇴계로83길,주거지 도로,37.5665328,127.0185689,37.5662711,127.0185922,37.56640195,127.01858055,29.172127637113903,,,,229028345,,,True,,황학동
퇴계로81길,주거지 도로,37.5655735,127.0181201,37.5661091,127.0180469,37.5658413,127.0180835,59.90773136304495,,,,229028337,30.0,1,,,황학동
다산로48길,주거지 도로,37.5671808,127.0161285,37.5672326,127.0168814,37.5672067,127.01650495,66.66864899736039,,,,229028338,,,,,신당동
퇴계로81길,주거지 도로,37.5665067,127.0180066,37.5661091,127.0180469,37.5663079,127.01802675,44.35362145165526,,,,229028337,30.0,1,,,황학동
퇴계로81길,주거지 도로,37.5665067,127.0180066,37.5669208,127.0179742,37.56671375,127.0179904,46.13435084597678,,,,229028337,30.0,1,,,황학동
다산로46길,주거지 도로,37.5665067,127.0180066,37.5665328,127.0185689,37.56651975,127.01828775,49.64509208350531,,,,229028340,,,,,황학동
다산로46길,주거지 도로,37.5665067,127.0180066,37.566472,127.0172594,37.56648935,127.017633,65.96993099045723,,,,229028340,,,,,신당동
마장로5길,주거지 도로,37.5688515,127.0184485,37.5687232,127.0184256,37.56878735,127.01843705,14.408390319712762,,,,229028334,,,,,황학동
마장로5길,주거지 도로,37.5688515,127.0184485,37.568862,127.0189139,37.56885675,127.0186812,41.03491104514614,,,,420086332,,,,,황학동
마장로5길,주거지 도로,37.5688515,127.0184485,37.5692584,127.0188677,37.56905495,127.0186581,60.17519549327376,,,,229028334,,,,,황학동
퇴계로83길,주거지 도로,37.5673099,127.0183772,37.5672999,127.0183822,37.5673049,127.0183797,1.1960935397058392,,,,229028345,,,True,,황학동
다산로48길,주거지 도로,37.5673099,127.0183772,37.5673005,127.0179406,37.5673052,127.0181589,38.52719469508447,,,,229028338,,,,,황학동
마장로9길,주거지 도로,37.5699015,127.0184695,37.5695893,127.0177787,37.5697454,127.0181241,70.08508022144382,,,,229028339,,,,,황학동
마장로5길,주거지 도로,37.5699015,127.0184695,37.5696189,127.0186531,37.569760200000005,127.0185613,35.34532011338695,,,,379730398,,,,,황학동
마장로5길,주거지 도로,37.5699015,127.0184695,37.5702139,127.0182327,37.5700577,127.0183511,40.5246468481254,,,,379730398,,,,,황학동
마장로9길,주거지 도로,37.5699015,127.0184695,37.5703839,127.0194944,37.570142700000005,127.01898195,105.05502968829398,,,,229028339,,,,,황학동
마장로5길,주거지 도로,37.5682904,127.0184029,37.5685463,127.0184157,37.56841835,127.0184093,28.477473426346968,,,,229028334,,,,,황학동
퇴계로83길,주거지 도로,37.5682904,127.0184029,37.5680048,127.0183627,37.5681476,127.0183828,31.954351293686727,,,,229028345,,,True,,황학동
마장로9길,주거지 도로,37.5703839,127.0194944,37.5699015,127.0184695,37.570142700000005,127.01898195,105.05502968829398,,,,229028339,,,,,황학동
마장로9길,3차로,37.5703839,127.0194944,37.5706963,127.0193059,37.5705401,127.01940015,38.96221138078752,,,,420078497,30.0,2,,,황학동
마장로9길,3차로,37.5703839,127.0194944,37.5700136,127.0195311,37.57019875,127.01951275,41.39202343523007,,,,420078497,30.0,2,,,황학동
난계로23길,주거지 도로,37.5703839,127.0194944,37.5704858,127.0206095,37.57043485,127.02005195,114.95542533398148,,,,420078499,,,True,,황학동
퇴계로81길,주거지 도로,37.5660288,127.0173371,37.5661091,127.0180469,37.56606895,127.017692,63.19495179858914,,,,229028335,,,,,신당동
퇴계로,주거지 도로,37.5660288,127.0173371,37.566472,127.0172594,37.5662504,127.01729825,49.755224327635986,,,,229028344,,,,,신당동
퇴계로,주거지 도로,37.5660288,127.0173371,37.565987,127.017335,37.5660079,127.01733605,4.651638421155374,,,,229028344,,,,,신당동
마장로9길,주거지 도로,37.5695893,127.0177787,37.5699015,127.0184695,37.5697454,127.0181241,70.08508022144382,,,,229028339,,,,,황학동
퇴계로81길,주거지 도로,37.5695893,127.0177787,37.5699957,127.0177262,37.5697925,127.01775245,45.425951206503974,,,,229028342,,,,,황학동
퇴계로81길,주거지 도로,37.5695893,127.0177787,37.5692363,127.0177984,37.569412799999995,127.01778855,39.290246404662994,,,,229028342,,,,,황학동
퇴계로81길,주거지 도로,37.5682235,127.0178772,37.5677325,127.0179063,37.567978,127.01789175,54.714508328243824,,,,229028337,30.0,1,,,황학동
퇴계로81길,주거지 도로,37.5682235,127.0178772,37.5692363,127.0177984,37.5687299,127.0178378,112.83232749666703,,,,229028342,,,,,황학동
퇴계로84길,주거지 도로,37.5656286,127.0186305,37.5650925,127.0188816,37.565360549999994,127.01875605,63.83944214812379,,,,381802851,,,,,신당5동
퇴계로81길,주거지 도로,37.5673005,127.0179406,37.5669208,127.0179742,37.56711065,127.0179574,42.32450512768505,,,,229028337,30.0,1,,,황학동
퇴계로81길,주거지 도로,37.5673005,127.0179406,37.5677325,127.0179063,37.5675165,127.01792345,48.15727983166631,,,,229028337,30.0,1,,,황학동
다산로48길,주거지 도로,37.5673005,127.0179406,37.5673099,127.0183772,37.5673052,127.0181589,38.52719469508447,,,,229028338,,,,,황학동
다산로48길,주거지 도로,37.5673005,127.0179406,37.5672326,127.0168814,37.56726655,127.017411,94.08786795526724,,,,229028338,,,,,신당동
퇴계로81길,주거지 도로,37.5692363,127.0177984,37.5695893,127.0177787,37.569412799999995,127.01778855,39.290246404662994,,,,229028342,,,,,황학동
마장로9길,주거지 도로,37.5692363,127.0177984,37.5696189,127.0186531,37.5694276,127.01822575,86.5122562870334,,,,229028343,,,,,황학동
퇴계로81길,주거지 도로,37.5692363,127.0177984,37.5682235,127.0178772,37.5687299,127.0178378,112.83232749666703,,,,229028342,,,,,황학동
퇴계로81길,주거지 도로,37.5661091,127.0180469,37.5661442,127.0186054,37.56612665,127.01832615,49.380008474874685,,,,229028335,,,,,황학동
퇴계로81길,주거지 도로,37.5661091,127.0180469,37.5660288,127.0173371,37.56606895,127.017692,63.19495179858914,,,,229028335,,,,,신당동
퇴계로81길,주거지 도로,37.5661091,127.0180469,37.5665067,127.0180066,37.5663079,127.01802675,44.35362145165526,,,,229028337,30.0,1,,,황학동
퇴계로81길,주거지 도로,37.5661091,127.0180469,37.5655735,127.0181201,37.5658413,127.0180835,59.90773136304495,,,,229028337,30.0,1,,,황학동
다산로46길,주거지 도로,37.5664224,127.016193,37.5664599,127.0170732,37.56644115,127.0166331,77.695477479237,,,,229028340,,,,,신당동
다산로42길,주거지 도로,37.5643583,127.0187491,37.5642879,127.0190016,37.5643231,127.01887535,23.592178154492252,,,,117770536,30.0,1,True,,신당5동
다산로42나길,주거지 도로,37.5643583,127.0187491,37.5635329,127.0182631,37.5639456,127.0185061,101.28489577717627,,,,420092891,,,True,,신당5동
다산로46길,주거지 도로,37.566472,127.0172594,37.5665067,127.0180066,37.56648935,127.017633,65.96993099045723,,,,229028340,,,,,신당동
퇴계로,주거지 도로,37.566472,127.0172594,37.5660288,127.0173371,37.5662504,127.01729825,49.755224327635986,,,,229028344,,,,,신당동
다산로46길,주거지 도로,37.566472,127.0172594,37.5664599,127.0170732,37.566465949999994,127.0171663,16.469684442187962,,,,229028340,,,,,신당동
퇴계로81길,주거지 도로,37.5701134,127.0176192,37.5699957,127.0177262,37.570054549999995,127.0176727,16.131289910521193,,,,229028342,,,,,신당동
퇴계로83길,주거지 도로,37.5670412,127.0185119,37.5668192,127.0185377,37.5669302,127.0185248,24.78982329850233,,,,229028345,,,True,,황학동
퇴계로83길,주거지 도로,37.5670412,127.0185119,37.5670749,127.0189365,37.56705805,127.0187242,37.61041341840929,,,,420086343,,,,,황학동
마장로5길,주거지 도로,37.5687232,127.0184256,37.5688515,127.0184485,37.56878735,127.01843705,14.408390319712762,,,,229028334,,,,,황학동
마장로5길,주거지 도로,37.5687232,127.0184256,37.5685463,127.0184157,37.56863475,127.01842065,19.689753077805054,,,,229028334,,,,,황학동
마장로5길,주거지 도로,37.5687232,127.0184256,37.5687495,127.0189171,37.56873635,127.01867135,43.41730783692725,,,,420086333,,,,,황학동
퇴계로81길,주거지 도로,37.5699957,127.0177262,37.5695893,127.0177787,37.5697925,127.01775245,45.425951206503974,,,,229028342,,,,,황학동
퇴계로81길,주거지 도로,37.5699957,127.0177262,37.5701134,127.0176192,37.570054549999995,127.0176727,16.131289910521193,,,,229028342,,,,,신당동
마장로9길,주거지 도로,37.5699957,127.0177262,37.5702139,127.0182327,37.5701048,127.01797945,51.020746163468345,,,,379730396,,,,,황학동
남대문로9길,주거지 도로,37.5667273,126.9826884,37.5667216,126.9815651,37.566724449999995,126.98212675,99.00755720127889,,,,1002205303,,,,,명동
장충단로13길,3차로,37.5679697,127.0072085,37.5680707,127.0066452,37.5680202,127.00692685,50.901728087702224,,,,607077076,,,,,광희동
장충단로13길,3차로,37.5679697,127.0072085,37.5678599,127.0076738,37.5679148,127.00744115,42.788846595627945,,,,607077076,,,,,광희동
두텁바위로,주거지 도로,37.5413027,126.9796115,37.5416451,126.9794664,37.5414739,126.97953895,40.165078897452936,,,,216477877,,,,,용산2가동
한강대로67길,주거지 도로,37.5374357,126.9724616,37.5363746,126.9720108,37.53690515,126.9722362,124.50452284692514,,,,229505085,,,,,한강로동
한강대로67길,주거지 도로,37.5374357,126.9724616,37.5376053,126.973839,37.5375205,126.9731503,123.39960054197752,,,,229505085,,,,,한강로동
신흥로,3차로,37.5381718,126.9867536,37.5388092,126.9866822,37.5384905,126.9867179,71.48492708256029,,,,37403309,,,,,용산2가동
신흥로,주거지 도로,37.5356175,126.9755685,37.5346149,126.975794,37.5351162,126.97568125,124.38979391625163,,,,229505087,,,,,남영동
신흥로,주거지 도로,37.5356175,126.9755685,37.5365871,126.9750735,37.5361023,126.975321,125.3531420473808,,,,363988292,,,True,,남영동
한강대로67길,주거지 도로,37.5363746,126.9720108,37.5374357,126.9724616,37.53690515,126.9722362,124.50452284692514,,,,229505085,,,,,한강로동
두텁바위로,주거지 도로,37.5416451,126.9794664,37.5413027,126.9796115,37.5414739,126.97953895,40.165078897452936,,,,216477877,,,,,용산2가동
두텁바위로,주거지 도로,37.5416451,126.9794664,37.5416177,126.9796677,37.5416314,126.97956705,18.00778616712097,,,,363988317,,,,,용산2가동
두텁바위로,주거지 도로,37.5416451,126.9794664,37.5429594,126.9791948,37.54230225,126.9793306,148.74197116142125,,,,216477877,,,,,용산2가동
두텁바위로,주거지 도로,37.5216608,126.990767,37.5202974,126.9892891,37.5209791,126.99002805,201.146011758908,,,,913509926,,,True,,서빙고동
녹사평대로,주거지 도로,37.5333628,126.9888999,37.5332821,126.9905399,37.53332245,126.9897199,144.89021515100364,,,,239287512,,,,,이태원1동
사평대로12길,주거지 도로,37.4981328,126.9928918,37.4976575,126.993003,37.497895150000005,126.9929474,53.94174331550114,,,,230067322,,,,,반포4동
동광로27길,주거지 도로,37.4966126,126.9927782,37.496606,126.992627,37.4966093,126.9927026,13.359188025531402,,,,230067369,,,,,방배본동
사평대로12길,주거지 도로,37.4966126,126.9927782,37.4976575,126.993003,37.49713505,126.9928906,125.27845818822544,,,,230067322,,,,,반포4동
동광로27길,주거지 도로,37.4966126,126.9927782,37.4955629,126.9939243,37.49608775,126.99335125,257.096962864838,,,,256650670,,,,,반포4동
사평대로12길,주거지 도로,37.4955629,126.9939243,37.496606,126.992627,37.49608445,126.99327565,277.52263378143516,,,,230067377,,,,,방배본동
동광로27길,주거지 도로,37.4955629,126.9939243,37.4943852,126.994901,37.49497405,126.99441265,178.80142438594092,,,,256650670,,,,,방배본동
동광로27길,주거지 도로,37.4955629,126.9939243,37.4966126,126.9927782,37.49608775,126.99335125,257.09696286483796,,,,256650670,,,,,반포4동
동광로,3차로,37.4939221,126.9949801,37.4937729,126.9939566,37.4938475,126.99446835,91.80894344933084,,,,230067479,,,,,방배4동
동광로,3차로,37.4939221,126.9949801,37.4939869,126.9954245,37.4939545,126.9952023,39.86341581446496,,,,230067479,,,,,방배4동
동광로27길,주거지 도로,37.4939221,126.9949801,37.4943852,126.994901,37.49415365,126.99494055,55.27659602903802,,,,256650670,,,,,방배본동
동광로33길,주거지 도로,37.4943852,126.994901,37.4947853,126.996216,37.49458525,126.9955585,125.72377782213496,,,,230067425,,,,,반포4동
동광로27길,주거지 도로,37.4943852,126.994901,37.4939221,126.9949801,37.49415365,126.99494055,55.27659602903802,,,,256650670,,,,,방배본동
동광로27길,주거지 도로,37.4943852,126.994901,37.4955629,126.9939243,37.49497405,126.99441265,178.80142438594095,,,,256650670,,,,,방배본동
사평대로6길,주거지 도로,37.4943852,126.994901,37.4968283,126.9913398,37.49560675,126.9931204,499.56678860064585,,,,"[230067368, 1112447326]",,,,,방배본동
사평대로6길,주거지 도로,37.4968283,126.9913398,37.4981824,126.9906916,37.49750535,126.9910157,167.52850554943132,,,,230067368,,,,,반포4동
사평대로6길,주거지 도로,37.4968283,126.9913398,37.4943852,126.994901,37.49560675,126.9931204,499.5667886006459,,,,"[230067368, 1112447326]",,,,,방배본동
동광로27길,주거지 도로,37.4968283,126.9913398,37.496606,126.992627,37.496717149999995,126.9919834,118.39875233597218,,,,230067369,,,,,방배본동
사평대로6길,주거지 도로,37.4981824,126.9906916,37.4968283,126.9913398,37.49750535,126.9910157,167.52850554943132,,,,230067368,,,,,반포4동
동광로27길,주거지 도로,37.496606,126.992627,37.4966126,126.9927782,37.4966093,126.9927026,13.359188025531402,,,,230067369,,,,,방배본동
동광로27길,주거지 도로,37.496606,126.992627,37.4968283,126.9913398,37.496717149999995,126.9919834,118.39875233597218,,,,230067369,,,,,방배본동
사평대로12길,주거지 도로,37.496606,126.992627,37.4955629,126.9939243,37.49608445,126.99327565,277.52263378143516,,,,230067377,,,,,방배본동
사평대로20길,주거지 도로,37.4947853,126.996216,37.4941992,126.9965057,37.49449224999999,126.99636085,70.00389647558038,,,,230067488,,,,,반포4동
동광로33길,주거지 도로,37.4947853,126.996216,37.4948516,126.9973641,37.49481845,126.99679005,102.02400927858584,,,,230067425,,,,,반포4동
동광로33길,주거지 도로,37.4947853,126.996216,37.4943852,126.994901,37.49458525,126.9955585,125.723777822135,,,,230067425,,,,,반포4동
사평대로20길,주거지 도로,37.4947853,126.996216,37.4961269,126.9964837,37.4954561,126.99634985,155.47754636270346,,,,256636941,,,,,반포4동
사평대로22길,주거지 도로,37.4948516,126.9973641,37.496141,126.9974994,37.4954963,126.99743175,143.87096030491304,,,,256636938,,,,,반포4동
동광로33길,주거지 도로,37.4948516,126.9973641,37.4947853,126.996216,37.49481845,126.99679005,102.02400927858584,,,,230067425,,,,,반포4동
동광로,3차로,37.4948516,126.9973641,37.4946191,126.9971048,37.49473535,126.99723445,34.68768715636456,,,,257244397,,,,,반포4동
동광로,3차로,37.4948516,126.9973641,37.4949993,126.9979682,37.49492545,126.99766615,56.94112519346636,,,,523341063,,,,,반포4동
동광로,3차로,37.4941062,126.9962656,37.4939869,126.9954245,37.49404655,126.99584505,75.38163650803135,,,,230067479,,,,,방배4동
동광로,3차로,37.4941062,126.9962656,37.494211,126.9967186,37.4941586,126.9964921,41.629714757914606,,,,230067483,,,True,,반포4동
동광로,3차로,37.4941992,126.9965057,37.4941062,126.9962656,37.4941527,126.99638565,23.572017356529017,,,,230067478,,,True,,반포4동
사평대로20길,주거지 도로,37.4941992,126.9965057,37.4947853,126.996216,37.49449224999999,126.99636085,70.00389647558038,,,,230067488,,,,,반포4동
신반포로16길,3차로,37.4994939,126.996853,37.5031505,126.995199,37.5013222,126.996026,432.054234272395,,yes,,"[604527965, 604527964, 230071181]",,,,,반포2동
반포대로20길,주거지 도로,37.4875366,127.009819,37.4874935,127.0096941,37.48751505,127.00975655,12.017142448005892,,,,230073204,,,,,서초3동
반포대로20길,주거지 도로,37.4875366,127.009819,37.4876904,127.0103155,37.487613499999995,127.01006725,47.02728912925831,,,,230073204,,,,,서초3동
서초대로50길,주거지 도로,37.4887493,127.0138554,37.4881672,127.0139583,37.48845825,127.01390685,65.36028825260578,,,,228171772,,,,,서초3동
서초대로50길,주거지 도로,37.4887493,127.0138554,37.4889285,127.0138384,37.488838900000005,127.0138469,19.982531160512572,,,,228171772,,,,,서초3동
반포대로20길,주거지 도로,37.4887493,127.0138554,37.4883427,127.0124985,37.488546,127.01317695,127.97263346485688,,,,230073204,,,,,서초3동
반포대로24길,주거지 도로,37.4890034,127.0145164,37.4889285,127.0138384,37.48896595,127.0141774,60.39694857283514,,,,230073205,,,,,서초3동
반포대로24길,주거지 도로,37.4892645,127.0089423,37.4892297,127.0088191,37.4892471,127.0088807,11.538128349896551,,,,230073205,,,,,서초3동
반포대로24길,주거지 도로,37.4892645,127.0089423,37.489437,127.0094573,37.48935075,127.0091998,49.32088045987024,,,,230073205,,,,,서초3동
반포대로20길,주거지 도로,37.4877455,127.0105055,37.4879417,127.0111604,37.487843600000005,127.01083295,61.76407036634585,,,,230073204,,,,,서초3동
반포대로20길,주거지 도로,37.4877455,127.0105055,37.4876904,127.0103155,37.48771795,127.0104105,17.848514505466387,,,,230073204,,,,,서초3동
서초대로42길,주거지 도로,37.4877455,127.0105055,37.4881639,127.010309,37.4879547,127.01040725,49.64948500400438,,,,230073206,,,,,서초3동
서초대로42길,주거지 도로,37.4920673,127.0084147,37.4914723,127.008707,37.4917698,127.00856085,71.00945879623464,,,,230073206,,,,,서초3동
서초대로41길,주거지 도로,37.4920673,127.0084147,37.4926796,127.0081236,37.49237345,127.00826915,72.76763371564678,,,,310011942,,,,,서초3동
반포대로28길,주거지 도로,37.4921691,127.0139675,37.4921282,127.0135722,37.49214865,127.01376985,35.17111922957561,,,,230280907,,,,,서초3동
서초중앙로20길,주거지 도로,37.4921691,127.0139675,37.4922607,127.0147246,37.4922149,127.01434605,67.56877360076184,,,,379452240,,,,,서초1동
서초대로50길,주거지 도로,37.4920773,127.0130799,37.4916509,127.0132737,37.4918641,127.0131768,50.402383997950054,,,,228171772,,,,,서초3동
서초대로50길,주거지 도로,37.4920773,127.0130799,37.4927197,127.0127703,37.4923985,127.0129251,76.4760552400062,,,,228171772,,,,,서초3동
반포대로28길,주거지 도로,37.4920773,127.0130799,37.4918812,127.0125694,37.49197925,127.01282465,50.04038475812549,,,,230280907,,,,,서초3동
반포대로28길,주거지 도로,37.4920773,127.0130799,37.4921282,127.0135722,37.49210275,127.01332605,43.80102939863177,,,,230280907,,,,,서초3동
서초대로46길,주거지 도로,37.4909964,127.0104481,37.4905414,127.0107291,37.4907689,127.0105886,56.34158366161042,,,,228171771,,,,,서초3동
서초대로46길,주거지 도로,37.4909964,127.0104481,37.491497,127.0101966,37.491246700000005,127.01032235,59.92386133848199,,,,228171771,,,,,서초3동
반포대로28길,주거지 도로,37.4909964,127.0104481,37.4906954,127.0097372,37.4908459,127.01009265,71.09264654952106,,,,230280907,,,,,서초3동
반포대로28길,주거지 도로,37.4909964,127.0104481,37.4914341,127.011444,37.49121525,127.01094605,100.4447487495112,,,,230280907,,,,,서초3동
서초대로42길,주거지 도로,37.4904646,127.0091921,37.4914723,127.008707,37.49096845,127.00894955,119.94692757468466,,,,230073206,,,,,서초3동
서초대로42길,주거지 도로,37.4904646,127.0091921,37.4899746,127.0094358,37.4902196,127.00931395,58.574613733824066,,,,230073206,,,,,서초3동
반포대로28길,주거지 도로,37.4904646,127.0091921,37.4906345,127.0095933,37.49054955,127.0093927,40.12314264154386,,,,230280907,,,,,서초3동
반포대로28길,주거지 도로,37.4904646,127.0091921,37.4902295,127.0085072,37.49034705,127.00884965,65.83996187380592,,,,230280907,,,,,서초3동
반포대로28길,주거지 도로,37.4902295,127.0085072,37.4901809,127.0083425,37.4902052,127.00842485,15.50358499815388,,,,230280907,,,,,서초3동
반포대로28길,주거지 도로,37.4902295,127.0085072,37.4904646,127.0091921,37.49034705,127.00884965,65.83996187380592,,,,230280907,,,,,서초3동
반포대로22길,주거지 도로,37.4885191,127.0093162,37.4886775,127.009838,37.4885983,127.0095771,49.29285985726795,,,,230280908,,,,,서초3동
반포대로21길,주거지 도로,37.4885191,127.0093162,37.4884836,127.0091952,37.48850135,127.0092557,11.382310732173906,,,,304388495,,,,,서초3동
서초대로42길,주거지 도로,37.4887502,127.0100337,37.4895076,127.009668,37.4891289,127.00985085,90.188349982672,,,,230073206,,,,,서초3동
서초대로42길,주거지 도로,37.4887502,127.0100337,37.4881639,127.010309,37.48845705,127.01017135,69.5716495853741,,,,230073206,,,,,서초3동
반포대로22길,주거지 도로,37.4887502,127.0100337,37.4886775,127.009838,37.48871385,127.00993585,19.065340217697873,,,,230280908,,,,,서초3동
반포대로22길,주거지 도로,37.4887502,127.0100337,37.4888822,127.0101919,37.4888162,127.0101128,21.51352494971988,,,,230280908,,,,,서초3동
서초대로48길,주거지 도로,37.4906654,127.0123335,37.4904148,127.012498,37.4905401,127.01241575,31.41859433805295,,,,228171773,,,,,서초3동
서초대로48길,주거지 도로,37.4906654,127.0123335,37.4910981,127.0120304,37.49088175,127.01218195,55.04628574692173,,,,228171773,,,,,서초3동
반포대로22길,주거지 도로,37.4906654,127.0123335,37.4908834,127.012668,37.4907744,127.01250075,38.19129312979586,,,,230280908,,,,,서초3동
반포대로22길,주거지 도로,37.4906654,127.0123335,37.4903854,127.0116705,37.4905254,127.012002,66.2650980756421,,,,230280908,,,,,서초3동
반포대로22길,주거지 도로,37.4939698,127.0066745,37.4941902,127.0076517,37.49408,127.0071631,90.09024534081826,,,,230282419,,,,,서초3동
반포대로22길,주거지 도로,37.4941902,127.0076517,37.4945976,127.0095637,37.4943939,127.0086077,176.37413558005647,,,,230282419,,,,,서초3동
반포대로22길,주거지 도로,37.4941902,127.0076517,37.4945976,127.0095637,37.4943939,127.0086077,218.93218837190693,,,,230282420,,,,,서초3동
반포대로22길,주거지 도로,37.4941902,127.0076517,37.4939698,127.0066745,37.49408,127.0071631,90.09024534081826,,,,230282419,,,,,서초3동
법원로,3차로,37.4946706,127.0102075,37.4945598,127.0101641,37.4946152,127.0101858,12.901668807946574,,,,200395437,,,True,,서초3동
법원로,주거지 도로,37.4946706,127.0102075,37.4948423,127.0108033,37.49475645,127.0105054,55.9233424453211,,,,307984298,,,,,서초3동
법원로,주거지 도로,37.4946706,127.0102075,37.4945976,127.0095637,37.4946341,127.0098856,58.9489292500828,,,,230282419,,,,,서초3동
법원로,주거지 도로,37.4945976,127.0095637,37.4946706,127.0102075,37.4946341,127.0098856,58.9489292500828,,,,230282419,,,,,서초3동
법원로,주거지 도로,37.4945976,127.0095637,37.4941902,127.0076517,37.4943939,127.0086077,176.37413558005647,,,,230282419,,,,,서초3동
법원로,주거지 도로,37.4945976,127.0095637,37.4941902,127.0076517,37.4943939,127.0086077,218.93218837190693,,,,230282420,,,,,서초3동
화곡로,3차로,37.539181,126.8218221,37.5393438,126.82595,37.5392624,126.82388605,364.4094971926391,,,,464989578,,7,,,신월3동
공항대로63길,주거지 도로,37.5500816,126.8668893,37.5510034,126.8667218,37.5505425,126.86680555,104.19836683648344,,,,231679938,,,,,염창동
공항대로65길,주거지 도로,37.5500816,126.8668893,37.550115,126.8671592,37.5500983,126.86702425,24.132102415097776,,,,465558084,,,,,염창동
공항대로63길,주거지 도로,37.5510034,126.8667218,37.5500816,126.8668893,37.5505425,126.86680555,104.19836683648344,,,,231679938,,,,,염창동
공항대로63길,주거지 도로,37.5510034,126.8667218,37.552525,126.8663575,37.5517642,126.86653965,172.2153932847781,,,,231679938,,,,,염창동
공항대로61길,주거지 도로,37.5510034,126.8667218,37.5515924,126.8654489,37.551297899999994,126.86608535,129.9334583518373,,,,289365559,,,,,염창동
회기로21길,주거지 도로,37.5919144,127.0531797,37.5917234,127.0530628,37.5918189,127.05312125,23.604048204995156,,,,231774406,,,,,회기동
회기로21길,주거지 도로,37.5919144,127.0531797,37.5922949,127.0532861,37.59210465,127.0532329,43.335876084010906,,,,231774406,,,,,회기동
회기로21길,주거지 도로,37.5919144,127.0531797,37.5917991,127.0534676,37.591856750000005,127.05332365,28.422293221678068,,,,330548297,,,,,회기동
회기로21길,주거지 도로,37.5919144,127.0531797,37.5919709,127.0528375,37.59194265,127.0530086,30.79823752524953,,,,330548298,,,,,회기동
경희대로4길,주거지 도로,37.5913753,127.0568599,37.5912999,127.0560965,37.5913376,127.0564782,71.66704316758536,,,,379738948,,,,,회기동
이문로6길,주거지 도로,37.5913753,127.0568599,37.5912716,127.0581049,37.59132345,127.0574824,111.0175541289628,,,,379781982,,,,,휘경1동
회기로25길,주거지 도로,37.5911138,127.0556607,37.5912189,127.0559696,37.59116635,127.05581515,29.619885410549063,,,,231774407,,,,,회기동
회기로25길,주거지 도로,37.5911138,127.0556607,37.591032,127.0553717,37.5910729,127.0555162,27.039357577397457,,,,231774407,,,,,회기동
회기로25길,주거지 도로,37.5911138,127.0556607,37.5914034,127.0549846,37.5912586,127.05532265,67.71723522283682,,,,379738994,,,,,회기동
회기로25길,주거지 도로,37.5912999,127.0560965,37.5921812,127.0567091,37.59174055,127.0564028,111.87756488421974,,,,231774407,,,,,이문1동
회기로25길,주거지 도로,37.5912999,127.0560965,37.5912189,127.0559696,37.5912594,127.05603305,14.357511395139063,,,,231774407,,,,,이문1동
경희대로4길,주거지 도로,37.5912999,127.0560965,37.5913753,127.0568599,37.5913376,127.0564782,71.66704316758536,,,,379738948,,,,,회기동
회기로21길,주거지 도로,37.5924041,127.0532942,37.5922949,127.0532861,37.5923495,127.05329015,12.16345804658024,,,,231774406,,,,,회기동
경희대로4길,주거지 도로,37.5924041,127.0532942,37.5920147,127.0541682,37.5922094,127.0537312,88.34484165698312,,,,231774408,,,,,회기동
경희대로4길,주거지 도로,37.5924041,127.0532942,37.592446,127.0529508,37.59242505,127.0531225,30.612796018889306,,,,231774408,,,,,회기동
회기로21길,주거지 도로,37.5924041,127.0532942,37.5927249,127.0530507,37.5925645,127.05317245,43.07705728385379,,,,231774406,,,,,회기동
자하문로,3차로,37.5763145,126.9725345,37.5759481,126.9726159,37.5761313,126.9725752,41.3685905796653,,,,37402453,,,,,사직동
자하문로,3차로,37.5763145,126.9725345,37.5765312,126.9725004,37.57642285,126.97251745,24.28264251310655,,,,237899608,,,,,사직동
한천로73길,주거지 도로,37.6094674,127.0609968,37.6095434,127.0613895,37.6095054,127.06119315,35.60925534992155,,,,232490703,,,,,석관동
돌곶이로22나길,주거지 도로,37.6094674,127.0609968,37.609168,127.0610802,37.6093177,127.0610385,34.09275185318587,,,,232490704,,,,,석관동
돌곶이로22나길,주거지 도로,37.6094674,127.0609968,37.6095362,127.060978,37.6095018,127.0609874,7.827411806249931,,,,232490704,,,,,석관동
돌곶이로22가길,주거지 도로,37.6103235,127.0596005,37.610135,127.0596621,37.61022925,127.0596313,21.651235340206405,,,,232490705,,,,,석관동
한천로73길,주거지 도로,37.6099649,127.0635666,37.6098937,127.0631987,37.609929300000005,127.06338265,33.3602504693485,,,,232490703,,,,,석관동
한천로,3차로,37.6099649,127.0635666,37.60958,127.06394,37.60977245,127.0637533,53.97795650581936,,,,518807040,,,,,석관동
한천로,3차로,37.6099649,127.0635666,37.61055,127.06303,37.610257450000006,127.0632983,80.41783581303912,,,,518807040,,,,,석관동
돌곶이로22가길,주거지 도로,37.6084217,127.0601404,37.6088274,127.0600271,37.60862455,127.06008375,46.20267876305294,,,,232490705,,,,,석관동
돌곶이로14길,주거지 도로,37.6084217,127.0601404,37.6085063,127.0606221,37.608464,127.06038125,43.462576427655264,,,,232490706,,,,,석관동
돌곶이로14길,주거지 도로,37.6084217,127.0601404,37.6083156,127.0596526,37.60836865,127.0598965,44.67498064634421,,,,232490706,,,,,석관동
돌곶이로14길,주거지 도로,37.6084217,127.0601404,37.6081937,127.0603923,37.6083077,127.06026635,35.13785513951835,,,,379747424,,,,,석관동
돌곶이로22나길,주거지 도로,37.6105889,127.0606902,37.610258,127.0607807,37.61042345,127.06073545,37.64812934877327,,,,232490704,,,,,석관동
돌곶이로14길,주거지 도로,37.6083156,127.0596526,37.6084217,127.0601404,37.60836865,127.0598965,44.67498064634421,,,,232490706,,,,,석관동
한천로76가길,주거지 도로,37.6091865,127.065088,37.6093107,127.0650574,37.6092486,127.0650727,14.071019938424868,,,,232490829,,,,,석관동
한천로70길,주거지 도로,37.6091865,127.065088,37.6091661,127.0648613,37.6091763,127.06497465,20.09793684856951,,,,232490830,,,,,석관동
한천로70길,주거지 도로,37.6091865,127.065088,37.6092167,127.0653851,37.6092016,127.06523655,26.385455718676393,,,,232490830,,,,,석관동
돌곶이로8바길,주거지 도로,37.6070476,127.0641537,37.607684,127.0640628,37.6073658,127.06410825,71.21614883371839,,,,232490922,,,,,석관동
돌곶이로14길,주거지 도로,37.6088382,127.0625805,37.6087815,127.0622439,37.60880985,127.0624122,30.31341389659452,,,,232490706,,,,,석관동
돌곶이로14길,주거지 도로,37.6088382,127.0625805,37.6088542,127.0626732,37.6088462,127.06262685,8.357345814333238,,,,232490706,,,,,석관동
돌곶이로8다길,주거지 도로,37.6088382,127.0625805,37.6086272,127.0624994,37.6087327,127.06253995,24.52568736253558,,,,232490919,,,,,석관동
돌곶이로14길,주거지 도로,37.6088382,127.0625805,37.6096023,127.0616935,37.60922025,127.062137,115.62479327689717,,,,780381017,,,,,석관동
한천로67길,주거지 도로,37.607684,127.0640628,37.6077301,127.0643467,37.60770705,127.06420475,25.528583703774864,,,,232490921,,,,,석관동
돌곶이로8바길,주거지 도로,37.607684,127.0640628,37.6070476,127.0641537,37.6073658,127.06410825,71.21614883371839,,,,232490922,,,,,석관동
돌곶이로8바길,주거지 도로,37.607684,127.0640628,37.6080538,127.0639892,37.6078689,127.064026,41.62792135075766,,,,232490922,,,,,석관동
돌곶이로8가길,주거지 도로,37.6068448,127.0616698,37.6071176,127.0616147,37.6069812,127.06164225,30.71989443290512,,,,232490920,,,,,석관동
한천로69길,주거지 도로,37.6078447,127.0626801,37.6078922,127.0629775,37.60786845,127.0628288,26.724914507294702,,,,232490918,,,,,석관동
돌곶이로8다길,주거지 도로,37.6078447,127.0626801,37.6077465,127.0626976,37.6077956,127.06268885,11.027637446879584,,,,232490919,,,,,석관동
돌곶이로8다길,주거지 도로,37.6078447,127.0626801,37.6086272,127.0624994,37.60823595,127.06258975,88.45416387557434,,,,232490919,,,,,석관동
돌곶이로14길,주거지 도로,37.609084,127.063816,37.6090477,127.0636516,37.60906585,127.0637338,15.033660618945916,,,,232490706,,,,,석관동
돌곶이로14길,주거지 도로,37.609084,127.063816,37.6091075,127.0639429,37.60909575,127.06387945,11.479718556231376,,,,232490706,,,,,석관동
돌곶이로8바길,주거지 도로,37.609084,127.063816,37.6088281,127.0638591,37.60895605,127.06383755,28.70698595772041,,,,232490922,,,,,석관동
한천로,3차로,37.6079793,127.0654652,37.6071793,127.0659697,37.6075793,127.06571745,99.439471873412,,,,518807040,,,,,석관동
한천로,3차로,37.6079793,127.0654652,37.6082312,127.0652066,37.608105249999994,127.0653359,36.103791650169015,,,,518807040,,,,,석관동
한천로68길,주거지 도로,37.6079793,127.0654652,37.608118,127.065805,37.60804865,127.0656351,34.11797739395276,,,,216881810,,,,,석관동
한천로67길,주거지 도로,37.6079793,127.0654652,37.6078079,127.064827,37.6078936,127.0651461,61.111052717356216,,,,232490921,,,,,석관동
돌곶이로22나길,주거지 도로,37.6086138,127.0612345,37.609168,127.0610802,37.6088909,127.06115735,63.10545854503129,,,,232490704,,,,,석관동
돌곶이로14길,주거지 도로,37.6086138,127.0612345,37.6085063,127.0606221,37.60856005,127.0609283,55.25392664855987,,,,232490706,,,,,석관동
돌곶이로14길,주거지 도로,37.6086138,127.0612345,37.6086492,127.0614477,37.6086315,127.0613411,19.18854925077103,,,,232490706,,,,,석관동
돌곶이로8가길,주거지 도로,37.6086138,127.0612345,37.6083717,127.061304,37.60849275,127.06126925,27.60769851540251,,,,232490920,,,,,석관동
대학로11길,주거지 도로,37.582341,127.0019366,37.582844,126.9990223,37.5825925,127.00047945,290.1928547533755,,,,232594130,,,,,혜화동
대명길,주거지 도로,37.5826457,126.9984427,37.582844,126.9990223,37.58274485,126.9987325,56.29452788461545,,,,1317543417,,,True,,혜화동
대학로11길,주거지 도로,37.582844,126.9990223,37.5829862,126.998841,37.5829151,126.99893165,22.477742205324382,,,,232594130,,,,,혜화동
대학로11길,주거지 도로,37.582844,126.9990223,37.582341,127.0019366,37.5825925,127.00047945,290.1928547533755,,,,232594130,,,,,혜화동
대명길,주거지 도로,37.582844,126.9990223,37.5837502,127.0016014,37.5832971,127.00031185,250.3949230042374,,,,232594200,,,,,혜화동
대명길,주거지 도로,37.5837502,127.0016014,37.582844,126.9990223,37.5832971,127.00031185,250.39492300423743,,,,232594200,,,,,혜화동
삼일대로32길,주거지 도로,37.5756019,126.9903175,37.5756569,126.9906216,37.5756294,126.99046955,27.488548068727408,,,,233526453,,,,,종로1·2·3·4가동
돈화문로11가길,주거지 도로,37.5756019,126.9903175,37.5748597,126.9905414,37.5752308,126.99042945,84.8550584995909,,,,419812286,,,,,종로1·2·3·4가동
돈화문로11가길,주거지 도로,37.5756019,126.9903175,37.5760525,126.9901778,37.575827200000006,126.99024765,51.59488021744745,,,,419812286,,,,,종로1·2·3·4가동
삼일대로32길,주거지 도로,37.5756019,126.9903175,37.5755617,126.9897042,37.5755818,126.99001085,54.23319972028942,,,,233526453,,,,,종로1·2·3·4가동
삼일대로32길,주거지 도로,37.5756569,126.9906216,37.5756019,126.9903175,37.5756294,126.99046955,27.488548068727408,,,,233526453,,,,,종로1·2·3·4가동
돈화문로,주거지 도로,37.5756569,126.9906216,37.5756979,126.9909009,37.5756774,126.99076125,25.032660207457848,,,,419750458,,,,,종로1·2·3·4가동
서순라길,주거지 도로,37.5757505,126.9914156,37.5757137,126.9910556,37.5757321,126.9912356,31.988680596532973,,,,419750457,,,,,종로1·2·3·4가동
서순라길,주거지 도로,37.5757505,126.9914156,37.5775514,126.9918588,37.57665095,126.9916372,206.2274168145096,,,,233526454,,,,,종로1·2·3·4가동
서순라길,주거지 도로,37.5757505,126.9914156,37.5742903,126.9922077,37.5750204,126.99181165,178.17766304811994,,,,233526454,,,,,종로1·2·3·4가동
서순라길,주거지 도로,37.5775514,126.9918588,37.5757505,126.9914156,37.57665095,126.9916372,206.2274168145096,,,,233526454,,,,,종로1·2·3·4가동
포방터2가길,주거지 도로,37.5995879,126.9514016,37.5993894,126.9506307,37.59948865,126.95101615,72.77583084698303,,,,237395499,,,,,홍은1동
포방터2가길,주거지 도로,37.5811502,126.9666264,37.5809833,126.9669614,37.581066750000005,126.9667939,46.08862794342512,,,,1148251601,,,,,청운효자동
옥인4길,주거지 도로,37.581543,126.9655757,37.5816752,126.9656417,37.5816091,126.9656087,15.808700337294953,,,,464164000,,,,,청운효자동
옥인길,주거지 도로,37.581543,126.9655757,37.5820936,126.9639197,37.5818183,126.9647477,160.31463013943565,,,,223421023,,,,,청운효자동
옥인길,주거지 도로,37.581543,126.9655757,37.581051,126.9665598,37.581297000000006,126.96606775,102.73722217020084,,,,223421023,,,,,청운효자동
자하문로,3차로,37.5819969,126.9707489,37.5814629,126.9708617,37.5817299,126.9708053,60.20440787868929,,,,237899607,,4,,,청운효자동
자하문로,주거지 도로,37.5819969,126.9707489,37.5820599,126.9714954,37.5820284,126.97112215,66.32316293095504,,,,233648020,,,,,청운효자동
자하문로,3차로,37.5819969,126.9707489,37.5838436,126.9703765,37.58292025,126.9705627,209.4850424157671,,,,237899607,,4,,,청운효자동
자하문로16길,주거지 도로,37.5820599,126.9714954,37.581536,126.971517,37.581797949999995,126.9715062,58.28619139170818,,,,789051359,,,,,청운효자동
자하문로,주거지 도로,37.5820599,126.9714954,37.5822031,126.9715665,37.5821315,126.97153095,17.392668802156976,,,,233648020,,,,,청운효자동
자하문로,주거지 도로,37.5820599,126.9714954,37.5819969,126.9707489,37.5820284,126.97112215,66.32316293095504,,,,233648020,,,,,청운효자동
자하문로,주거지 도로,37.5822031,126.9715665,37.5820599,126.9714954,37.5821315,126.97153095,17.39266880215698,,,,233648020,,,,,청운효자동
을지로3길,주거지 도로,37.5660292,126.9814656,37.5667239,126.9814943,37.56637655,126.98147995,77.28863091850667,,,,1002205302,,,,,명동
을지로5길,주거지 도로,37.566107,126.9844806,37.5668048,126.9844819,37.5664559,126.98448125,77.59201402243153,,,,233651284,,,,,명동
을지로7길,주거지 도로,37.5661502,126.9857462,37.56679,126.9857785,37.5664701,126.98576235,71.19955251368798,,,,233651280,,,,,명동
삼일대로13길,주거지 도로,37.5667661,126.987478,37.56679,126.9857785,37.56677805,126.98662825,149.84374926222804,yes,,,"[1004836024, 1004836025, 233651288]",,,,,명동
을지로5길,주거지 도로,37.5668048,126.9844819,37.5676664,126.9844964,37.5672356,126.98448915,95.81420761455227,,,,233651284,,,,,명동
을지로5길,주거지 도로,37.5668048,126.9844819,37.566107,126.9844806,37.5664559,126.98448125,77.59201402243153,,,,233651284,,,,,명동
삼일대로13길,주거지 도로,37.5668048,126.9844819,37.56679,126.9857785,37.5667974,126.9851302,114.29159813928894,,,,233651288,,,,,명동
삼일대로13길,주거지 도로,37.5668048,126.9844819,37.5667932,126.9826936,37.566799,126.98358775,157.62248535994672,,,,921796625,,,,,명동
을지로7길,주거지 도로,37.56679,126.9857785,37.5661502,126.9857462,37.5664701,126.98576235,71.19955251368798,,,,233651280,,,,,명동
삼일대로13길,주거지 도로,37.56679,126.9857785,37.5668048,126.9844819,37.5667974,126.9851302,114.29159813928894,,,,233651288,,,,,명동
을지로7길,주거지 도로,37.56679,126.9857785,37.5679761,126.9857828,37.56738305,126.98578065,131.90177715882427,,,,233651280,,,,,명동
삼일대로13길,주거지 도로,37.56679,126.9857785,37.5667661,126.987478,37.56677805,126.98662825,149.84374926222807,yes,,,"[233651288, 1004836025, 1004836024]",,,,,명동
남대문로10길,주거지 도로,37.566872,126.9826996,37.5676664,126.9844964,37.5672692,126.983598,183.58424264406185,,,,233651326,,,,,명동
을지로1길,주거지 도로,37.5668776,126.9797857,37.5673446,126.9797921,37.5671111,126.9797889,51.93116773806774,,,,233651317,,,,,명동
남대문로9길,주거지 도로,37.5668776,126.9797857,37.5668992,126.9791959,37.5668884,126.9794908,52.03919348027963,,,,233651338,,,,,명동
남대문로9길,주거지 도로,37.5668776,126.9797857,37.5667239,126.9814943,37.56680075,126.98064,151.8435543694728,,,,233651338,,,,,명동
을지로1길,주거지 도로,37.5668776,126.9797857,37.5660111,126.9796129,37.56644435,126.9796993,101.76832631782112,,,,1002205328,,,,,명동
남대문로9길,주거지 도로,37.5668992,126.9791959,37.5668776,126.9797857,37.5668884,126.9794908,52.03919348027963,,,,233651338,,,,,명동
을지로9길,주거지 도로,37.5671929,126.9890584,37.567176,126.9883932,37.56718445,126.9887258,58.65921103918611,,,,228795478,,,,,명동
을지로9길,주거지 도로,37.5671929,126.9890584,37.5672074,126.989628,37.567200150000005,126.9893432,50.229025697375846,,,,228795478,,,,,명동
청계천로,주거지 도로,37.5671929,126.9890584,37.5679639,126.9890236,37.5675784,126.989041,85.78625834031986,,,,233651275,,,,,명동
다동길,주거지 도로,37.5673118,126.9805828,37.5676971,126.9806489,37.56750445,126.98061585,43.23775306142144,,,,233651269,,,,,명동
을지로5길,주거지 도로,37.5676664,126.9844964,37.5668048,126.9844819,37.5672356,126.98448915,95.81420761455227,,,,233651284,,,,,명동
남대문로10길,주거지 도로,37.5676664,126.9844964,37.5679761,126.9857828,37.56782125,126.9851396,118.49368861470276,,,,233651326,,,,,명동
남대문로10길,주거지 도로,37.5676664,126.9844964,37.566872,126.9826996,37.5672692,126.983598,183.58424264406185,,,,233651326,,,,,명동
다동길,주거지 도로,37.5676971,126.9806489,37.5673118,126.9805828,37.56750445,126.98061585,43.23775306142144,,,,233651269,,,,,명동
다동길,주거지 도로,37.5676971,126.9806489,37.5678901,126.9813331,37.5677936,126.980991,64.00811074309969,,,,233651324,,,,,명동
다동길,주거지 도로,37.5676971,126.9806489,37.5678831,126.9798119,37.5677901,126.9802304,76.61493815640534,,,,233651324,,,,,명동
다동길,주거지 도로,37.5678811,126.9792495,37.5678831,126.9798119,37.567882100000006,126.9795307,49.56859632234386,,,,233651324,,,,,명동
다동길,주거지 도로,37.5678831,126.9798119,37.5676971,126.9806489,37.5677901,126.9802304,76.61493815640534,,,,233651324,,,,,명동
다동길,주거지 도로,37.5678831,126.9798119,37.5678811,126.9792495,37.567882100000006,126.9795307,49.56859632234386,,,,233651324,,,,,명동
을지로1길,주거지 도로,37.5678831,126.9798119,37.5683099,126.9798081,37.5680965,126.97981,47.45924386330616,,,,233651317,,,,,명동
을지로1길,주거지 도로,37.5678831,126.9798119,37.5673446,126.9797921,37.56761385,126.979802,59.91088529213607,,,,233651317,,,,,명동
다동길,주거지 도로,37.5678901,126.9813331,37.5679833,126.9820259,37.5679367,126.9816795,61.934283433518765,,,,233651324,,,,,명동
다동길,주거지 도로,37.5678901,126.9813331,37.5676971,126.9806489,37.5677936,126.980991,64.00811074309969,,,,233651324,,,,,명동
을지로3길,주거지 도로,37.5678901,126.9813331,37.5667216,126.9815651,37.56730585,126.9814491,132.22652743642496,,,,233651327,,,,,명동
을지로3길,주거지 도로,37.5678901,126.9813331,37.5688383,126.9811092,37.568364200000005,126.98122115,107.56536820399025,,,,233651327,,,,,명동
청계천로,주거지 도로,37.5679639,126.9890236,37.5671929,126.9890584,37.5675784,126.989041,85.78625834031986,,,,233651275,,,,,명동
청계천로,3차로,37.5679639,126.9890236,37.5680036,126.9895844,37.56798375,126.989304,49.62375198310411,,,,908646367,,2,True,,명동
남대문로10길,주거지 도로,37.5679761,126.9857828,37.5676664,126.9844964,37.56782125,126.9851396,118.49368861470276,,,,233651326,,,,,명동
을지로7길,주거지 도로,37.5679761,126.9857828,37.56679,126.9857785,37.56738305,126.98578065,131.90177715882427,,,,233651280,,,,,명동
남대문로10길,주거지 도로,37.5679761,126.9857828,37.5681334,126.986021,37.56805475,126.9859019,27.830271136106795,,,,919261680,,,True,,명동
청계천로,3차로,37.5681334,126.986021,37.5680081,126.9871514,37.56807075,126.9865862,101.22531497047336,,,,908646367,,2,True,,명동
종로14길,주거지 도로,37.5683419,126.986862,37.5688374,126.9868951,37.56858965,126.98687855,55.17434283535157,,,,233651333,,,,,종로1·2·3·4가동
청계천로,3차로,37.5683419,126.986862,37.5685332,126.9857346,37.56843755,126.9862983,101.66470543396548,,,,908694578,,2,True,,종로1·2·3·4가동
종로18길,주거지 도로,37.5684549,126.991337,37.5692486,126.991331,37.56885175,126.991334,92.33866413957028,,,,344663909,,,,,종로1·2·3·4가동
청계천로,3차로,37.5684549,126.991337,37.5683253,126.9896122,37.5683901,126.9904746,152.74323975290662,,,,1212424791,,2,True,,종로1·2·3·4가동
종로10길,주거지 도로,37.5687888,126.9844223,37.5691915,126.9844472,37.568990150000005,126.98443475,44.83200568753439,,,,360113078,,,,,종로1·2·3·4가동
청계천로,3차로,37.5687888,126.9844223,37.5688559,126.9839898,37.568822350000005,126.98420605,38.84200317261068,,,,908694578,,2,True,,종로1·2·3·4가동
종로8길,주거지 도로,37.5688559,126.9839898,37.5695556,126.98398,37.56920575,126.9839849,77.80799421063112,,,,360113080,,,,,종로1·2·3·4가동
청계천로,3차로,37.5688559,126.9839898,37.5690741,126.9827849,37.568965000000006,126.98338735,108.93408111279096,,,,908694578,,2,True,,종로1·2·3·4가동
청계천로,3차로,37.5688383,126.9811092,37.5687887,126.9820499,37.568813500000005,126.98157955,83.09242679658517,,,,73541403,,2,True,,명동
을지로3길,주거지 도로,37.5688383,126.9811092,37.5678901,126.9813331,37.568364200000005,126.98122115,107.56536820399025,,,,233651327,,,,,명동
삼일대로15길,주거지 도로,37.5688157,126.9875918,37.5688374,126.9868951,37.56882655,126.98724345,61.451472801965096,,,,233651289,,,,,종로1·2·3·4가동
삼일대로15길,주거지 도로,37.5688374,126.9868951,37.5688157,126.9875918,37.56882655,126.98724345,61.451472801965096,,,,233651289,,,,,종로1·2·3·4가동
삼일대로15길,주거지 도로,37.5688374,126.9868951,37.5688524,126.9857361,37.5688449,126.9863156,102.1627670060472,,,,233651289,,,,,종로1·2·3·4가동
종로14길,주거지 도로,37.5688374,126.9868951,37.5683419,126.986862,37.56858965,126.98687855,55.17434283535157,,,,233651333,,,,,종로1·2·3·4가동
종로14길,주거지 도로,37.5688374,126.9868951,37.5691743,126.9869027,37.56900585,126.9868989,37.46761163575054,,,,233651333,,,,,종로1·2·3·4가동
삼일대로15길,주거지 도로,37.5688524,126.9857361,37.5688374,126.9868951,37.5688449,126.9863156,102.1627670060472,,,,233651289,,,,,종로1·2·3·4가동
종로12길,주거지 도로,37.5688524,126.9857361,37.5685332,126.9857346,37.568692799999994,126.98573535,35.49371693521116,,,,233652295,,,,,종로1·2·3·4가동
종로12길,주거지 도로,37.5688524,126.9857361,37.5691737,126.9857549,37.569013049999995,126.9857455,35.76538265653697,,,,233652295,,,,,종로1·2·3·4가동
청계천로,3차로,37.5689321,126.9798128,37.5688383,126.9811092,37.5688852,126.980461,114.73693544211712,,,,73541403,,2,True,,명동
을지로1길,주거지 도로,37.5689321,126.9798128,37.5683099,126.9798081,37.568621,126.97981045,69.18682700558038,,,,233651317,,,,,명동
종로,주거지 도로,37.5692619,126.9799029,37.5695641,126.9799166,37.569413,126.97990975,33.62484067827649,,,,233651270,,,,,종로1·2·3·4가동
청계천로,3차로,37.5692619,126.9799029,37.569295,126.9793025,37.56927845,126.9796027,53.04580754795273,,,,350127794,,2,True,,종로1·2·3·4가동
삼일대로17길,주거지 도로,37.5691646,126.9876178,37.5691743,126.9869027,37.56916945,126.98726025,63.0347155526463,,,,233651300,,,,,종로1·2·3·4가동
삼일대로17길,주거지 도로,37.5691743,126.9869027,37.5691646,126.9876178,37.56916945,126.98726025,63.0347155526463,,,,233651300,,,,,종로1·2·3·4가동
삼일대로17길,주거지 도로,37.5691743,126.9869027,37.5691737,126.9857549,37.569174,126.9863288,101.16160707690834,,,,233651300,,,,,종로1·2·3·4가동
종로14길,주거지 도로,37.5691743,126.9869027,37.5688374,126.9868951,37.56900585,126.9868989,37.46761163575054,,,,233651333,,,,,종로1·2·3·4가동
종로14길,주거지 도로,37.5691743,126.9869027,37.5695694,126.9869109,37.56937185,126.9869068,43.939121489441064,,,,233651333,,,,,종로1·2·3·4가동
삼일대로17길,주거지 도로,37.5691737,126.9857549,37.5691743,126.9869027,37.569174,126.9863288,101.16160707690834,,,,233651300,,,,,종로1·2·3·4가동
종로12길,주거지 도로,37.5691737,126.9857549,37.5688524,126.9857361,37.569013049999995,126.9857455,35.76538265653697,,,,233652295,,,,,종로1·2·3·4가동
종로12길,주거지 도로,37.5691737,126.9857549,37.569559,126.9857526,37.56936635,126.98575375,42.843945309895865,,,,233652295,,,,,종로1·2·3·4가동
삼일대로17길,주거지 도로,37.5691737,126.9857549,37.5691915,126.9844472,37.569182600000005,126.98510105,115.28824128628602,,,,233651300,,,,,종로1·2·3·4가동
수표로,3차로,37.5692323,126.9895131,37.5692747,126.9895079,37.5692535,126.9895105,4.736894453077353,,,,215843535,,,,,종로1·2·3·4가동
수표로,3차로,37.5692323,126.9895131,37.5683253,126.9896122,37.5687788,126.98956265,101.33603034198212,,,,215843535,,,,,종로1·2·3·4가동
수표로18길,주거지 도로,37.5692323,126.9895131,37.569344,126.9912107,37.569288150000006,126.9903619,153.53469105544656,,,,233651328,,,,,종로1·2·3·4가동
종로10길,주거지 도로,37.5691915,126.9844472,37.5687888,126.9844223,37.568990150000005,126.98443475,44.83200568753439,,,,360113078,,,,,종로1·2·3·4가동
종로10길,주거지 도로,37.5691915,126.9844472,37.5695645,126.9844468,37.569378,126.984447,41.47578121178421,,,,360113078,,,,,종로1·2·3·4가동
삼일대로17길,주거지 도로,37.5691915,126.9844472,37.5691737,126.9857549,37.569182600000005,126.98510105,115.28824128628602,,,,233651300,,,,,종로1·2·3·4가동
수표로,3차로,37.5692747,126.9895079,37.5692323,126.9895131,37.5692535,126.9895105,4.736894453077353,,,,215843535,,,,,종로1·2·3·4가동
수표로,3차로,37.5692747,126.9895079,37.5696929,126.9894899,37.5694838,126.9894989,46.5288369422519,,,,215843535,,,,,종로1·2·3·4가동
수표로,주거지 도로,37.5692747,126.9895079,37.5692327,126.9886766,37.5692537,126.98909225,73.41540888114766,,,,344663874,,,,,종로1·2·3·4가동
돈화문로,주거지 도로,37.5692486,126.991331,37.5692801,126.9922502,37.56926435,126.9917906,81.08946297164557,,,,233651273,,,,,종로1·2·3·4가동
종로18길,주거지 도로,37.5692486,126.991331,37.569344,126.9912107,37.569296300000005,126.99127085,14.998200869148338,,,,344663909,,,,,종로1·2·3·4가동
종로18길,주거지 도로,37.5692486,126.991331,37.5684549,126.991337,37.56885175,126.991334,92.33866413957028,,,,344663909,,,,,종로1·2·3·4가동
종로18길,주거지 도로,37.569344,126.9912107,37.5692486,126.991331,37.569296300000005,126.99127085,14.998200869148338,,,,344663909,,,,,종로1·2·3·4가동
수표로18길,주거지 도로,37.569344,126.9912107,37.5692323,126.9895131,37.569288150000006,126.9903619,153.53469105544656,,,,233651328,,,,,종로1·2·3·4가동
종로18길,주거지 도로,37.569344,126.9912107,37.5700054,126.9912165,37.5696747,126.9912136,73.74074658006265,,,,344663909,,,,,종로1·2·3·4가동
우정국로2길,주거지 도로,37.5695556,126.98398,37.5695645,126.9844468,37.56956005,126.9842134,41.153200058220094,,,,184443141,,,,,종로1·2·3·4가동
종로8길,주거지 도로,37.5695556,126.98398,37.5688559,126.9839898,37.56920575,126.9839849,77.80799421063112,,,,360113080,,,,,종로1·2·3·4가동
우정국로2길,주거지 도로,37.5695556,126.98398,37.5695301,126.9828538,37.569542850000005,126.9834169,99.3335884844404,,,,184443141,,,,,종로1·2·3·4가동
종로8길,주거지 도로,37.5695556,126.98398,37.5701639,126.9839849,37.56985975,126.98398245,67.64184959767069,,,,233651296,,,,,종로1·2·3·4가동
종로14길,주거지 도로,37.5695694,126.9869109,37.5691743,126.9869027,37.56937185,126.9869068,43.939121489441064,,,,233651333,,,,,종로1·2·3·4가동
삼일대로19길,주거지 도로,37.5695694,126.9869109,37.569559,126.9857526,37.5695642,126.98633175,102.0930196489542,,,,344663892,,,,,종로1·2·3·4가동
삼일대로19길,주거지 도로,37.5695694,126.9869109,37.5696154,126.987627,37.569592400000005,126.98726895,63.32019440288431,,,,344663892,,,,,종로1·2·3·4가동
종로14길,주거지 도로,37.5695694,126.9869109,37.5701717,126.9868986,37.569870550000005,126.98690475,67.01693793710436,,,,233651333,,,,,종로1·2·3·4가동
삼일대로19길,주거지 도로,37.5696154,126.987627,37.5695694,126.9869109,37.569592400000005,126.98726895,63.32019440288431,,,,344663892,,,,,종로1·2·3·4가동
종로16길,주거지 도로,37.5696593,126.9885854,37.5701832,126.9885573,37.56992125,126.98857135,58.31040591596023,,,,215843534,,,True,,종로1·2·3·4가동
삼일대로,주거지 도로,37.5696593,126.9885854,37.5696234,126.9878245,37.56964135,126.98820495,67.20082211195965,,,,344663895,,,True,,종로1·2·3·4가동
종로16길,주거지 도로,37.5696593,126.9885854,37.5692327,126.9886766,37.569446,126.988631,48.155227423836614,,,,344663901,,,,,종로1·2·3·4가동
수표로,주거지 도로,37.5696929,126.9894899,37.5696593,126.9885854,37.569676099999995,126.98903765,79.80525668230115,,,,184443140,,,True,,종로1·2·3·4가동
수표로,3차로,37.5696929,126.9894899,37.5692747,126.9895079,37.5694838,126.9894989,46.5288369422519,,,,215843535,,,,,종로1·2·3·4가동
수표로,3차로,37.5696929,126.9894899,37.5698609,126.9894978,37.5697769,126.98949385,18.693744973029705,,,,215843535,,,,,종로1·2·3·4가동
수표로,3차로,37.5698609,126.9894978,37.5696929,126.9894899,37.5697769,126.98949385,18.693744973029705,,,,215843535,,,,,종로1·2·3·4가동
수표로,3차로,37.5698609,126.9894978,37.5702209,126.9894811,37.5700409,126.98948945,40.0587176445146,,,,215843535,,,,,종로1·2·3·4가동
수표로20길,주거지 도로,37.5698609,126.9894978,37.5700054,126.9912165,37.56993315,126.99035715,152.3864808724365,,,,344663937,,,,,종로1·2·3·4가동
수표로20길,주거지 도로,37.5700054,126.9912165,37.5703507,126.9911952,37.57017805,126.99120585,38.442426663458264,,,,233651263,,,,,종로1·2·3·4가동
종로18길,주거지 도로,37.5700054,126.9912165,37.569344,126.9912107,37.5696747,126.9912136,73.74074658006265,,,,344663909,,,,,종로1·2·3·4가동
수표로20길,주거지 도로,37.5700054,126.9912165,37.5698609,126.9894978,37.56993315,126.99035715,152.3864808724365,,,,344663937,,,,,종로1·2·3·4가동
종로8길,주거지 도로,37.5701639,126.9839849,37.5695556,126.98398,37.56985975,126.98398245,67.64184959767069,,,,233651296,,,,,종로1·2·3·4가동
종로,주거지 도로,37.5701333,126.9799401,37.5695641,126.9799166,37.5698487,126.97992835,63.32942774966905,,,,233651270,,,,,종로1·2·3·4가동
종로14길,주거지 도로,37.5701717,126.9868986,37.5695694,126.9869109,37.569870550000005,126.98690475,67.01693793710436,,,,233651333,,,,,종로1·2·3·4가동
종로14길,주거지 도로,37.5703507,126.9911952,37.5700054,126.9912165,37.57017805,126.99120585,38.442426663458264,,,,233651263,,,,,종로1·2·3·4가동
수표로,주거지 도로,37.5706449,126.9894269,37.5703913,126.9894551,37.5705181,126.989441,28.308387176429576,,,,184444067,,,,,종로1·2·3·4가동
수표로,주거지 도로,37.5706449,126.9894269,37.5711044,126.9893256,37.57087465,126.98937625,51.86828028199989,,,,184444067,,,,,종로1·2·3·4가동
돈화문로5길,주거지 도로,37.5706449,126.9894269,37.5707067,126.9905206,37.5706758,126.98997375,96.63786562926217,,,,233651332,,,,,종로1·2·3·4가동
돈화문로5길,주거지 도로,37.5707067,126.9905206,37.5704441,126.9905269,37.5705754,126.99052375,29.205107528228957,,,,788674832,,,,,종로1·2·3·4가동
돈화문로5길,주거지 도로,37.5707067,126.9905206,37.5707877,126.9917646,37.5707472,126.9911426,110.00896495104374,,,,233651332,,,,,종로1·2·3·4가동
돈화문로5길,주거지 도로,37.5707067,126.9905206,37.5706449,126.9894269,37.5706758,126.98997375,96.63786562926217,,,,233651332,,,,,종로1·2·3·4가동
돈화문로5길,주거지 도로,37.5707877,126.9917646,37.5708077,126.992113,37.5707977,126.9919388,30.786064415220057,,,,233651332,,,,,종로1·2·3·4가동
돈화문로5가길,주거지 도로,37.5707877,126.9917646,37.5719506,126.9914177,37.571369149999995,126.99159115,134.36310085323368,,,,233651294,,,,,종로1·2·3·4가동
돈화문로5길,주거지 도로,37.5707877,126.9917646,37.5707067,126.9905206,37.5707472,126.9911426,110.00896495104374,,,,233651332,,,,,종로1·2·3·4가동
돈화문로6길,주거지 도로,37.570856,126.9928374,37.5708496,126.9929178,37.5708528,126.9928776,7.121556837278422,,,,419750461,,,,,종로1·2·3·4가동
돈화문로6길,주거지 도로,37.570856,126.9928374,37.5705576,126.9928637,37.5707068,126.99285055,33.26147585375407,,,,419752069,,,,,종로1·2·3·4가동
돈화문로6길,주거지 도로,37.570856,126.9928374,37.5708077,126.992113,37.570831850000005,126.9924752,64.66099422683135,,,,419750461,,,,,종로1·2·3·4가동
세종대로23길,주거지 도로,37.5716143,126.9748477,37.5716061,126.9725942,37.571610199999995,126.97372095,198.60827904438196,,,,223166194,,,,,사직동
새문안로5길,주거지 도로,37.5716143,126.9748477,37.5740805,126.9744778,37.5728474,126.97466275,276.49503932439916,,,,617779379,,,,,사직동
새문안로5길,주거지 도로,37.5716143,126.9748477,37.5702254,126.9749944,37.57091985,126.97492105,155.00999487321857,,,,1084408273,,,,,사직동
종로5길,주거지 도로,37.5716959,126.9805531,37.5724752,126.980159,37.57208555,126.98035605,93.36545907183869,,,,221975143,,,,,종로1·2·3·4가동
종로5길,주거지 도로,37.5716959,126.9805531,37.5712251,126.9808353,37.5714605,126.9806942,57.95945951722973,,,,221975143,,,,,종로1·2·3·4가동
종로5길,주거지 도로,37.5716959,126.9805531,37.5722241,126.9812436,37.57196,126.98089835,88.37886059379406,,,,233651313,,,,,종로1·2·3·4가동
삼봉로,주거지 도로,37.5722241,126.9812436,37.5724752,126.980159,37.57234965,126.9807013,99.72001785722472,,,,37401095,,,,,종로1·2·3·4가동
삼봉로,주거지 도로,37.5722241,126.9812436,37.5720235,126.9830546,37.5721238,126.9821491,161.5756097605552,,,,37401095,,,,,종로1·2·3·4가동
종로5길,주거지 도로,37.5722241,126.9812436,37.5716959,126.9805531,37.57196,126.98089835,88.37886059379406,,,,233651313,,,,,종로1·2·3·4가동
돈화문로11길,3차로,37.5725663,126.9899785,37.5725629,126.9903851,37.5725646,126.9901818,35.83613613500852,,,,37403263,30.0,,,,종로1·2·3·4가동
돈화문로11길,3차로,37.5725663,126.9899785,37.5725442,126.9887084,37.57255525,126.98934345,111.96262747670102,,,,37403263,30.0,,,,종로1·2·3·4가동
돈화문로11다길,주거지 도로,37.5725663,126.9899785,37.5728886,126.990707,37.57272745,126.99034275,73.5644477982797,,,,233651310,,,,,종로1·2·3·4가동
돈화문로11다길,주거지 도로,37.5728886,126.990707,37.5729706,126.9910227,37.572929599999995,126.99086485,29.278841087289557,,,,233651310,,,,,종로1·2·3·4가동
돈화문로11다길,주거지 도로,37.5728886,126.990707,37.5725663,126.9899785,37.57272745,126.99034275,73.5644477982797,,,,233651310,,,,,종로1·2·3·4가동
돈화문로11다길,주거지 도로,37.5728886,126.990707,37.5732129,126.9905858,37.57305075,126.9906464,37.74254041348187,,,,329261487,,,,,종로1·2·3·4가동
돈화문로11나길,주거지 도로,37.5729047,126.9911345,37.5729706,126.9910227,37.57293765,126.9910786,12.279167956917098,,,,233651265,,,,,종로1·2·3·4가동
돈화문로11가길,주거지 도로,37.5729047,126.9911345,37.5725595,126.9912389,37.5727321,126.9911867,39.486997317328985,,,,419812286,,,,,종로1·2·3·4가동
돈화문로11가길,주거지 도로,37.5729047,126.9911345,37.5734348,126.9909963,37.573169750000005,126.9910654,60.189836378110655,,,,419812286,,,,,종로1·2·3·4가동
돈화문로11나길,주거지 도로,37.5729706,126.9910227,37.5729047,126.9911345,37.57293765,126.9910786,12.279167956917098,,,,233651265,,,,,종로1·2·3·4가동
돈화문로11다길,주거지 도로,37.5729706,126.9910227,37.5728886,126.990707,37.572929599999995,126.99086485,29.278841087289557,,,,233651310,,,,,종로1·2·3·4가동
돈화문로11나길,주거지 도로,37.5729706,126.9910227,37.5733099,126.9907579,37.573140249999994,126.9908903,44.362740487912504,,,,329261473,,,,,종로1·2·3·4가동
수표로28길,주거지 도로,37.5732129,126.9905858,37.5733099,126.9907579,37.5732614,126.99067185,18.611318647626756,,,,184445043,,,,,종로1·2·3·4가동
돈화문로11다길,주거지 도로,37.5732129,126.9905858,37.5728886,126.990707,37.57305075,126.9906464,37.74254041348187,,,,329261487,,,,,종로1·2·3·4가동
돈화문로11다길,주거지 도로,37.5732129,126.9905858,37.5736917,126.9891901,37.5734523,126.98988795,163.46820655847415,,,,329261489,,,,,종로1·2·3·4가동
수표로28길,주거지 도로,37.5733099,126.9907579,37.5732129,126.9905858,37.5732614,126.99067185,18.611318647626756,,,,184445043,,,,,종로1·2·3·4가동
돈화문로11나길,주거지 도로,37.5733099,126.9907579,37.5729706,126.9910227,37.573140249999994,126.9908903,44.362740487912504,,,,329261473,,,,,종로1·2·3·4가동
수표로28길,주거지 도로,37.5733099,126.9907579,37.5734348,126.9909963,37.57337235,126.9908771,25.30851217266436,,,,184445043,,,,,종로1·2·3·4가동
돈화문로11나길,주거지 도로,37.5733099,126.9907579,37.5742987,126.9900832,37.5738043,126.99042055,125.06066851900604,,,,329261473,,,,,종로1·2·3·4가동
삼일대로28길,주거지 도로,37.5736917,126.9891901,37.5741513,126.989053,37.5739215,126.98912155,52.51415094738699,,,,329263761,,,,,종로1·2·3·4가동
삼일대로28길,주거지 도로,37.5736917,126.9891901,37.5726675,126.9885717,37.5731796,126.9888809,208.21642997247187,,,,"[233651264, 184445044]",,,,,종로1·2·3·4가동
돈화문로11다길,주거지 도로,37.5736917,126.9891901,37.5732129,126.9905858,37.5734523,126.98988795,163.46820655847415,,,,329261489,,,,,종로1·2·3·4가동
삼일대로30길,주거지 도로,37.5742987,126.9900832,37.5743876,126.9907009,37.57434315,126.99039205,55.38742929128912,,,,117784412,,,,,종로1·2·3·4가동
돈화문로11나길,주거지 도로,37.5742987,126.9900832,37.5733099,126.9907579,37.5738043,126.99042055,125.06066851900604,,,,329261473,,,,,종로1·2·3·4가동
삼일대로30길,주거지 도로,37.5742987,126.9900832,37.5741513,126.989053,37.574225,126.9895681,92.43008990392846,,,,329261504,,,,,종로1·2·3·4가동
돈화문로11나길,주거지 도로,37.5742987,126.9900832,37.5746404,126.9897992,37.57446955,126.9899412,45.51824743736702,,,,329261507,,,,,종로1·2·3·4가동
돈화문로11나길,주거지 도로,37.5746404,126.9897992,37.5748565,126.9897183,37.57474845,126.98975875,25.064645945135755,,,,329261507,,,,,종로1·2·3·4가동
삼일대로32가길,주거지 도로,37.5746404,126.9897992,37.5748597,126.9905414,37.57475005,126.9901703,69.80670449626814,,,,379076085,,,,,종로1·2·3·4가동
돈화문로11나길,주거지 도로,37.5746404,126.9897992,37.5742987,126.9900832,37.57446955,126.9899412,45.51824743736702,,,,329261507,,,,,종로1·2·3·4가동
삼일대로32가길,주거지 도로,37.5746404,126.9897992,37.5746399,126.9893804,37.57464015,126.9895898,49.876794569959785,,,,"[379076085, 419812887]",,,,,종로1·2·3·4가동
삼일대로32길,주거지 도로,37.5751479,126.9897436,37.5755617,126.9897042,37.5753548,126.9897239,46.143352266864106,,,,788674830,,,,,종로1·2·3·4가동
돈화문로11나길,주거지 도로,37.5751479,126.9897436,37.5748565,126.9897183,37.5750022,126.98973095,32.84935853713139,,,,329261507,,,,,종로1·2·3·4가동
돈화문로11나길,주거지 도로,37.5751479,126.9897436,37.5755238,126.9892565,37.57533585,126.98950005,64.16598290633422,,,,419812888,,,,,종로1·2·3·4가동
삼일대로32길,주거지 도로,37.5761652,126.9895865,37.5759353,126.9896401,37.576050249999994,126.9896133,28.92557606793693,,,,419812886,,,,,종로1·2·3·4가동
와우산로32길,주거지 도로,37.5548042,126.9301177,37.5547681,126.9305223,37.55478615,126.93032,35.891568887349166,,,,233834989,,,,,서교동
와우산로30길,주거지 도로,37.5548042,126.9301177,37.5534975,126.9299089,37.55415085,126.9300133,153.77549102716097,,,,299959891,,,,,서강동
서강로9길,3차로,37.5548042,126.9301177,37.5538664,126.9314637,37.5543353,126.9307907,157.97388369135618,,,,515836540,,,,,서강동
통일로,주거지 도로,37.5744433,126.9581953,37.5744011,126.9581318,37.5744222,126.95816355,7.303168931098576,,,,464147031,,,,,무악동
통일로,주거지 도로,37.5744433,126.9581953,37.5746699,126.9585049,37.5745566,126.9583501,37.139374693619274,,,,464147031,,,,,무악동
통일로14길,생활도로,37.5744433,126.9581953,37.5755506,126.9578474,37.57499695,126.95802135,134.3911304614416,,,,464143523,,,,,무악동
통일로14길,주거지 도로,37.5715987,126.9773198,37.5716014,126.9785454,37.57160005,126.9779326,108.0154025803498,,,,512990324,,,,,종로1·2·3·4가동
새문안로5길,주거지 도로,37.5702254,126.9749944,37.5716143,126.9748477,37.57091985,126.97492105,155.00999487321857,,,,1084408273,,,,,사직동
강남대로95길,주거지 도로,37.5136554,127.018537,37.5136053,127.0182681,37.51363035,127.01840255,24.362698229878948,,,,234847816,,,,,잠원동
강남대로95길,주거지 도로,37.5136554,127.018537,37.5137216,127.0188852,37.5136885,127.0187111,31.581382686243327,,,,234847816,,,,,잠원동
신반포로47길,주거지 도로,37.5136554,127.018537,37.5146394,127.0190101,37.5141474,127.01877355,117.10269522589697,,,,234847818,,,,,잠원동
신반포로47길,주거지 도로,37.5136554,127.018537,37.5130044,127.0182848,37.5133299,127.0184109,75.82893128958595,,,,234847817,,,,,잠원동
강남대로95길,주거지 도로,37.5136053,127.0182681,37.5136554,127.018537,37.51363035,127.01840255,24.362698229878948,,,,234847816,,,,,잠원동
나루터로12길,주거지 도로,37.5136053,127.0182681,37.5137958,127.0181638,37.51370055,127.01821595,23.094006903261324,,,,282187785,,,,,잠원동
강남대로95길,주거지 도로,37.5136053,127.0182681,37.5129527,127.0176657,37.513279,127.0179669,89.9846198805367,,,,234847816,,,,,잠원동
강남대로95길,주거지 도로,37.5129527,127.0176657,37.5125283,127.0172685,37.5127405,127.0174671,58.77394441214915,,,,234847816,,,,,잠원동
강남대로95길,주거지 도로,37.5129527,127.0176657,37.5132678,127.01712,37.51311025,127.01739285,59.533841593930866,,,,282210869,,,True,,잠원동
강남대로95길,주거지 도로,37.5129527,127.0176657,37.5136053,127.0182681,37.513279,127.0179669,89.9846198805367,,,,234847816,,,,,잠원동
신반포로41길,주거지 도로,37.5118487,127.0163225,37.5131628,127.0161262,37.51250575,127.01622435,147.14366723287492,,,,234847821,,,,,잠원동
신반포로41길,주거지 도로,37.5118487,127.0163225,37.5114537,127.0164133,37.5116512,127.0163679,44.64626420643446,,,,234847821,,,,,잠원동
강남대로95길,주거지 도로,37.5118487,127.0163225,37.5116848,127.0157211,37.51176675,127.0160218,56.08880284232183,,,,282209698,,,,,잠원동
강남대로95길,주거지 도로,37.5118487,127.0163225,37.5125283,127.0172685,37.5121885,127.0167955,116.4592977298625,,,,234847816,,,,,잠원동
신반포로47길,주거지 도로,37.5127082,127.0182997,37.5122188,127.0191068,37.5124635,127.01870325,93.48601034061808,,,,234847817,,,,,잠원동
신반포로47길,주거지 도로,37.5127082,127.0182997,37.5130044,127.0182848,37.5128563,127.01829225,32.974023634450226,,,,234847817,,,,,잠원동
강남대로95길,주거지 도로,37.5127082,127.0182997,37.5127366,127.0180409,37.5127224,127.0181703,24.19608922309788,,,,282210869,,,True,,잠원동
강남대로91길,주거지 도로,37.5119717,127.0200228,37.51216,127.0206655,37.51206585,127.02034415,60.43110928688186,,,,417636975,,,,,잠원동
신반포로49길,주거지 도로,37.5119717,127.0200228,37.5108876,127.0204348,37.51142965,127.0202288,126.4344335811686,,,,234847822,,,,,잠원동
강남대로91길,주거지 도로,37.5119717,127.0200228,37.5122188,127.0191068,37.51209525,127.0195648,85.36840111107068,,,,417636975,,,,,잠원동
강남대로91길,주거지 도로,37.51216,127.0206655,37.5119717,127.0200228,37.51206585,127.02034415,60.43110928688186,,,,417636975,,,,,잠원동
강남대로95길,주거지 도로,37.5125283,127.0172685,37.5129527,127.0176657,37.5127405,127.0174671,58.77394441214915,,,,234847816,,,,,잠원동
신반포로45길,주거지 도로,37.5125283,127.0172685,37.5123314,127.0176017,37.51242985,127.0174351,36.64798315707522,,,,417636974,,,,,잠원동
신반포로45길,주거지 도로,37.5125283,127.0172685,37.5131628,127.0161262,37.51284555,127.01669735,122.99966844610653,,,,417636974,,,,,잠원동
강남대로95길,주거지 도로,37.5125283,127.0172685,37.5118487,127.0163225,37.5121885,127.0167955,116.4592977298625,,,,234847816,,,,,잠원동
신반포로45길,주거지 도로,37.5105046,127.0191612,37.5109787,127.0189489,37.51074165,127.01905505,55.944604499937626,,,,417636974,,,,,잠원동
신반포로43길,주거지 도로,37.5122093,127.0178082,37.5116876,127.0173319,37.511948450000006,127.01757005,71.62500773280932,,,,234847820,,,,,잠원동
신반포로45길,주거지 도로,37.5122093,127.0178082,37.5118019,127.0185658,37.5120056,127.018187,80.730469237783,,,,417636974,,,,,잠원동
신반포로45길,주거지 도로,37.5122093,127.0178082,37.5122983,127.0176576,37.5122538,127.0177329,16.5645405531629,,,,417636974,,,,,잠원동
신반포로43길,주거지 도로,37.5116876,127.0173319,37.5114537,127.0164133,37.51157065,127.0168726,85.09560735482914,,,,234847820,,,,,잠원동
신반포로43길,주거지 도로,37.5116876,127.0173319,37.5122093,127.0178082,37.511948450000006,127.01757005,71.62500773280932,,,,234847820,,,,,잠원동
신반포로43길,주거지 도로,37.5116876,127.0173319,37.5111842,127.0176041,37.5114359,127.017468,60.90730515953686,,,,282187790,,,,,잠원동
신반포로43길,주거지 도로,37.5114537,127.0164133,37.5116876,127.0173319,37.51157065,127.0168726,85.09560735482914,,,,234847820,,,,,잠원동
신반포로41길,주거지 도로,37.5114537,127.0164133,37.5118487,127.0163225,37.5116512,127.0163679,44.64626420643446,,,,234847821,,,,,잠원동
신반포로41길,주거지 도로,37.5114537,127.0164133,37.5108811,127.0165667,37.5111674,127.01649,65.09209737679473,,,,234847821,,,,,잠원동
신반포로41길,주거지 도로,37.5098108,127.0169315,37.5102989,127.0167226,37.51005485,127.01682705,57.31684814646994,,,,234847821,,,,,잠원동
신반포로49길,주거지 도로,37.5108876,127.0204348,37.5119717,127.0200228,37.51142965,127.0202288,126.4344335811686,,,,234847822,,,,,잠원동
신반포로41길,주거지 도로,37.5131628,127.0161262,37.5118487,127.0163225,37.51250575,127.01622435,147.14366723287492,,,,234847821,,,,,잠원동
신반포로45길,주거지 도로,37.5131628,127.0161262,37.5125283,127.0172685,37.51284555,127.01669735,122.99966844610653,,,,417636974,,,,,잠원동
신반포로45길,주거지 도로,37.5131628,127.0161262,37.5132428,127.0160037,37.5132028,127.01606495,13.99545353311896,,,,417636974,,,,,잠원동
동일로18길,주거지 도로,37.5379066,127.0695666,37.5381464,127.0688561,37.5380265,127.06921135,68.08488209158843,,,,235572754,,,,,자양4동
연무장길,주거지 도로,37.5434699,127.0519139,37.5434902,127.0518432,37.54348005,127.05187855,6.629430476204637,,,,235572756,,,,,성수1가1동
연무장길,주거지 도로,37.5434699,127.0519139,37.5432045,127.0528295,37.5433372,127.0523717,85.9497905280145,,,,235572756,,,,,성수2가3동
연무장5길,주거지 도로,37.5434699,127.0519139,37.5439468,127.0526834,37.54370835,127.05229865,86.17527597526428,,,,382458585,,,,,성수2가3동
뚝섬로5길,주거지 도로,37.5420371,127.0510659,37.5434699,127.0519139,37.5427535,127.0514899,175.99088452547798,,,,235572873,,,True,,성수2가1동
뚝섬로5길,주거지 도로,37.5420371,127.0510659,37.5419767,127.0510461,37.5420069,127.051056,6.939353704043375,,,,235572945,,,,,성수2가1동
성수일로4길,주거지 도로,37.5420371,127.0510659,37.5420705,127.0536332,37.542053800000005,127.05234955,226.38233324441765,,,,236148414,,,,,성수2가1동
뚝섬로5길,주거지 도로,37.5400147,127.0504539,37.5419767,127.0510461,37.5409957,127.05075,224.32587889151245,,,,235572945,,,,,성수2가1동
성덕정9길,주거지 도로,37.5400147,127.0504539,37.5396154,127.0501734,37.53981505,127.05031365,51.255447246549494,,,,382295850,,,,,성수1가1동
가락로11길,3차로,37.5014581,127.1044968,37.5017748,127.1043381,37.50161645,127.10441745,37.89621062162411,,,,169789437,30.0,,,,석촌동
가락로11길,3차로,37.5014581,127.1044968,37.5010713,127.1046984,37.5012647,127.1045976,46.54204193269873,,,,169789437,30.0,,,,석촌동
가락로11길,주거지 도로,37.5014581,127.1044968,37.5011134,127.1034084,37.50128575,127.1039526,103.3815381803376,,,,169789441,,,True,,석촌동
뚝섬로5길,주거지 도로,37.5419767,127.0510461,37.5420371,127.0510659,37.5420069,127.051056,6.939353704043375,,,,235572945,,,,,성수2가1동
성수일로4길,주거지 도로,37.5419767,127.0510461,37.5432027,127.0491942,37.5425897,127.05012015,212.70530235368176,,,,236148204,,,True,,성수1가1동
뚝섬로5길,주거지 도로,37.5419767,127.0510461,37.5400147,127.0504539,37.5409957,127.05075,224.32587889151245,,,,235572945,,,,,성수2가1동
성수일로,3차로,37.5432027,127.0491942,37.5437373,127.0494107,37.54347,127.04930245,62.43429616261142,,,,37401071,,,,,성수1가1동
성수일로,3차로,37.5432027,127.0491942,37.5428946,127.0490694,37.54304865,127.0491318,35.98280173509947,,,,37401071,,,,,성수1가1동
연무장길,주거지 도로,37.5427494,127.0542401,37.5428526,127.0539322,37.542801,127.05408615,29.472227031201456,,,,235572756,,,,,성수2가1동
연무장길,주거지 도로,37.5427494,127.0542401,37.5423328,127.055634,37.542541099999994,127.05493705,131.3362973937698,,,,235572756,,,,,성수2가1동
성수일로4길,주거지 도로,37.5427494,127.0542401,37.5422679,127.0539681,37.54250865,127.0541041,58.66586165573693,,,,236148415,,,True,,성수2가1동
연무장7길,주거지 도로,37.5427494,127.0542401,37.5432629,127.0544762,37.54300615,127.05435815,60.77471379301837,,,,236148505,,,,,성수2가3동
성수일로4길,주거지 도로,37.5422679,127.0539681,37.5420705,127.0536332,37.5421692,127.05380065,36.792020077587864,,,,236148415,,,True,,성수2가1동
성수일로4가길,주거지 도로,37.5422679,127.0539681,37.5417653,127.054779,37.5420166,127.05437355,97.14051432204803,,,,382295847,,,,,성수2가1동
성수일로4길,주거지 도로,37.5420705,127.0536332,37.5420371,127.0510659,37.542053800000005,127.05234955,226.38233324441765,,,,236148414,,,,,성수2가1동
성수이로7길,주거지 도로,37.5420705,127.0536332,37.5415452,127.0540328,37.54180785,127.053833,68.21360589330828,,,,519099429,,,,,성수2가1동
성수이로7길,주거지 도로,37.5420705,127.0536332,37.5430913,127.0532201,37.5425809,127.05342665,124.5840289932583,,,,519099428,,,,,성수2가1동
율곡로2길,주거지 도로,37.5751512,126.9805493,37.5742778,126.9793783,37.5747145,126.9799638,141.71035438044805,,,,37397708,,2,,,종로1·2·3·4가동
율곡로2길,주거지 도로,37.5751512,126.9805493,37.5755098,126.9810363,37.5753305,126.9807928,58.58303506910245,,,,37397708,,2,,,종로1·2·3·4가동
율곡로2길,주거지 도로,37.5751512,126.9805493,37.5748121,126.9809867,37.57498165,126.980768,53.92767137713928,,,,446743586,,1,,,종로1·2·3·4가동
종로1길,주거지 도로,37.5742667,126.9784623,37.5727874,126.9785411,37.57352705,126.9785017,164.63790034082507,,,,221974027,,,,,종로1·2·3·4가동
종로1길,3차로,37.5742667,126.9784623,37.5743064,126.978559,37.57428655,126.97851065,10.151698373697998,,,,236945321,,,True,roundabout,종로1·2·3·4가동
종로1길,3차로,37.5743064,126.978559,37.5743279,126.9785689,37.57431715,126.97856395,2.5449238750482,,,,236945321,,,True,roundabout,종로1·2·3·4가동
종로5길,,37.5743064,126.978559,37.5742778,126.9793783,37.574292099999994,126.97896865,73.04004679006009,,,,446672458,,1,True,,종로1·2·3·4가동
사직로8길,3차로,37.5743468,126.9783765,37.5743421,126.9781771,37.57434445,126.9782768,17.58070912569946,,,,142077711,,,,,종로1·2·3·4가동
종로1길,3차로,37.5743468,126.9783765,37.5742667,126.9784623,37.574306750000005,126.9784194,12.805246566141712,,,,236945321,,,True,roundabout,종로1·2·3·4가동
종로1길,3차로,37.5743279,126.9785689,37.5744202,126.9784757,37.57437405,126.9785223,14.932384052885492,,,,236945321,,,True,roundabout,종로1·2·3·4가동
종로1길,주거지 도로,37.5744202,126.9784757,37.5754276,126.979225,37.5749239,126.97885035,131.22255945291909,,,,196079107,,,,,종로1·2·3·4가동
종로1길,3차로,37.5744202,126.9784757,37.5743468,126.9783765,37.5743835,126.9784261,13.18637590459286,,,,236945321,,,True,roundabout,종로1·2·3·4가동
대사관로6길,주거지 도로,37.5333135,126.9989857,37.5333266,126.9986001,37.53332005,126.9987929,34.03247480715728,,,,237060339,,,,,한남동
대사관로6길,주거지 도로,37.5333135,126.9989857,37.5333254,126.9990541,37.53331945,126.9990199,6.174794027170892,,,,237060339,,,,,한남동
대사관로6가길,주거지 도로,37.5333135,126.9989857,37.5330405,126.9988576,37.533176999999995,126.99892165,33.40876789551007,,,,464590788,,,,,한남동
대사관로6길,주거지 도로,37.5333819,126.9981486,37.5333784,126.9984391,37.53338015,126.99829385,25.618531558207575,,,,237060339,,,,,한남동
우사단로10길,주거지 도로,37.5333819,126.9981486,37.5332179,126.9980285,37.5332999,126.99808855,21.088226066805316,,,,33727175,,,,,한남동
우사단로10길,주거지 도로,37.5333819,126.9981486,37.5342604,126.9977761,37.53382115,126.99796235,108.26428446762463,,,,33727175,,,,,한남동
대사관로6길,주거지 도로,37.5333784,126.9984391,37.5333819,126.9981486,37.53338015,126.99829385,25.618531558207575,,,,237060339,,,,,한남동
대사관로6길,주거지 도로,37.5333784,126.9984391,37.5333266,126.9986001,37.5333525,126.9985196,15.3205630702249,,,,237060339,,,,,한남동
우사단로14길,주거지 도로,37.5333784,126.9984391,37.5338775,126.9984539,37.53362795,126.9984465,57.882877063595416,,,,160575465,,,,,한남동
장문로49길,주거지 도로,37.5292092,127.0042857,37.5292856,127.0039295,37.5292474,127.0041076,32.53912621027092,,,,33727173,,,,,한남동
장문로49길,주거지 도로,37.5292092,127.0042857,37.5292318,127.0044046,37.529220499999994,127.00434515,10.78184678041586,,,,33727173,,,,,한남동
장문로49길,주거지 도로,37.5292092,127.0042857,37.5287811,127.0043287,37.52899515,127.0043072,48.10276813732885,,,,778791223,,,,,한남동
장문로49길,주거지 도로,37.5282903,127.0049509,37.5281903,127.004908,37.5282403,127.00492945,11.745430561687453,,,,33727173,,,,,한남동
장문로49길,주거지 도로,37.5282903,127.0049509,37.5292771,127.0046425,37.528783700000005,127.0047967,191.3780601832615,,,,33727173,,,,,한남동
장문로49가길,주거지 도로,37.5282903,127.0049509,37.5287811,127.0043287,37.528535700000006,127.0046398,83.65248220448399,,,,464590802,,,,,한남동
마포대로1길,주거지 도로,37.5395696,126.9431743,37.5399001,126.9427088,37.53973485,126.94294155,55.09174700703811,,,,26268425,,,,,용강동
마포대로1길,주거지 도로,37.5395696,126.9431743,37.5390898,126.9438503,37.5393297,126.9435123,79.99325445520336,,,,26268425,,,,,용강동
토정로,주거지 도로,37.5395696,126.9431743,37.5399302,126.9436067,37.5397499,126.9433905,55.32864353442716,,,,237264678,,,,,용강동
토정로,주거지 도로,37.5399302,126.9436067,37.5395696,126.9431743,37.5397499,126.9433905,55.32864353442716,,,,237264678,,,,,용강동
토정로35길,주거지 도로,37.5399302,126.9436067,37.5401772,126.9438824,37.5400537,126.94374455,36.67742330833687,,,,331322559,,,,,용강동
마포대로,주거지 도로,37.5413199,126.9482567,37.5412259,126.9483748,37.5412729,126.94831575,14.753811857839274,,,,473362530,,,,,도화동
마포대로,주거지 도로,37.5413199,126.9482567,37.5416931,126.947782,37.5415065,126.94801935,58.981838942380755,,,,463927376,,,,,용강동
큰우물로,3차로,37.5414383,126.9454907,37.5419978,126.9447396,37.54171805,126.94511515,90.86247904753326,,,,237264731,,,,,용강동
토정로37길,주거지 도로,37.5414383,126.9454907,37.5411992,126.9451782,37.54131875,126.94533445,38.28835162527931,,,,331322564,,,,,용강동
토정로37길,주거지 도로,37.5414383,126.9454907,37.5424739,126.9467481,37.5419561,126.9461194,159.8457755554649,,,,515842286,,,,,용강동
큰우물로,3차로,37.5414383,126.9454907,37.5404355,126.9469597,37.540936900000005,126.9462252,170.90686521504213,,,,237264731,,,,,용강동
마포대로,주거지 도로,37.5416931,126.947782,37.5423128,126.9486099,37.54200295,126.94819595,100.38098951542324,,,,237264714,,,,,용강동
마포대로,주거지 도로,37.5416931,126.947782,37.5424739,126.9467481,37.5420835,126.94726505,125.88623824049216,,,,463927376,,,,,용강동
마포대로,주거지 도로,37.5416931,126.947782,37.5413199,126.9482567,37.5415065,126.94801935,58.981838942380755,,,,463927376,,,,,용강동
마포대로,주거지 도로,37.5419015,126.9490779,37.5423128,126.9486099,37.54210715,126.9488439,61.60925850272736,,,,463927375,,,,,용강동
큰우물로,3차로,37.5419978,126.9447396,37.5424045,126.9441383,37.54220115,126.94443895,69.68286154237887,,,,237264731,,,,,용강동
큰우물로,3차로,37.5419978,126.9447396,37.5414383,126.9454907,37.54171805,126.94511515,90.86247904753326,,,,237264731,,,,,용강동
큰우물로,주거지 도로,37.5419978,126.9447396,37.5417743,126.9445675,37.54188605,126.94465355,30.776248914888978,,,,383506841,,,,,용강동
독막로42길,주거지 도로,37.5419978,126.9447396,37.5435381,126.9461751,37.54276795,126.94545735,214.87512588148977,,,,463927373,,,,,용강동
대흥로6길,주거지 도로,37.5423325,126.9378894,37.5429012,126.9385313,37.54261685,126.93821035,84.86324989776476,,,,237264686,,,,,용강동
대흥로4길,주거지 도로,37.5423325,126.9378894,37.5424687,126.9375744,37.5424006,126.9377319,31.63351772003227,,,,463924397,,,,,용강동
대흥로4길,주거지 도로,37.5423325,126.9378894,37.5421659,126.9382471,37.5422492,126.93806825,36.57573106770094,,,,463924397,,,,,용강동
큰우물로,3차로,37.542736,126.943648,37.5429204,126.9433806,37.5428282,126.9435143,31.24487693028054,,,,237264731,,,,,용강동
큰우물로,3차로,37.542736,126.943648,37.5424045,126.9441383,37.54257025,126.94389315,56.81035299647603,,,,237264731,,,,,용강동
토정로31길,3차로,37.542736,126.943648,37.5430019,126.9439456,37.54286895,126.9437968,39.53031253389976,,,,463927374,,,,,용강동
토정로31길,3차로,37.542736,126.943648,37.5424901,126.9433455,37.54261305,126.94349675,38.20335665646254,,,,463927374,,,,,용강동
대흥로6길,주거지 도로,37.5429012,126.9385313,37.5423325,126.9378894,37.54261685,126.93821035,84.86324989776476,,,,237264686,,,,,용강동
토정로,주거지 도로,37.5429012,126.9385313,37.5432402,126.9389173,37.5430707,126.9387243,50.78491314762282,,,,463924399,,,,,용강동
대흥로6길,주거지 도로,37.5429012,126.9385313,37.5430815,126.9382731,37.54299135,126.9384022,30.33601055293146,,,,383506847,,,,,용강동
대흥로6길,주거지 도로,37.5429012,126.9385313,37.5426943,126.9388205,37.542797750000005,126.9386759,34.34593682895604,,,,383506847,,,,,용강동
백범로36길,주거지 도로,37.5433232,126.9492204,37.5435593,126.9493886,37.54344125,126.9493045,30.15196988719362,,,,336020822,,,,,용강동
백범로36길,주거지 도로,37.5433232,126.9492204,37.5433637,126.9478025,37.54334345,126.94851145,147.23459098045066,,,,331322562,,,,,용강동
백범로36길,주거지 도로,37.5433232,126.9492204,37.5428065,126.948897,37.54306485,126.9490587,64.14051558962,,,,336020822,,,,,용강동
백범로36길,주거지 도로,37.5433637,126.9478025,37.5433232,126.9492204,37.54334345,126.94851145,147.23459098045066,,,,331322562,,,,,용강동
토정로37길,주거지 도로,37.5433637,126.9478025,37.5429572,126.9473132,37.54316045,126.94755785,62.48336328660089,,,,515842286,,,,,용강동
토정로37길,주거지 도로,37.5435381,126.9461751,37.5429572,126.9473132,37.54324765,126.94674415,119.33447526006702,,,,237264706,,,,,용강동
독막로42길,주거지 도로,37.5435381,126.9461751,37.5439956,126.9465035,37.54376685,126.9463393,58.5340797344565,,,,463927373,,,,,용강동
독막로42길,주거지 도로,37.5435381,126.9461751,37.5419978,126.9447396,37.54276795,126.94545735,214.87512588148977,,,,463927373,,,,,용강동
큰우물로,3차로,37.5442217,126.9414937,37.5444293,126.941195,37.5443255,126.94134435,35.01993001220983,,,,237264731,,,,,용강동
큰우물로,3차로,37.5442217,126.9414937,37.5432618,126.9428856,37.54374175,126.94218965,162.64112293824786,,,,237264731,,,,,용강동
대흥로8길,주거지 도로,37.5442217,126.9414937,37.5438308,126.9407545,37.54402625,126.9411241,79.51324886563285,,,,383506852,,,,,용강동
만리재옛길,3차로,37.5457484,126.9551946,37.5460157,126.9554393,37.54588205,126.95531695,36.72650972554839,,,,224260193,,,,,공덕동
마포대로8길,주거지 도로,37.5457484,126.9551946,37.5453749,126.9557825,37.54556165,126.95548855,66.41775244174615,,,,237264697,,,,,공덕동
마포대로8길,주거지 도로,37.5457484,126.9551946,37.5461513,126.9543498,37.54594985,126.9547722,86.91564649152421,,,,237264697,,,,,공덕동
만리재옛길,3차로,37.5457484,126.9551946,37.5451619,126.954618,37.545455149999995,126.9549063,82.97235227023823,,,,224260193,,,,,공덕동
마포대로8길,주거지 도로,37.5464659,126.9536675,37.5461513,126.9543498,37.5463086,126.95400865,69.58544687063313,,,,237264697,,,,,공덕동
마포대로8길,주거지 도로,37.5464659,126.9536675,37.5466884,126.9531878,37.546577150000005,126.95342765,48.99657926769557,,,,237264697,,,,,공덕동
만리재로1길,주거지 도로,37.5464659,126.9536675,37.5472017,126.9541978,37.5468338,126.95393265,94.23289016511043,,,,237264700,,,,,공덕동
만리재로1길,주거지 도로,37.5464659,126.9536675,37.5456083,126.9530619,37.5460371,126.9533647,109.29010926879658,,,,237264700,,,,,공덕동
마포대로8길,주거지 도로,37.5466884,126.9531878,37.5464659,126.9536675,37.546577150000005,126.95342765,48.99657926769557,,,,237264697,,,,,공덕동
광성로6길,주거지 도로,37.5470554,126.9408055,37.5478459,126.939634,37.54745065,126.94021975,136.04100671332736,,,,237264739,,,,,대흥동
백범로20길,주거지 도로,37.5470159,126.9437429,37.5463308,126.9440718,37.54667335,126.94390735,82.21072348933096,,,,336021877,,,,,염리동
만리재로1길,주거지 도로,37.5472017,126.9541978,37.5464659,126.9536675,37.5468338,126.95393265,94.23289016511043,,,,237264700,,,,,공덕동
마포대로10길,주거지 도로,37.5472017,126.9541978,37.5470452,126.9546891,37.54712345,126.95444345,46.678711908831424,,,,464247919,,,,,공덕동
마포대로10길,주거지 도로,37.5472017,126.9541978,37.5473697,126.9536754,37.5472857,126.9539366,49.69977051347325,,,,464247919,,,,,공덕동
마포대로10길,주거지 도로,37.5472017,126.9541978,37.5482083,126.9547323,37.547705,126.95446505,121.44365972965994,,,,472463327,,,,,공덕동
마포대로,주거지 도로,37.5472612,126.9526176,37.5469777,126.9531787,37.54711945,126.95289815,58.65802808913262,,,,317903516,,,,,아현동
마포대로7길,주거지 도로,37.5472612,126.9526176,37.5480632,126.9531495,37.547662200000005,126.95288355,100.75573361244012,,,,463947724,,,,,아현동
마포대로7길,주거지 도로,37.5472612,126.9526176,37.5467378,126.952255,37.5469995,126.9524363,66.55494975082196,,,,463947724,,,,,아현동
청파로47나길,주거지 도로,37.5476465,126.9680324,37.5478685,126.9681724,37.5477575,126.9681024,27.59893398639844,,,,237264677,,,,,청파동
청파로47나길,주거지 도로,37.5476465,126.9680324,37.5470604,126.9678845,37.54735345,126.96795845,66.46301451258813,,,,237264677,,,,,청파동
청파로47나길,주거지 도로,37.5476465,126.9680324,37.5468851,126.9677903,37.5472658,126.96791135,148.03865262218525,,,,377373683,,,,,청파동
청파로47나길,주거지 도로,37.5481906,126.9683725,37.5478685,126.9681724,37.548029549999995,126.96827245,39.92469437726827,,,,237264677,,,,,청파동
청파로47나길,주거지 도로,37.5481906,126.9683725,37.5494253,126.9693056,37.54880795,126.96883905,167.63722688196845,,,,237264677,,,,,청파동
청파로63길,주거지 도로,37.5481906,126.9683725,37.5481197,126.9691142,37.54815515,126.96874335,66.66282919415681,,,,377373566,,,,,청파동
마포대로11길,주거지 도로,37.5487936,126.9535842,37.5485784,126.9540881,37.548686,126.95383615,50.45846623051504,,,,393514959,,,,,아현동
마포대로11길,주거지 도로,37.5487936,126.9535842,37.5494256,126.9539204,37.5491096,126.9537523,76.26984466056447,,,,463947725,,,,,아현동
마포대로11길,주거지 도로,37.5487936,126.9535842,37.5492484,126.9516792,37.549021,126.9526317,176.2787490535996,,,,393514959,,,,,아현동
마포대로7길,주거지 도로,37.5487936,126.9535842,37.5480632,126.9531495,37.548428400000006,126.95336685,89.86055345962842,,,,463947724,,,,,아현동
백범로17길,주거지 도로,37.5491306,126.9446702,37.5487001,126.9445204,37.54891535,126.9445953,49.65775187270156,,,,237264679,,,,,대흥동
대흥로18길,주거지 도로,37.5491306,126.9446702,37.5491492,126.9444897,37.5491399,126.94457995,16.04652665394186,,,,237264703,,,,,대흥동
백범로17길,주거지 도로,37.5491306,126.9446702,37.5495241,126.9450832,37.54932735,126.9448767,58.6715721020923,,,,237264679,,,,,염리동
청파로71길,주거지 도로,37.5492524,126.9661867,37.549277,126.9664608,37.549264699999995,126.96632375,24.318645534545272,,,,237264712,,,,,청파동
청파로71길,주거지 도로,37.5492524,126.9661867,37.5492676,126.9657185,37.54926,126.9659526,41.31052180924606,,,,237264712,,,,,청파동
청파로71다길,주거지 도로,37.5492524,126.9661867,37.5488573,126.9661797,37.549054850000005,126.9661832,43.9375115445069,,,,377373716,,,,,청파동
청파로71길,주거지 도로,37.5492895,126.9650437,37.5492676,126.9657185,37.54927855,126.9653811,59.53933749599644,,,,237264712,,,,,청파동
대흥로18길,주거지 도로,37.5492856,126.9433084,37.5492135,126.9438641,37.54924955,126.94358625,49.68732978118636,,,,237264703,,,,,대흥동
대흥로18길,주거지 도로,37.5492856,126.9433084,37.5493363,126.9431818,37.54931095,126.9432451,12.503917627130374,,,,237264703,,,,,대흥동
백범로15길,주거지 도로,37.5492856,126.9433084,37.5487739,126.9432604,37.54902975,126.9432844,57.08453953926141,,,,237264713,,,,,대흥동
청파로71길,주거지 도로,37.5493156,126.9668904,37.5493831,126.9673199,37.54934935,126.96710515,38.60088519685865,,,,237264712,,,,,청파동
청파로71길,주거지 도로,37.5493156,126.9668904,37.5497453,126.9668688,37.54953045,126.9668796,47.81845740439552,,,,237264716,,,,,청파동
청파로71길,주거지 도로,37.5493156,126.9668904,37.549277,126.9664608,37.549296299999995,126.9666756,38.115422173509025,,,,237264712,,,,,청파동
대흥로18길,주거지 도로,37.5493363,126.9431818,37.5492856,126.9433084,37.54931095,126.9432451,12.503917627130374,,,,237264703,,,,,대흥동
청파로71길,주거지 도로,37.5494253,126.9693056,37.549457,126.9691905,37.54944115,126.96924805,10.741853013577954,,,,377373672,,,,,청파동
청파로47나길,주거지 도로,37.5494253,126.9693056,37.5481906,126.9683725,37.54880795,126.96883905,167.63722688196847,,,,237264677,,,,,청파동
청파로71길,주거지 도로,37.5494253,126.9693056,37.5491916,126.9699068,37.54930845,126.9696062,59.75103232578523,,,,377373672,,,,,청파동
청파로71길,주거지 도로,37.5494521,126.9677587,37.5497292,126.9681029,37.54959065,126.9679308,43.245278695767986,,,,237264712,,,,,청파동
청파로71길,주거지 도로,37.5494521,126.9677587,37.5493831,126.9673199,37.5494176,126.9675393,39.437509571967105,,,,237264712,,,,,청파동
청파로71나길,주거지 도로,37.5494521,126.9677587,37.5486148,126.9677586,37.54903345,126.96775865,93.10364435224042,,,,289489779,,,,,청파동
백범로17길,주거지 도로,37.549471,126.9458545,37.5495052,126.9452743,37.5494881,126.9455644,51.29953485199285,,,,237264679,,,,,염리동
숭문길,주거지 도로,37.549471,126.9458545,37.5489538,126.9455836,37.5492124,126.94571905,62.44148787082611,,,,615438226,,,,,염리동
숭문길,주거지 도로,37.549471,126.9458545,37.5498617,126.9461922,37.549666349999995,126.94602335,52.77393714739396,,,,615438226,,,,,염리동
청파로71길,주거지 도로,37.549457,126.9691905,37.5494253,126.9693056,37.54944115,126.96924805,10.741853013577954,,,,377373672,,,,,청파동
청파로,주거지 도로,37.549457,126.9691905,37.5496096,126.9695599,37.54953329999999,126.9693752,36.721276445670874,,,,464380979,,,,,청파동
청파로71길,주거지 도로,37.549457,126.9691905,37.5497292,126.9681029,37.5495931,126.9686467,104.0925054037606,,,,464399108,,,,,청파동
백범로17길,주거지 도로,37.5495241,126.9450832,37.5495052,126.9452743,37.54951465,126.94517875,16.977656754675827,,,,237264679,,,,,염리동
백범로17길,주거지 도로,37.5495241,126.9450832,37.5491306,126.9446702,37.54932735,126.9448767,58.6715721020923,,,,237264679,,,,,염리동
대흥로20안길,주거지 도로,37.5495241,126.9450832,37.5498802,126.9446508,37.54970215,126.944867,59.878702207404366,,,,328336788,,,,,대흥동
청파로,주거지 도로,37.5496096,126.9695599,37.549643,126.9698109,37.5496263,126.9696854,22.437247150601884,,,,464380979,,,,,청파동
청파로73길,주거지 도로,37.5496096,126.9695599,37.5499542,126.9692987,37.5497819,126.9694293,44.94701620555542,,,,377373635,,,,,청파동
청파로,주거지 도로,37.5496096,126.9695599,37.549457,126.9691905,37.54953329999999,126.9693752,36.721276445670874,,,,464380979,,,,,청파동
청파로,주거지 도로,37.549643,126.9698109,37.5496096,126.9695599,37.5496263,126.9696854,22.437247150601884,,,,464380979,,,,,청파동
청파로71길,주거지 도로,37.5497453,126.9668688,37.5501634,126.9668648,37.54995435,126.9668668,46.4920018431178,,,,237264716,,,,,청파동
청파로71길,주거지 도로,37.5497453,126.9668688,37.5493156,126.9668904,37.54953045,126.9668796,47.81845740439552,,,,237264716,,,,,청파동
청파로71가길,주거지 도로,37.5497453,126.9668688,37.5497429,126.9673128,37.5497441,126.9670908,39.14314538137388,,,,237264734,,,,,청파동
광성로,3차로,37.5497059,126.9379506,37.5497935,126.9374323,37.5497497,126.93769145,47.29770233313729,,,,37398503,,,,,신수동
광성로,3차로,37.5497059,126.9379506,37.5498486,126.9384187,37.54977725,126.93818465,44.84321203907938,,,,37398503,,,,,대흥동
광성로6길,주거지 도로,37.5497059,126.9379506,37.5495512,126.9380676,37.54962855,126.9380091,20.07364743429888,,,,237264739,,,,,신수동
광성로,주거지 도로,37.5497059,126.9379506,37.5503142,126.9373533,37.55001005,126.93765195,85.98632254041891,,,,463977558,,,,,신수동
청파로71길,주거지 도로,37.5501634,126.9668648,37.5497453,126.9668688,37.54995435,126.9668668,46.4920018431178,,,,237264716,,,,,청파동
청파로71가길,주거지 도로,37.5501634,126.9668648,37.5501697,126.967316,37.55016655,126.9670904,39.782917370457845,,,,377373670,,,,,청파동
청파로71가길,주거지 도로,37.5501634,126.9668648,37.5503745,126.9664339,37.55026895,126.96664935,60.86313962336991,,,,331953294,,,,,청파동
"['청파로73나길', '청파로71가길']",주거지 도로,37.5501634,126.9668648,37.5510282,126.9664447,37.5505958,126.96665475,132.44124195619895,,,,"[331953292, 331953295]",,,,,청파동
청파로71가길,주거지 도로,37.5510282,126.9664447,37.5512714,126.966447,37.5511498,126.96644585,27.043404476359303,,,,331953294,,,,,청파동
"['청파로73나길', '청파로71가길']",주거지 도로,37.5510282,126.9664447,37.5501634,126.9668648,37.5505958,126.96665475,132.44124195619895,,,,"[331953292, 331953295]",,,,,청파동
청파로71가길,주거지 도로,37.5510282,126.9664447,37.5503745,126.9664339,37.55070135,126.9664393,72.69446170203668,,,,331953294,,,,,청파동
고산16길,주거지 도로,37.5520921,126.9438823,37.5529715,126.9446974,37.5525318,126.94428985,124.90479129365498,,,,237264736,,,,,대흥동
마포대로21길,주거지 도로,37.5531916,126.9564776,37.553412,126.9558866,37.5533018,126.9561821,57.575329147982075,,,,237264720,,,,,아현동
마포대로21길,주거지 도로,37.553412,126.9558866,37.5531916,126.9564776,37.5533018,126.9561821,57.575329147982075,,,,237264720,,,,,아현동
마포대로21길,주거지 도로,37.553412,126.9558866,37.5541391,126.9555794,37.55377555,126.955733,85.43175506215249,,,,237264720,,,,,아현동
마포대로19길,주거지 도로,37.553412,126.9558866,37.5526276,126.9552941,37.5530198,126.95559035,111.3217411142446,,,,328816007,,,,,아현동
고산14길,주거지 도로,37.5534057,126.9442332,37.553752,126.9442315,37.55357885,126.94423235,38.5071491086937,,,,237264721,,,,,대흥동
대흥로21길,주거지 도로,37.5534057,126.9442332,37.5534118,126.9447188,37.55340875,126.944476,42.81288484829606,,,,463948662,,,,,대흥동
고산14길,주거지 도로,37.5534057,126.9442332,37.5533831,126.9430009,37.5533944,126.94361705,191.68784144645812,,,,237264721,,,,,대흥동
고산16길,주거지 도로,37.5534118,126.9447188,37.5537622,126.9447189,37.553587,126.94471885,38.96275833434443,,,,237264736,,,,,대흥동
고산16길,주거지 도로,37.5534118,126.9447188,37.5529715,126.9446974,37.55319165,126.9447081,48.99552719664288,,,,237264736,,,,,대흥동
대흥로21길,주거지 도로,37.5534118,126.9447188,37.5534057,126.9442332,37.55340875,126.944476,42.81288484829606,,,,463948662,,,,,대흥동
대흥로21길,주거지 도로,37.5534118,126.9447188,37.5534162,126.9452581,37.553414,126.94498845,47.54388745790859,,,,463948662,,,,,대흥동
고산18길,주거지 도로,37.5534162,126.9452581,37.5539037,126.9452515,37.55365995,126.9452548,54.21072554448952,,,,237264732,,,,,대흥동
대흥로21길,주거지 도로,37.5534162,126.9452581,37.5534118,126.9447188,37.553414,126.94498845,47.54388745790859,,,,463948662,,,,,대흥동
대흥로21길,주거지 도로,37.5534162,126.9452581,37.5534217,126.9459204,37.55341895,126.94558925,58.38749237676958,,,,463948662,,,,,대흥동
고산18길,주거지 도로,37.5534162,126.9452581,37.5525344,126.9451922,37.5529753,126.94522515,98.91598848546693,,,,237264732,,,,,대흥동
청파로89길,주거지 도로,37.5534565,126.9655971,37.5534036,126.9656636,37.55343005,126.96563035,8.30459193349445,,,,237264676,,,,,청파동
청파로89길,주거지 도로,37.5534565,126.9655971,37.5537567,126.9652651,37.5536066,126.9654311,44.394062733378995,,,,237264676,,,,,청파동
청파로93길,주거지 도로,37.5534565,126.9655971,37.5537454,126.9660249,37.55360095,126.965811,49.53960193432812,,,,237264726,,,,,청파동
청파로89길,주거지 도로,37.5534806,126.9686487,37.5537451,126.96834,37.55361285,126.96849435,40.06945528874184,,,,464419340,,,,,청파동
청파로89길,주거지 도로,37.5534806,126.9686487,37.553481,126.9689949,37.5534808,126.9688218,30.522358587996074,,,,331951642,,,,,청파동
청파로89길,주거지 도로,37.5534806,126.9686487,37.5532811,126.9676079,37.55338085,126.9681283,103.27824812491272,,,,331951642,,,,,청파동
청파로93길,주거지 도로,37.5537454,126.9660249,37.5537177,126.9662059,37.553731549999995,126.9661154,16.25035090674909,,,,237264726,,,,,청파동
청파로93길,주거지 도로,37.5537454,126.9660249,37.5534565,126.9655971,37.55360095,126.965811,49.53960193432812,,,,237264726,,,,,청파동
만리재로,주거지 도로,37.5537454,126.9660249,37.5540945,126.9657944,37.553919949999994,126.96590965,43.81469918991212,,,,331951640,,,,,청파동
마포대로24길,주거지 도로,37.5537502,126.9596946,37.5534211,126.9601905,37.55358565,126.95994255,57.01033650444258,,,,464240152,,,,,공덕동
마포대로24안길,주거지 도로,37.5537502,126.9596946,37.5540333,126.9598295,37.553891750000005,126.95976205,33.65062943926285,,,,464240575,,,,,공덕동
마포대로24길,주거지 도로,37.5537502,126.9596946,37.55401,126.9590458,37.5538801,126.9593702,64.07861717415962,,,,464240152,,,,,공덕동
청파로93길,주거지 도로,37.5538962,126.9670435,37.5538221,126.9666532,37.553859149999994,126.96684835,35.37908578595702,,,,237264726,,,,,청파동
만리재로36길,주거지 도로,37.5538962,126.9670435,37.5537064,126.9671313,37.5538013,126.9670874,22.479307561243807,,,,377373700,,,,,청파동
청파로93길,주거지 도로,37.5538962,126.9670435,37.5541834,126.9676847,37.5540398,126.9673641,64.94695360066375,,,,237264726,,,,,청파동
만리재로36길,주거지 도로,37.5538962,126.9670435,37.5543689,126.9666816,37.55413255,126.96686255,63.336353253380224,,,,377373700,,,,,청파동
청파로93길,주거지 도로,37.5543546,126.9689981,37.5543513,126.9686448,37.55435295,126.96882145,31.146526455945192,,,,237264726,,,,,청파동
고산길,주거지 도로,37.5543928,126.9452832,37.5544225,126.9450973,37.55440765,126.94519025,16.717036295219664,,,,584544846,,,,,대흥동
고산18길,주거지 도로,37.5543928,126.9452832,37.5539037,126.9452515,37.55414825,126.94526735,54.57488159973152,,,,237264732,,,,,대흥동
고산길,주거지 도로,37.5543928,126.9452832,37.5543899,126.9459004,37.55439135,126.9455918,54.550971297928264,,,,584544846,,,,,대흥동
마포대로21길,주거지 도로,37.5546139,126.9555278,37.5541391,126.9555794,37.5543765,126.9555536,52.99101308867544,,,,237264720,,,,,아현동
마포대로21길,주거지 도로,37.5546139,126.9555278,37.5553523,126.9553417,37.5549831,126.95543475,84.3256540851893,,,,237264720,,,,,아현동
마포대로21길,주거지 도로,37.5546139,126.9555278,37.5548557,126.9563929,37.5547348,126.95596035,89.21473191353165,,,,912703616,,,,,아현동
고산길,주거지 도로,37.5546767,126.9442202,37.5544856,126.9447028,37.55458115,126.9444615,47.554077793686375,,,,584544846,,,,,대흥동
고산14길,주거지 도로,37.5546767,126.9442202,37.553752,126.9442315,37.55421435,126.94422585,102.9846000479562,,,,237264721,,,,,대흥동
고산14길,주거지 도로,37.5546767,126.9442202,37.5551544,126.9430745,37.55491555,126.94364735,134.10052396649127,,,,902867545,,,,,대흥동
환일길,주거지 도로,37.5549496,126.9608454,37.5543449,126.9609272,37.55464725,126.9608863,67.63904605694508,,,,224260206,,,,,공덕동
환일길,주거지 도로,37.5549496,126.9608454,37.5554209,126.9607799,37.55518525,126.96081265,52.72586213449694,,,,224260206,,,,,공덕동
마포대로24안길,주거지 도로,37.5549496,126.9608454,37.5540333,126.9598295,37.55449145,126.96033745,136.76294408755163,,,,464240575,,,,,공덕동
신촌로28길,주거지 도로,37.5550136,126.9494603,37.5550555,126.949701,37.55503455,126.94958065,21.72366672804387,,,,463949884,,,,,아현동
숭문16다길,주거지 도로,37.5550136,126.9494603,37.5546351,126.9495339,37.55482435,126.9494971,42.60171772446388,,,,237264682,,,,,염리동
숭문16다길,주거지 도로,37.5550136,126.9494603,37.5552244,126.949172,37.555119000000005,126.94931615,35.535450560542934,,,,237264682,,,,,아현동
숭문길,주거지 도로,37.5553168,126.9465406,37.5543918,126.9465668,37.5548543,126.9465537,102.88137968578869,,,,224132972,,,,,염리동
숭문길,주거지 도로,37.5553168,126.9465406,37.5558325,126.9465263,37.55557465,126.94653345,57.35715832810615,,,,224132972,,,,,염리동
대흥로28길,주거지 도로,37.5553168,126.9465406,37.5553167,126.9470852,37.55531675,126.9468129,48.0073609108398,,,,327202468,,,,,염리동
대흥로28길,주거지 도로,37.5553168,126.9465406,37.555317,126.9458831,37.5553169,126.94621185,57.95967905427064,,,,327202468,,,,,대흥동
숭문16나길,주거지 도로,37.5553653,126.9482295,37.5550548,126.9485877,37.55521005,126.9484086,46.88140942090759,,,,224132979,,,,,염리동
숭문16나길,주거지 도로,37.5553653,126.9482295,37.5557967,126.9479723,37.555581,126.9481009,54.13282023948593,,,,224132979,,,,,염리동
대흥로28길,주거지 도로,37.5553653,126.9482295,37.5553306,126.9477552,37.55534795,126.94799235,42.83843281675165,,,,327202468,,,,,염리동
숭문16길,주거지 도로,37.5557912,126.9485377,37.5557979,126.9489503,37.55579455,126.948744,36.37874501128716,,,,224132977,,,,,아현동
대흥로30길,주거지 도로,37.5557912,126.9485377,37.5564465,126.9485282,37.55611885,126.94853295,72.87095039176965,,,,463957106,,,,,아현동
숭문16길,주거지 도로,37.5557912,126.9485377,37.5557967,126.9479723,37.55579395,126.948255,49.88315510749371,,,,224132977,,,,,염리동
숭문16다길,주거지 도로,37.5557912,126.9485377,37.555362,126.9488433,37.5555766,126.9486905,57.21792342022939,,,,237264682,,,,,아현동
신촌로34길,주거지 도로,37.5562589,126.9545053,37.5564217,126.9544901,37.5563403,126.9544977,18.152078649597097,,,,237264701,,,,,아현동
굴레방로7길,주거지 도로,37.5562589,126.9545053,37.5562974,126.9550097,37.55627815,126.9547575,44.66870923346053,,,,237264715,,,,,아현동
신촌로34길,주거지 도로,37.5562589,126.9545053,37.5558097,126.954745,37.5560343,126.95462515,55.74402108408388,,,,237264701,,,,,아현동
굴레방로7길,주거지 도로,37.5562589,126.9545053,37.5562012,126.9537494,37.55623005,126.95412735,66.94115269191842,,,,237264715,,,,,아현동
굴레방로7길,주거지 도로,37.5563016,126.9550649,37.5562974,126.9550097,37.556299499999994,126.9550373,4.888264367759752,,,,237264715,,,,,아현동
굴레방로7길,주거지 도로,37.5563016,126.9550649,37.5563408,126.9555772,37.5563212,126.95532105,45.369327361364356,,,,237264715,,,,,아현동
마포대로21길,주거지 도로,37.5563016,126.9550649,37.5553523,126.9553417,37.55582695,126.9552033,108.34091487993304,,,,237264720,,,,,아현동
굴레방로7길,주거지 도로,37.5563408,126.9555772,37.5563016,126.9550649,37.5563212,126.95532105,45.369327361364356,,,,237264715,,,,,아현동
굴레방로,3차로,37.5563408,126.9555772,37.5555763,126.9558226,37.55595855,126.9556999,87.71785382923643,,,,515830273,,,,,아현동
굴레방로,3차로,37.5563408,126.9555772,37.55658,126.95557,37.5564604,126.9555736,26.976470447620308,,,,515830273,,,,,아현동
신촌로30길,주거지 도로,37.5565379,126.9520328,37.5566355,126.9520217,37.5565867,126.95202725,10.896659786552336,,,,224132970,,,,,아현동
굴레방로7길,주거지 도로,37.5565379,126.9520328,37.5562868,126.9532861,37.55641235,126.95265945,113.95238511671936,,,,237264689,,,,,아현동
신촌로30길,주거지 도로,37.5565379,126.9520328,37.5564342,126.9520397,37.55648605,126.95203625,11.54696074671098,,,,463953203,,,,,아현동
신촌로37길,주거지 도로,37.557449,126.9568327,37.5578571,126.9568733,37.55765305,126.956853,45.519633022096194,,,,237264674,,,,,북아현동
북아현로4라길,주거지 도로,37.5580731,126.9580678,37.5582447,126.9580919,37.5581589,126.95807985,19.198969599129818,,,,237264691,,,,,북아현동
신촌로37길,주거지 도로,37.5580731,126.9580678,37.5581891,126.9585951,37.5581311,126.95833145,48.23848341026095,,,,463992433,,,,,북아현동
신촌로37길,주거지 도로,37.5580731,126.9580678,37.5579515,126.9575752,37.5580123,126.9578215,45.5069051365753,,,,463992433,,,,,북아현동
북아현로4가길,주거지 도로,37.5588384,126.9590323,37.5587677,126.9591741,37.558803049999995,126.9591032,14.766037180400405,,,,463994512,,,,,북아현동
북아현로4가길,주거지 도로,37.5588384,126.9590323,37.5589763,126.9587153,37.55890735,126.9588738,31.87350798198478,,,,463994512,,,,,북아현동
북아현로4라길,주거지 도로,37.5588384,126.9590323,37.5586833,126.9585353,37.55876085,126.9587838,47.1620235225405,,,,237264691,,,,,북아현동
북아현로4마길,주거지 도로,37.5588384,126.9590323,37.5592299,126.959597,37.55903415,126.95931465,67.325744556427,,,,463994116,,,,,북아현동
북아현로4마길,주거지 도로,37.5597897,126.9599529,37.5599162,126.9595831,37.55985295000001,126.959768,35.50193822776154,,,,385962298,,,,,북아현동
북아현로4마길,주거지 도로,37.5597897,126.9599529,37.5599399,126.9600239,37.5598648,126.9599884,17.83556817963902,,,,463994116,,,,,북아현동
북아현로4마길,주거지 도로,37.5597897,126.9599529,37.5596427,126.9598861,37.5597162,126.9599195,17.373883236118104,,,,463994116,,,,,북아현동
북아현로4마길,주거지 도로,37.5597897,126.9599529,37.5596581,126.9605827,37.5597239,126.9602678,57.89151216885638,,,,385962298,,,,,북아현동
북아현로4아길,주거지 도로,37.5601694,126.9592362,37.5604935,126.9592943,37.56033145,126.95926525,36.40038904230632,,,,237264673,,,,,북아현동
북아현로4길,주거지 도로,37.5601694,126.9592362,37.560052,126.9589373,37.5601107,126.95908675,29.4035643679139,,,,360246963,,,,,북아현동
북아현로4길,주거지 도로,37.5601694,126.9592362,37.5602821,126.9598182,37.56022575,126.9595272,56.41388893155551,,,,360246963,,,,,북아현동
북아현로6길,주거지 도로,37.5601497,126.9584047,37.5602056,126.9584839,37.56017765,126.9584443,9.34733672529684,,,,463992435,,,,,북아현동
북아현로6길,주거지 도로,37.5601497,126.9584047,37.5600863,126.958234,37.560118,126.95831935,16.616155907183387,,,,463992435,,,,,북아현동
북아현로4길,주거지 도로,37.5601497,126.9584047,37.5599407,126.958695,37.5600452,126.95854985,34.56693403435143,,,,463994111,,,,,북아현동
북아현로6길,주거지 도로,37.5602056,126.9584839,37.5601497,126.9584047,37.56017765,126.9584443,9.34733672529684,,,,463992435,,,,,북아현동
북아현로6길,주거지 도로,37.5602056,126.9584839,37.5606157,126.9587625,37.56041065,126.9586232,52.44915397455753,,,,463992435,,,,,북아현동
북아현로6길,주거지 도로,37.5602056,126.9584839,37.5613471,126.9584459,37.56077635,126.9584649,161.4196006302402,,,,472113129,,1,,,북아현동
북아현로4길,주거지 도로,37.5606803,126.9602836,37.5605489,126.9602675,37.5606146,126.96027555,14.679791292067462,,,,463994117,,,,,북아현동
북아현로4차길,주거지 도로,37.5606803,126.9602836,37.5609739,126.9600391,37.5608271,126.96016135,39.11885067723989,,,,463998262,,,,,북아현동
북아현로4길,주거지 도로,37.5606803,126.9602836,37.5607105,126.9606891,37.5606954,126.96048635,36.7308669970011,,,,385962300,,,,,북아현동
북아현로4차길,주거지 도로,37.5609739,126.9600391,37.5606803,126.9602836,37.5608271,126.96016135,39.11885067723989,,,,463998262,,,,,북아현동
북아현로4마길,주거지 도로,37.5609739,126.9600391,37.5607718,126.9606356,37.56087285,126.96033735,58.258947445200754,,,,385962299,,,,,북아현동
북아현로4차길,주거지 도로,37.5609739,126.9600391,37.5613782,126.9597251,37.56117605,126.9598821,56.651257339461694,,,,463998262,,,,,충현동
북아현로4자길,주거지 도로,37.5613782,126.9597251,37.5612601,126.9594955,37.56131915,126.9596103,24.125272402872252,,,,463998263,,,,,북아현동
북아현로4차길,주거지 도로,37.5613782,126.9597251,37.562314,126.9590146,37.5618461,126.95936985,123.3201500041287,,,,463998262,,,,,충현동
북아현로4차길,주거지 도로,37.5613782,126.9597251,37.5609739,126.9600391,37.56117605,126.9598821,56.651257339461694,,,,463998262,,,,,충현동
"['북아현로11길', '북아현로11라길']",주거지 도로,37.5615676,126.9528475,37.5610592,126.9518894,37.5613134,126.95236845,102.11944697845492,,,,"[224132961, 327214342, 327214343]",,,,,충현동
북아현로11길,주거지 도로,37.5615676,126.9528475,37.5620487,126.9551375,37.56180815,126.9539925,209.0968055346599,,,,224132961,,,,,충현동
"['북아현로11나길', '북아현로19길']",주거지 도로,37.5615676,126.9528475,37.5635157,126.9518515,37.56254165,126.9523495,252.7595239338738,,,,"[237264708, 516372149]",,,,,충현동
북아현로11길,주거지 도로,37.5620487,126.9551375,37.5621874,126.9556762,37.562118049999995,126.95540685,49.92484537678034,,,,224132961,,,,,충현동
북아현로11가길,주거지 도로,37.5620487,126.9551375,37.5623586,126.9549356,37.56220365,126.95503655,38.78338104055432,,,,237264710,,,,,충현동
북아현로11길,주거지 도로,37.5620487,126.9551375,37.5615676,126.9528475,37.56180815,126.9539925,209.0968055346599,,,,224132961,,,,,충현동
충정로,주거지 도로,37.5620747,126.9618089,37.5621867,126.9630603,37.5621307,126.9624346,112.7945810105146,,,,237264719,,1,True,,충현동
경기대로3길,주거지 도로,37.5622159,126.9617995,37.562491,126.9592948,37.56235345,126.96054715,316.90993218430606,,,,"[237264683, 1176843860]",,,,,충현동
북아현로12길,주거지 도로,37.5622556,126.9556482,37.5625125,126.9564244,37.56238405,126.9560363,74.14090026419834,,,,237264696,,,,,충현동
북아현로,주거지 도로,37.5622556,126.9556482,37.5621874,126.9556762,37.5622215,126.9556622,7.975001357254215,,,,516388933,,,,,충현동
북아현로,주거지 도로,37.5622556,126.9556482,37.5625661,126.9554855,37.56241085,126.95556685,37.40501408765934,,,,516388933,,,,,충현동
경기대로,주거지 도로,37.5624239,126.9618419,37.5626424,126.9612802,37.56253315,126.96156105,71.36900013591385,,,,237264729,,,,,충현동
경기대로3길,주거지 도로,37.562491,126.9592948,37.5622159,126.9617995,37.56235345,126.96054715,316.9099321843061,,,,"[237264683, 1176843860]",,,,,충현동
경기대로7길,주거지 도로,37.5630433,126.962119,37.5635132,126.9606801,37.56327825,126.96139955,137.177510666722,,,,237264705,,,,,충현동
북아현로14길,주거지 도로,37.5631359,126.9573055,37.5632594,126.9576887,37.56319765,126.9574971,36.46107972143181,,,,224258724,,,,,충현동
북아현로14길,주거지 도로,37.5631359,126.9573055,37.5629835,126.9568324,37.5630597,126.95706895,45.011964268295806,,,,224258724,,,,,충현동
북아현로18길,주거지 도로,37.5631359,126.9573055,37.5632705,126.9572468,37.5632032,126.95727615,15.835928015946036,,,,237264702,,,,,충현동
북아현로14길,주거지 도로,37.5631359,126.9573055,37.5628466,126.9574413,37.56299125,126.9573734,34.323500623536155,,,,463999817,,,,,충현동
북아현로18길,주거지 도로,37.5632705,126.9572468,37.5631359,126.9573055,37.5632032,126.95727615,15.835928015946036,,,,237264702,,,,,충현동
북아현로18길,주거지 도로,37.5632705,126.9572468,37.5636441,126.9567447,37.5634573,126.95699575,60.69908274911393,,,,237264702,,,,,충현동
북아현로18길,주거지 도로,37.5632705,126.9572468,37.563997,126.9574389,37.56363375,126.95734285,82.53861928466212,,,,403275006,,,,,충현동
북아현로14나길,주거지 도로,37.5634377,126.9589359,37.5637377,126.9587494,37.5635877,126.95884265,37.188893081289045,,,,463992134,,,,,충현동
북아현로14나길,주거지 도로,37.5634377,126.9589359,37.5631861,126.9590093,37.5633119,126.9589726,28.891507519693352,,,,463992134,,,,,충현동
북아현로14가길,주거지 도로,37.5634377,126.9589359,37.5635482,126.9583689,37.56349295,126.9586524,51.531310689789315,,,,463999802,,,,,충현동
경기대로7길,주거지 도로,37.5635132,126.9606801,37.5636325,126.9602956,37.56357285,126.96048785,36.39428113058618,,,,237264705,,,,,충현동
경기대로,주거지 도로,37.5635132,126.9606801,37.5632001,126.9605175,37.56335665,126.9605988,37.64970456906116,,,,237264729,,,,,충현동
경기대로7길,주거지 도로,37.5635132,126.9606801,37.5630433,126.962119,37.56327825,126.96139955,137.177510666722,,,,237264705,,,,,충현동
북아현로18길,주거지 도로,37.5636441,126.9567447,37.5632705,126.9572468,37.5634573,126.95699575,60.69908274911393,,,,237264702,,,,,충현동
북아현로18길,주거지 도로,37.5636441,126.9567447,37.5637551,126.9561795,37.5636996,126.9564621,51.32389393061395,,,,237264702,,,,,충현동
북아현로18길,주거지 도로,37.5636441,126.9567447,37.564088,126.9568494,37.56386605,126.95679705,50.214774923542635,,,,403275002,,,,,충현동
북아현로20길,주거지 도로,37.563908,126.958015,37.563997,126.9574389,37.5639525,126.95772695,51.73363109476488,,,,237264695,,,,,충현동
북아현로14길,주거지 도로,37.563908,126.958015,37.5643348,126.9589735,37.5641214,126.95849425,99.14205920021077,,,,224258724,,,,,충현동
북아현로14길,주거지 도로,37.563908,126.958015,37.5632594,126.9576887,37.563583699999995,126.95785185,77.90123543981316,,,,224258724,,,,,충현동
북아현로19길,주거지 도로,37.5639243,126.9530048,37.5640317,126.9532649,37.563978,126.95313485,25.84959014299404,,,,237264718,,,,,충현동
북아현로23길,주거지 도로,37.5639243,126.9530048,37.5650555,126.9521916,37.5644899,126.9525982,144.77237576504376,,,,360259173,,,,,충현동
북아현로19길,주거지 도로,37.5639243,126.9530048,37.5635157,126.9518515,37.56372,126.95242815,111.34525515878924,,,,516372149,,,,,충현동
북아현로19길,주거지 도로,37.5640317,126.9532649,37.5639243,126.9530048,37.563978,126.95313485,25.84959014299404,,,,237264718,,,,,충현동
북아현로19길,주거지 도로,37.5640317,126.9532649,37.5641804,126.953625,37.56410605,126.95344495,35.788290076464705,,,,237264718,,,,,충현동
북아현로11가길,주거지 도로,37.5640317,126.9532649,37.5623586,126.9549356,37.56319515,126.95410025,238.60776126616688,,,,237264710,,,,,충현동
북아현로18길,주거지 도로,37.5640867,126.9544905,37.5639603,126.9551341,37.5640235,126.9548123,58.44297195465238,,,,237264702,,,,,충현동
북아현로18길,주거지 도로,37.5640867,126.9544905,37.5644176,126.9547154,37.56425215,126.95460295,41.79449501785363,,,,403275007,,,,,충현동
북아현로18길,주거지 도로,37.5640867,126.9544905,37.56374,126.95419,37.56391335,126.95434025,46.77328388864185,,,,403275007,,,,,충현동
북아현로19길,주거지 도로,37.5641804,126.953625,37.5640317,126.9532649,37.56410605,126.95344495,35.788290076464705,,,,237264718,,,,,충현동
북아현로,주거지 도로,37.5641804,126.953625,37.56424,126.95355,37.5642102,126.9535875,9.360550959331066,,,,516372148,,,,,충현동
북아현로,주거지 도로,37.5641804,126.953625,37.56397,126.95389,37.5640752,126.9537575,33.05928443289916,,,,516388933,,,,,충현동
북아현로14길,주거지 도로,37.5644081,126.9590945,37.5643348,126.9589735,37.56437145,126.959034,13.422946884363924,,,,224258724,,,,,충현동
경기대로9길,주거지 도로,37.5644081,126.9590945,37.5645138,126.9595433,37.56446095,126.9593189,41.26672746827451,,,,463992133,,,,,충현동
북아현로22나길,주거지 도로,37.5644081,126.9590945,37.5646397,126.9588888,37.5645239,126.95899165,31.49479853155419,,,,516398286,,,,,충현동
경기대로7길,주거지 도로,37.5644081,126.9590945,37.5642347,126.959361,37.5643214,126.95922775,32.5269309927386,,,,237264705,,,,,충현동
북아현로14나길,주거지 도로,37.5644081,126.9590945,37.5637377,126.9587494,37.5640729,126.95892195,89.79813100703257,,,,463992134,,,,,충현동
북아현로14길,주거지 도로,37.5643348,126.9589735,37.5644081,126.9590945,37.56437145,126.959034,13.422946884363924,,,,224258724,,,,,충현동
북아현로22길,주거지 도로,37.5643348,126.9589735,37.5645334,126.9575689,37.5644341,126.9582712,125.75672351990129,,,,237264707,,,,,충현동
북아현로14길,주거지 도로,37.5643348,126.9589735,37.563908,126.958015,37.5641214,126.95849425,99.14205920021077,,,,224258724,,,,,충현동
북아현로20길,주거지 도로,37.5644943,126.9542185,37.5645879,126.9536123,37.5645411,126.9539154,54.43512436783399,,,,237264695,,,,,충현동
북아현로20길,주거지 도로,37.5644943,126.9542185,37.5644176,126.9547154,37.56445595,126.95446695,44.6198269733834,,,,237264695,,,,,충현동
북아현로20길,주거지 도로,37.5644943,126.9542185,37.5649897,126.9543415,37.564741999999995,126.95428,56.1427247056927,,,,463990597,,,,,충현동
북아현로,주거지 도로,37.5644943,126.9542185,37.56397,126.95389,37.564232149999995,126.95405425,65.09373863510308,,,,463990598,,,,,충현동
북아현로20길,주거지 도로,37.5645879,126.9536123,37.5644943,126.9542185,37.5645411,126.9539154,54.43512436783399,,,,237264695,,,,,충현동
북아현로,주거지 도로,37.5645879,126.9536123,37.56424,126.95355,37.56441395,126.95358115,39.07255293507312,,,,463990575,,,,,충현동
북아현로,주거지 도로,37.5645879,126.9536123,37.5650755,126.9537343,37.5648317,126.9536733,55.27476392125969,,,,463990575,,,,,충현동
북아현로22나길,주거지 도로,37.5646397,126.9588888,37.5644081,126.9590945,37.5645239,126.95899165,31.49479853155419,,,,516398286,,,,,충현동
북아현로22나길,주거지 도로,37.5646397,126.9588888,37.5648708,126.95865,37.564755250000005,126.9587694,33.21687550584929,,,,516398286,,,,,충현동
북아현로22마길,주거지 도로,37.5646397,126.9588888,37.5650236,126.9570917,37.56483165,126.95799025,165.89522697458517,,,,237264724,,,,,충현동
북아현로22길,주거지 도로,37.5649897,126.9543415,37.5650755,126.9537343,37.565032599999995,126.9540379,54.36239444626259,,,,237264707,,,,,충현동
북아현로22길,주거지 도로,37.5649897,126.9543415,37.5649155,126.954866,37.5649526,126.95460375,46.96001914722412,,,,237264707,,,,,충현동
북아현로22길,주거지 도로,37.5649897,126.9543415,37.5653711,126.9544473,37.5651804,126.9543944,43.42293161917046,,,,463990577,,,,,충현동
북아현로20길,주거지 도로,37.5649897,126.9543415,37.5644943,126.9542185,37.564741999999995,126.95428,56.1427247056927,,,,463990597,,,,,충현동
북아현로22마길,주거지 도로,37.5650647,126.9565039,37.5652276,126.9554105,37.56514615,126.9559572,98.05974827322656,,,,237264724,,,,,충현동
북아현로22길,주거지 도로,37.5650647,126.9565039,37.5646842,126.9565026,37.564874450000005,126.95650325,42.30988451130137,,,,403275005,,,,,충현동
북아현로22마길,주거지 도로,37.5650647,126.9565039,37.5654976,126.9565325,37.56528115,126.9565182,48.20231098659767,,,,463991366,,,,,충현동
북아현로22마길,주거지 도로,37.5650647,126.9565039,37.5650236,126.9570917,37.565044150000006,126.9567978,52.680148528947925,,,,237264724,,,,,충현동
북아현로22길,주거지 도로,37.5651332,126.9525931,37.5651466,126.95265,37.5651399,126.95262155,5.231827415501364,,,,237264707,,,,,충현동
북아현로,주거지 도로,37.5651332,126.9525931,37.5650555,126.9521916,37.565094349999995,126.95239235,36.42764593788439,,,,516372150,,,,,충현동
북아현로,주거지 도로,37.5651332,126.9525931,37.56424,126.95355,37.5646866,126.95307155,130.38991288991627,,,,516372148,,,,,충현동
북아현로22나길,주거지 도로,37.5653018,126.9581781,37.5648708,126.95865,37.5650863,126.95841405,63.457187939210584,,,,516398286,,,,,충현동
북아현로22나길,주거지 도로,37.5653018,126.9581781,37.5656527,126.9583484,37.56547725,126.95826325,42.17218752703705,,,,237264690,,,,,충현동
북아현로22나길,주거지 도로,37.5653018,126.9581781,37.5654976,126.9565325,37.5653997,126.9573553,147.56030267849442,,,,463990443,,,,,충현동
북아현로22마길,주거지 도로,37.5653711,126.9544473,37.5652276,126.9554105,37.56529935,126.9549289,86.38276297230418,,,,237264724,,,,,충현동
북아현로22마길,주거지 도로,37.5653711,126.9544473,37.5654557,126.9538441,37.5654134,126.9541457,53.99166546917005,,,,237264724,,,,,충현동
북아현로22마길,주거지 도로,37.5653711,126.9544473,37.5659443,126.9546062,37.5656577,126.95452675,65.25762525484778,,,,463990576,,,,,충현동
북아현로22길,주거지 도로,37.5653711,126.9544473,37.5649897,126.9543415,37.5651804,126.9543944,43.42293161917046,,,,463990577,,,,,충현동
북아현로22라길,주거지 도로,37.5654557,126.9538441,37.5650755,126.9537343,37.5652656,126.9537892,43.36992544949871,,,,237264723,,,,,충현동
북아현로22라길,주거지 도로,37.5654557,126.9538441,37.5656629,126.9539039,37.5655593,126.953874,23.63482305985,,,,237264723,,,,,충현동
북아현로22마길,주거지 도로,37.5654557,126.9538441,37.5653711,126.9544473,37.5654134,126.9541457,53.99166546917005,,,,237264724,,,,,충현동
북아현로22마길,주거지 도로,37.5654976,126.9565325,37.5650647,126.9565039,37.56528115,126.9565182,48.20231098659767,,,,463991366,,,,,충현동
북아현로22나길,주거지 도로,37.5654976,126.9565325,37.5653018,126.9581781,37.5653997,126.9573553,147.56030267849442,,,,463990443,,,,,충현동
북아현로22나길,주거지 도로,37.5654976,126.9565325,37.5659443,126.9546062,37.56572095,126.95556935,182.29471754737327,,,,463990443,,,,,충현동
경기대로11길,주거지 도로,37.5658032,126.9645347,37.5656322,126.9631081,37.5657177,126.9638214,127.7228505041014,,,,464001748,,,,,충현동
북아현로22마길,주거지 도로,37.5659443,126.9546062,37.5653711,126.9544473,37.5656577,126.95452675,65.25762525484778,,,,463990576,,,,,충현동
북아현로22나길,주거지 도로,37.5659443,126.9546062,37.5654976,126.9565325,37.56572095,126.95556935,182.29471754737327,,,,463990443,,,,,충현동
북아현로22나길,주거지 도로,37.5659443,126.9546062,37.566196,126.9540222,37.56607015,126.9543142,58.590079751818976,,,,463990443,,,,,충현동
북아현로22나길,주거지 도로,37.5658729,126.9586772,37.5656527,126.9583484,37.5657628,126.9585128,39.14542805665633,,,,237264690,,,,,충현동
북아현로22나길,주거지 도로,37.5658729,126.9586772,37.5693673,126.9567372,37.5676201,126.9577072,509.8744578250864,,,,303288181,,,,,천연동
독립문로8길,주거지 도로,37.5658729,126.9586772,37.565476,126.9591964,37.56567445,126.9589368,67.63526092017051,,,,464001747,,,,,천연동
"['독립문로8길', '독립문로14길']",주거지 도로,37.5658729,126.9586772,37.5663504,126.9593607,37.56611165,126.95901895,83.29954883922606,,,,"[237264684, 464001749]",,,,,천연동
북아현로22나길,주거지 도로,37.566196,126.9540222,37.5662289,126.9535189,37.566212449999995,126.95377055,44.51080328032101,,,,463990443,,,,,충현동
북아현로22라길,주거지 도로,37.566196,126.9540222,37.5656629,126.9539039,37.56592945,126.95396305,60.214656525174654,,,,237264723,,,,,충현동
북아현로22나길,주거지 도로,37.566196,126.9540222,37.5659443,126.9546062,37.56607015,126.9543142,58.590079751818976,,,,463990443,,,,,충현동
통일로9안길,주거지 도로,37.5665586,126.9644061,37.5667861,126.964799,37.566672350000005,126.96460255,42.88511834856665,,,,238546184,,,,,천연동
독립문로14길,주거지 도로,37.5663504,126.9593607,37.5662932,126.959427,37.5663218,126.95939385,9.407263989347884,,,,237264684,,,,,천연동
"['독립문로8길', '독립문로14길']",주거지 도로,37.5663504,126.9593607,37.5658729,126.9586772,37.56611165,126.95901895,83.29954883922608,,,,"[237264684, 464001749]",,,,,천연동
독립문로8길,주거지 도로,37.5663504,126.9593607,37.5685428,126.9601082,37.5674466,126.95973445,347.2973232009693,,,,"[516398272, 464001750]",,,,,천연동
통일로9길,주거지 도로,37.5671244,126.9640432,37.5671983,126.9645597,37.56716135,126.96430145,46.2587663596525,,,,464002344,,,,,천연동
독립문로12길,주거지 도로,37.5683013,126.9619482,37.5678507,126.9607299,37.568076000000005,126.96133905,118.7252523300896,,,,469169080,,,,,천연동
통일로11길,주거지 도로,37.5688584,126.9615642,37.5691802,126.9624141,37.5690193,126.96198915,83.0798315950087,,,,237264717,,,,,천연동
독립문로8길,주거지 도로,37.5688584,126.9615642,37.5687487,126.9610416,37.56880355,126.9613029,47.64754268365263,,,,303314079,,,,,천연동
독립문로,주거지 도로,37.569358,126.9613034,37.5695276,126.9616308,37.5694428,126.9614671,34.789656594548525,,,,464139174,,,,,천연동
통일로11길,주거지 도로,37.5694922,126.9630185,37.5693356,126.9627168,37.5694139,126.96286765,31.784620639474973,,,,237264717,,,,,천연동
영천시장길,주거지 도로,37.5696318,126.9628678,37.5696778,126.9625453,37.5696548,126.96270655,29.094201078804897,,,,237264728,,,,,천연동
영천시장길,주거지 도로,37.5716435,126.9595293,37.5711676,126.960453,37.57140555,126.95999115,98.25209875006864,,,,237264728,,,,,천연동
까치산로28길,주거지 도로,37.5534397,126.8548246,37.5537931,126.8538979,37.5536164,126.85436125,90.65195540508344,,,,237765260,,,,,화곡6동
공항대로48길,주거지 도로,37.5534397,126.8548246,37.5529818,126.8545674,37.55321075,126.854696,55.736323725546875,,,,237765263,,,,,화곡6동
공항대로48길,주거지 도로,37.5534397,126.8548246,37.5547295,126.8555583,37.5540846,126.85519145,157.32882751797032,,,,237765263,,,,,화곡6동
공항대로48길,주거지 도로,37.5547295,126.8555583,37.5534397,126.8548246,37.5540846,126.85519145,157.32882751797032,,,,237765263,,,,,화곡6동
까치산로28길,주거지 도로,37.5537931,126.8538979,37.5534397,126.8548246,37.5536164,126.85436125,90.65195540508344,,,,237765260,,,,,화곡6동
까치산로,3차로,37.5537931,126.8538979,37.55329,126.8536,37.55354155,126.85374895,61.79946889458736,,,,517242915,,2,,,화곡6동
까치산로,3차로,37.5537931,126.8538979,37.5545216,126.8543488,37.55415735,126.85412335,90.26569959617044,,,,517242915,,2,,,화곡6동
여의대방로68길,주거지 도로,37.5172536,126.9332181,37.5179456,126.9325442,37.5175996,126.93288115,97.2286432862848,,,,237392536,,,,,여의동
여의대방로70길,주거지 도로,37.5173745,126.9343674,37.5184333,126.9333356,37.5179039,126.9338515,148.80264407411713,,,,237392541,,,,,여의동
의사당대로1길,주거지 도로,37.5183604,126.927547,37.5188891,126.9284189,37.51862475,126.92798295,96.79518568142228,,,,237392558,,,,,여의동
여의동로3길,3차로,37.5184109,126.9249488,37.5192838,126.9263411,37.51884735,126.92564495,156.52256710050753,,,,37400685,,2,True,,여의동
여의나루로2길,주거지 도로,37.5184109,126.9249488,37.5206998,126.9227037,37.519555350000005,126.92382625,322.46427954404663,,,,681059018,,,,,여의동
국제금융로8길,주거지 도로,37.5188891,126.9284189,37.5199474,126.9273902,37.51941825,126.92790455,148.59044019424584,,,,237392544,,,,,여의동
의사당대로1길,주거지 도로,37.5188891,126.9284189,37.5192603,126.929021,37.5190747,126.92871995,67.25686527961834,,,,237392558,,,,,여의동
의사당대로1길,주거지 도로,37.5188891,126.9284189,37.5183604,126.927547,37.51862475,126.92798295,96.79518568142228,,,,237392558,,,,,여의동
여의대방로68길,주거지 도로,37.5189689,126.931546,37.5179456,126.9325442,37.51845725,126.9320451,143.8667805069458,,,,237392536,,,,,여의동
국제금융로8길,주거지 도로,37.5192603,126.929021,37.5203123,126.9280005,37.5197863,126.92851075,147.59388889001266,,,,237392533,,,,,여의동
의사당대로1길,주거지 도로,37.5192603,126.929021,37.5196606,126.9296625,37.51946045,126.92934175,71.98721028752179,,,,237392558,,,,,여의동
의사당대로1길,주거지 도로,37.5192603,126.929021,37.5188891,126.9284189,37.5190747,126.92871995,67.25686527961834,,,,237392558,,,,,여의동
여의대방로69길,주거지 도로,37.5193133,126.932013,37.5193709,126.9319562,37.5193421,126.9319846,8.131192534135227,,,,237392549,,,True,,여의동
여의대방로70길,주거지 도로,37.5194924,126.9323062,37.5184333,126.9333356,37.518962849999994,126.9328209,148.69892246901688,,,,237392541,,,,,여의동
의사당대로1길,주거지 도로,37.5196606,126.9296625,37.5200552,126.9302953,37.519857900000005,126.9299789,70.9920500788482,,,,237392558,,,,,여의동
의사당대로1길,주거지 도로,37.5196606,126.9296625,37.5192603,126.929021,37.51946045,126.92934175,71.98721028752179,,,,237392558,,,,,여의동
여의대방로65길,주거지 도로,37.5196606,126.9296625,37.5185852,126.9307243,37.5191229,126.9301934,151.8832885115686,,,,384826216,,,,,여의동
여의대방로65길,주거지 도로,37.5196606,126.9296625,37.5207125,126.9286332,37.520186550000005,126.92914785,148.0593453991889,,,,384826216,,,,,여의동
국제금융로8길,주거지 도로,37.5198726,126.9272729,37.5210098,126.9261672,37.5204412,126.92672005,159.6840869377606,,,,237392560,,,,,여의동
국제금융로8길,3차로,37.5198726,126.9272729,37.5199474,126.9273902,37.51991,126.92733155,13.274033618647673,,,,452574892,,2,True,,여의동
국제금융로8길,주거지 도로,37.5199474,126.9273902,37.5188891,126.9284189,37.51941825,126.92790455,148.59044019424584,,,,237392544,,,,,여의동
국제금융로8길,3차로,37.5199474,126.9273902,37.5202775,126.9279381,37.52011245,126.92766415,60.68129104373573,,,,452574892,,2,True,,여의동
여의대방로67길,주거지 도로,37.5200552,126.9302953,37.5189894,126.9314016,37.519522300000006,126.93084845,153.50806170060793,,,,237392550,,,True,,여의동
의사당대로1길,주거지 도로,37.5200552,126.9302953,37.5204405,126.9309014,37.52024785,126.93059835,68.50454741431535,,,,237392558,,,,,여의동
의사당대로1길,주거지 도로,37.5200552,126.9302953,37.5196606,126.9296625,37.519857900000005,126.9299789,70.9920500788482,,,,237392558,,,,,여의동
국제금융로8길,주거지 도로,37.5202775,126.9279381,37.521419,126.9268305,37.52084825,126.9273843,160.16479931559854,,,,237392540,,,,,여의동
국제금융로8길,3차로,37.5202775,126.9279381,37.5203123,126.9280005,37.5202949,126.9279693,6.727511416784945,,,,452574892,,2,True,,여의동
국제금융로8길,주거지 도로,37.5203123,126.9280005,37.5192603,126.929021,37.5197863,126.92851075,147.59388889001266,,,,237392533,,,,,여의동
국제금융로8길,3차로,37.5203123,126.9280005,37.5207125,126.9286332,37.5205124,126.92831685,71.37131395795356,,,,452574892,,2,True,,여의동
여의대방로69길,주거지 도로,37.5204405,126.9309014,37.5214849,126.9298773,37.5209627,126.93038935,147.11884105421174,,,,237392549,,,True,,여의동
의사당대로1길,주거지 도로,37.5204405,126.9309014,37.5200552,126.9302953,37.52024785,126.93059835,68.50454741431535,,,,237392558,,,,,여의동
여의동로1길,주거지 도로,37.5205025,126.9186109,37.5213674,126.920035,37.52093495,126.91932295,158.18714985088602,,,,237392552,,,,,여의동
국제금융로6길,주거지 도로,37.5205756,126.9254527,37.5210098,126.9261672,37.5207927,126.92580995,79.38353105968868,,,,237392556,,,,,여의동
여의나루로4길,주거지 도로,37.5207125,126.9286332,37.5218503,126.9275174,37.5212814,126.9280753,160.28157250640308,,,,237392557,,,,,여의동
여의대방로65길,주거지 도로,37.5207125,126.9286332,37.5196606,126.9296625,37.520186550000005,126.92914785,148.0593453991889,,,,384826216,,,,,여의동
국제금융로8길,3차로,37.5207125,126.9286332,37.5211161,126.9292706,37.5209143,126.9289519,71.93087995453689,,,,452574892,,2,True,,여의동
국제금융로6길,주거지 도로,37.5210098,126.9261672,37.521419,126.9268305,37.521214400000005,126.92649885,74.11021970565585,,,,237392556,,,,,여의동
국제금융로6길,주거지 도로,37.5210098,126.9261672,37.5205756,126.9254527,37.5207927,126.92580995,79.38353105968868,,,,237392556,,,,,여의동
국제금융로8길,주거지 도로,37.5210098,126.9261672,37.5198726,126.9272729,37.5204412,126.92672005,159.6840869377606,,,,237392560,,,,,여의동
여의대방로67길,주거지 도로,37.5211161,126.9292706,37.5200552,126.9302953,37.52058565,126.92978295,148.60384579322115,,,,237392550,,,True,,여의동
국제금융로8길,3차로,37.5211161,126.9292706,37.5214849,126.9298773,37.521300499999995,126.92957395,67.41369968319991,,,,452574892,,2,True,,여의동
여의동로1길,주거지 도로,37.5213674,126.920035,37.5221642,126.9213232,37.5217658,126.9206791,144.07213215751923,,,,237392552,,,,,여의동
여의동로1길,주거지 도로,37.5213674,126.920035,37.5205025,126.9186109,37.52093495,126.91932295,158.18714985088602,,,,237392552,,,,,여의동
여의대로,주거지 도로,37.5213674,126.920035,37.5222724,126.9191603,37.5218199,126.91959765,126.7967641873552,,,,681059019,,,,,여의동
국제금융로7가길,주거지 도로,37.5214671,126.9353181,37.5235748,126.9332478,37.52252095,126.93428295,297.09466249114155,,,,237392535,,,,,여의동
국제금융로8길,주거지 도로,37.521419,126.9268305,37.5202775,126.9279381,37.52084825,126.9273843,160.16479931559854,,,,237392540,,,,,여의동
국제금융로6길,주거지 도로,37.521419,126.9268305,37.5218503,126.9275174,37.52163465,126.92717395,77.26441341425635,,,,237392556,,,,,여의동
국제금융로6길,주거지 도로,37.521419,126.9268305,37.5210098,126.9261672,37.521214400000005,126.92649885,74.11021970565585,,,,237392556,,,,,여의동
국제금융로8길,3차로,37.5214849,126.9298773,37.5218717,126.9305018,37.5216783,126.93018955,69.87985700334937,,,,452574892,,2,True,,여의동
국제금융로6길,주거지 도로,37.5218503,126.9275174,37.5231675,126.9296529,37.5225089,126.92858515,238.5806886748913,,,,237392556,,,,,여의동
국제금융로6길,주거지 도로,37.5218503,126.9275174,37.521419,126.9268305,37.52163465,126.92717395,77.26441341425635,,,,237392556,,,,,여의동
여의나루로4길,주거지 도로,37.5218503,126.9275174,37.5207125,126.9286332,37.5212814,126.9280753,160.28157250640308,,,,237392557,,,,,여의동
여의나루로4길,주거지 도로,37.5218503,126.9275174,37.5230065,126.9263815,37.522428399999995,126.92694945,162.98400192356246,,,,237392557,,,,,여의동
여의동로1길,주거지 도로,37.5221642,126.9213232,37.5213674,126.920035,37.5217658,126.9206791,144.07213215751923,,,,237392552,,,,,여의동
여의대로2길,주거지 도로,37.5221642,126.9213232,37.5207199,126.9227354,37.521442050000005,126.9220293,203.23220343190349,,,,549345608,,,,,여의동
여의대로2길,주거지 도로,37.5221642,126.9213232,37.5230586,126.9204558,37.5226114,126.9208895,125.46932189915316,,,,549345608,,,,,여의동
여의대로,주거지 도로,37.5222724,126.9191603,37.5213674,126.920035,37.5218199,126.91959765,126.7967641873552,,,,681059019,,,,,여의동
여의나루로,주거지 도로,37.5225236,126.9256128,37.5235222,126.9246388,37.5230229,126.9251258,140.38525524566762,,,,237392546,,,,,여의동
여의나루로6길,주거지 도로,37.5228061,126.932004,37.5250991,126.9297393,37.5239526,126.93087165,323.91427627009807,,,,237392553,,,,,여의동
국제금융로7길,3차로,37.5228061,126.932004,37.5235748,126.9332478,37.52319045,126.9326259,139.06152086263484,,,,384826214,,,,,여의동
국제금융로7길,3차로,37.5228061,126.932004,37.5221855,126.9310288,37.5224958,126.9315164,110.27292664355164,,,,384826214,,,,,여의동
여의나루로4길,주거지 도로,37.5230065,126.9263815,37.5218503,126.9275174,37.522428399999995,126.92694945,162.98400192356246,,,,237392557,,,,,여의동
여의대로2길,주거지 도로,37.5230586,126.9204558,37.5221642,126.9213232,37.5226114,126.9208895,125.46932189915316,,,,549345608,,,,,여의동
국제금융로6길,주거지 도로,37.5231675,126.9296529,37.5218503,126.9275174,37.5225089,126.92858515,238.5806886748913,,,,237392556,,,,,여의동
여의나루로,주거지 도로,37.5235222,126.9246388,37.5225236,126.9256128,37.5230229,126.9251258,140.38525524566762,,,,237392546,,,,,여의동
국제금융로2길,주거지 도로,37.5235222,126.9246388,37.5246427,126.9264322,37.52408245,126.9255355,201.34044266885192,,,,237392559,,,,,여의동
국제금융로2길,주거지 도로,37.5235222,126.9246388,37.5227733,126.9234141,37.52314775,126.92402645,136.38116704746645,,,,237392559,,,,,여의동
국제금융로7가길,주거지 도로,37.5235748,126.9332478,37.5214671,126.9353181,37.52252095,126.93428295,297.09466249114155,,,,237392535,,,,,여의동
국제금융로7길,3차로,37.5235748,126.9332478,37.5247354,126.9350901,37.5241551,126.93416895,207.49487076739345,,,,384826214,,,,,여의동
국제금융로7길,3차로,37.5235748,126.9332478,37.5228061,126.932004,37.52319045,126.9326259,139.06152086263484,,,,384826214,,,,,여의동
여의나루로,주거지 도로,37.5236486,126.927412,37.5246427,126.9264322,37.52414565,126.9269221,140.30344281892815,,,,237392542,,,,,여의동
여의나루로,주거지 도로,37.5246427,126.9264322,37.5236486,126.927412,37.52414565,126.9269221,140.30344281892815,,,,237392542,,,,,여의동
국제금융로2길,주거지 도로,37.5246427,126.9264322,37.5252746,126.9274485,37.52495865,126.92694035,113.88453038742472,,,,237392559,,,,,여의동
국제금융로2길,주거지 도로,37.5246427,126.9264322,37.5235222,126.9246388,37.52408245,126.9255355,201.34044266885192,,,,237392559,,,,,여의동
국회대로62길,주거지 도로,37.5248498,126.9187317,37.5258891,126.9177063,37.52536945,126.918219,146.73893831781265,,,,237392554,,,,,여의동
여의나루로6길,주거지 도로,37.5250991,126.9297393,37.5228061,126.932004,37.5239526,126.93087165,323.91427627009807,,,,237392553,,,,,여의동
여의나루로6길,생활도로,37.5253909,126.9302004,37.5252189,126.9303802,37.525304899999995,126.9302903,24.843525844044667,,,,1023483169,,,,,여의동
여의대로6길,주거지 도로,37.5253909,126.9302004,37.5269988,126.928631,37.52619485,126.9294157,226.099763352919,,,,474508814,,,,,여의동
국회대로62길,주거지 도로,37.5258891,126.9177063,37.5248498,126.9187317,37.52536945,126.918219,146.73893831781265,,,,237392554,,,,,여의동
국회대로62길,주거지 도로,37.5258891,126.9177063,37.5273464,126.916256,37.52661775,126.91698115,206.43571609857065,,,,237392554,,,,,여의동
의사당대로,주거지 도로,37.5258891,126.9177063,37.5265559,126.918712,37.5262225,126.91820915,115.5990793795532,,,,"[912718338, 237392539]",,,,,여의동
여의서로1길,주거지 도로,37.5260781,126.9141818,37.5273464,126.916256,37.52671225,126.9152189,230.96906096841224,,,,237392534,,,,,여의동
여의대로6길,주거지 도로,37.5269988,126.928631,37.5276972,126.9279433,37.527348,126.92828715,98.53239406675308,,,,474508814,,,,,여의동
여의대로6길,주거지 도로,37.5269988,126.928631,37.5253909,126.9302004,37.52619485,126.9294157,226.099763352919,,,,474508814,,,,,여의동
여의서로1길,주거지 도로,37.5273464,126.916256,37.5260781,126.9141818,37.52671225,126.9152189,230.96906096841224,,,,237392534,,,,,여의동
국회대로62길,주거지 도로,37.5273464,126.916256,37.5258891,126.9177063,37.52661775,126.91698115,206.43571609857065,,,,237392554,,,,,여의동
국회대로62길,주거지 도로,37.5273464,126.916256,37.5281112,126.9154954,37.5277288,126.9158757,108.30936525322372,,,,237392554,,,,,여의동
국회대로62길,주거지 도로,37.5281112,126.9154954,37.5273464,126.916256,37.5277288,126.9158757,108.30936525322372,,,,237392554,,,,,여의동
여의동로7길,주거지 도로,37.5283043,126.9306976,37.5269988,126.928631,37.52765155,126.9296643,232.99134564616415,,,,237392538,,,True,,여의동
간호대로3길,주거지 도로,37.59585,126.9477608,37.5967335,126.9482248,37.59629175,126.9479928,106.40689461485522,,,,463357576,,,,,홍제3동
간호대로,주거지 도로,37.59585,126.9477608,37.5957391,126.9480928,37.59579455,126.9479268,31.74356897105585,,,,463357579,,,,,홍제3동
간호대로3길,주거지 도로,37.59585,126.9477608,37.5959547,126.9475513,37.59590235,126.94765605,21.82259506246721,,,,463357584,,,,,홍제3동
포방터2길,주거지 도로,37.5964222,126.9525595,37.5960656,126.9519744,37.596243900000005,126.95226695,65.43485699575702,,,,237395487,,,,,홍은1동
포방터길,주거지 도로,37.5968961,126.9504527,37.5965787,126.950425,37.5967374,126.95043885,35.37759404778318,,,,237395495,,,,,홍제3동
포방터길,주거지 도로,37.5968961,126.9504527,37.5968378,126.9501451,37.596866950000006,126.9502989,27.864881166796692,,,,913070064,,,,,홍제3동
포방터길,주거지 도로,37.5968961,126.9504527,37.5981828,126.9489017,37.59753945,126.9496772,210.92652998886857,,,,237395495,,,,,홍제3동
포방터길,주거지 도로,37.5968961,126.9504527,37.596969,126.9508658,37.596932550000005,126.95065925,37.29021505142864,,yes,,"[913070064, 913070062, 913070063]",,,,,홍은1동
포방터길,주거지 도로,37.5976681,126.9486922,37.5967335,126.9482248,37.5972008,126.9484585,111.78405605827724,,,,463357589,,,,,홍제3동
포방터길,주거지 도로,37.5976681,126.9486922,37.5979714,126.9488423,37.59781975,126.94876725,36.43315339426956,,,,463357589,,,,,홍제3동
간호대로2길,주거지 도로,37.5976681,126.9486922,37.5970703,126.9491388,37.5973692,126.9489155,80.3376249035814,,,,463357590,,,,,홍제3동
포방터길,주거지 도로,37.5981828,126.9489017,37.5979714,126.9488423,37.5980771,126.948872,24.082120479694986,,,,463357589,,,,,홍제3동
포방터길,주거지 도로,37.5981828,126.9489017,37.5968961,126.9504527,37.59753945,126.9496772,210.92652998886857,,,,237395495,,,,,홍제3동
포방터길,주거지 도로,37.5981828,126.9489017,37.5988022,126.9490723,37.5984925,126.948987,70.66796243177524,,yes,,"[334288410, 334288420, 463357589]",,,,,홍은1동
포방터2길,주거지 도로,37.5988103,126.9494432,37.5990066,126.9491455,37.59890845,126.94929435,34.122117861326466,,,,237395487,,,,,홍은1동
포방터2길,주거지 도로,37.5988103,126.9494432,37.5983333,126.9501067,37.5985718,126.94977495,79.39434779381632,,,,237395487,,,,,홍은1동
포방터2가길,주거지 도로,37.5988103,126.9494432,37.5993894,126.9506307,37.59909985,126.95003695,126.77298053056202,,,,237395499,,,,,홍은1동
포방터길,주거지 도로,37.5988103,126.9494432,37.5988022,126.9490723,37.59880625,126.94925775,34.319062191373725,,,,463356651,,,,,홍은1동
포방터2길,주거지 도로,37.5990066,126.9491455,37.5988103,126.9494432,37.59890845,126.94929435,34.122117861326466,,,,237395487,,,,,홍은1동
포방터길,주거지 도로,37.5990066,126.9491455,37.5991437,126.9491947,37.59907515,126.9491701,15.849079178424647,,,,334288410,,,,,홍은1동
포방터길,주거지 도로,37.5990066,126.9491455,37.5988022,126.9490723,37.5989044,126.9491089,23.62547499529725,,,,334288410,,,,,홍은1동
홍은중앙로3길,주거지 도로,37.5990264,126.9454035,37.5991747,126.9453869,37.59910055,126.9453952,16.554953764907868,,,,463353043,,,,,홍은1동
홍은중앙로3안길,주거지 도로,37.5990264,126.9454035,37.59929,126.9444792,37.599158200000005,126.94494135,90.66630037312603,,,,237395493,,,,,홍은1동
홍은중앙로3길,주거지 도로,37.5990264,126.9454035,37.5983525,126.945981,37.598689449999995,126.94569225,90.5744215929516,,,,463353043,,,,,홍은1동
홍은중앙로9길,주거지 도로,37.5992805,126.9480142,37.6013037,126.9485454,37.6002921,126.9482798,233.5278153318305,,,,237395489,,,,,홍은1동
홍은중앙로,주거지 도로,37.5992805,126.9480142,37.5993784,126.948443,37.59932945,126.9482286,40.04017772772824,,,,516177109,,,,,홍은1동
홍은중앙로,주거지 도로,37.5992805,126.9480142,37.5990864,126.9476645,37.59918345,126.94783935,39.54281919428172,,,,516177109,,,,,홍은1동
홍은중앙로7길,주거지 도로,37.599579,126.9474795,37.5990864,126.9476645,37.5993327,126.947572,57.14810298662157,,,,237395497,,,,,홍은1동
홍은중앙로7길,주거지 도로,37.599579,126.9474795,37.6001582,126.9464633,37.5998686,126.9469714,112.81523291662336,,,,237395497,,,,,홍은1동
홍은중앙로7길,주거지 도로,37.599579,126.9474795,37.5998735,126.9461722,37.59972625,126.94682585,144.74940745384242,,,,463354901,,,,,홍은1동
포방터4길,주거지 도로,37.5996856,126.9511791,37.5997253,126.9506735,37.59970545,126.9509263,44.76109911694968,,,,463353596,,,,,홍은1동
포방터4길,주거지 도로,37.5997331,126.9505744,37.5997253,126.9506735,37.5997292,126.95062395,8.77358946979065,,,,463353596,,,,,홍은1동
포방터4길,주거지 도로,37.5997331,126.9505744,37.5997142,126.9493992,37.59972365,126.9499868,103.55531970351063,,,,463353596,,,,,홍은1동
포방터4안길,주거지 도로,37.5997331,126.9505744,37.6002939,126.9504644,37.6000135,126.9505194,63.30964127373757,,,,463354710,,,,,홍은1동
홍은중앙로,주거지 도로,37.5998822,126.9487091,37.5998074,126.94891,37.5998448,126.94880955,19.55597189010332,,,,237395492,,,,,홍은1동
홍은중앙로,주거지 도로,37.5998822,126.9487091,37.6003043,126.9488822,37.60009325,126.94879565,49.36942070780502,,,,516177109,,,,,홍은1동
홍은중앙로,주거지 도로,37.5998822,126.9487091,37.5993784,126.948443,37.5996303,126.94857605,60.85998402199263,,,,516177109,,,,,홍은1동
포방터길,주거지 도로,37.600281,126.94945,37.5997142,126.9493992,37.5999976,126.9494246,63.184072650050666,,,,334288410,,,,,홍은1동
포방터길,주거지 도로,37.600281,126.94945,37.6005132,126.9494487,37.6003971,126.94944935,25.896683758699066,,,,334288410,,,,,홍은1동
홍은중앙로,주거지 도로,37.600281,126.94945,37.6003043,126.9488822,37.60029265,126.9491661,50.11164654669609,,,,463354706,,,,,홍은1동
포방터6길,주거지 도로,37.600281,126.94945,37.6002939,126.9504644,37.60028745,126.9499572,89.7315043889217,,,,463354707,,,,,홍은1동
홍은중앙로3길,주거지 도로,37.6005665,126.9446339,37.6010937,126.944196,37.6008301,126.94441495,70.1779020882708,,,,463353043,,,,,홍은1동
홍은중앙로3길,주거지 도로,37.6005665,126.9446339,37.5996336,126.9454207,37.600100049999995,126.9450273,129.2630537877667,,,,463353043,,,,,홍은1동
홍은중앙로5길,주거지 도로,37.6005665,126.9446339,37.6002914,126.9458476,37.60042895,126.94524075,121.2110350239668,,,,463353045,,,,,홍은1동
홍은중앙로3길,주거지 도로,37.6010937,126.944196,37.6005665,126.9446339,37.6008301,126.94441495,70.1779020882708,,,,463353043,,,,,홍은1동
홍은중앙로3길,주거지 도로,37.6019111,126.9497082,37.6017428,126.9492253,37.60182695,126.94946675,46.4760749355584,,,,913061247,,,,,홍은1동
포방터길,주거지 도로,37.6019111,126.9497082,37.6032417,126.9503024,37.6025764,126.9500053,160.4447680085274,,,,237395488,,,,,홍은1동
포방터길,주거지 도로,37.6019111,126.9497082,37.6012593,126.9497812,37.6015852,126.9497447,72.76636409054578,,,,237395488,,,,,홍은1동
홍은중앙로9길,주거지 도로,37.6026196,126.9461443,37.6022828,126.9480766,37.6024512,126.94711045,252.33479061476885,,,,237395489,,,,,홍은1동
포방터길,주거지 도로,37.6034091,126.9494421,37.6032417,126.9503024,37.6033254,126.94987225,98.20942953056564,,,,237395488,,,,,홍은1동
홍은중앙로,주거지 도로,37.6034091,126.9494421,37.6035599,126.9494784,37.6034845,126.94946025,17.070425708784548,,,,516177109,,,,,홍은1동
홍은중앙로,주거지 도로,37.6034091,126.9494421,37.6017428,126.9492253,37.60257595,126.9493337,196.3950633681026,,,,516177109,,,,,홍은1동
필동로,3차로,37.5594575,126.9961393,37.5586257,126.9961148,37.5590416,126.99612705,92.5380671523174,,,,223418965,,,,,필동
필동로,3차로,37.5594575,126.9961393,37.5601676,126.9961066,37.55981255,126.99612295,79.01222168861676,,,,223418965,,,,,필동
서애로,주거지 도로,37.5603829,126.9971753,37.5602348,126.9970114,37.56030885,126.99709335,21.906913126378395,,,,237470575,,1,True,,필동
서애로,주거지 도로,37.5603829,126.9971753,37.5604997,126.9968008,37.5604413,126.99698805,36.70660127956228,,,,273648116,,,,,필동
퇴계로50길,주거지 도로,37.5627861,127.0012359,37.5621468,127.0011218,37.56246645,127.00117885,71.8034071080111,,,,272229587,,,,,장충동
퇴계로50길,주거지 도로,37.5597882,127.0008237,37.5595054,127.000739,37.5596468,127.00078135,32.32012160095713,,,,272229587,,,,,장충동
퇴계로50길,주거지 도로,37.5597882,127.0008237,37.5607248,127.0009375,37.5602565,127.0008806,104.6272785532146,,,,272229587,,,,,장충동
퇴계로50길,주거지 도로,37.5597882,127.0008237,37.5598714,127.0022374,37.5598298,127.00153055,124.95531382283396,,,,788411956,,,,,장충동
까치산로,3차로,37.5509973,126.8523546,37.55159,126.85267,37.55129365,126.8525123,71.53043437036499,,,,517242915,,2,,,화곡6동
까치산로26길,주거지 도로,37.5509973,126.8523546,37.5504701,126.8529221,37.550733699999995,126.85263835,79.44234823962056,,,,237490451,,,,,화곡6동
까치산로,3차로,37.5509973,126.8523546,37.5507583,126.8522178,37.550877799999995,126.8522862,29.185128300731424,,,,517242915,,2,,,화곡6동
까치산로24가길,주거지 도로,37.5499969,126.853297,37.5495892,126.8529621,37.54979305,126.85312955,54.10054362576711,,,,237765264,,,,,화곡6동
까치산로26길,주거지 도로,37.5499969,126.853297,37.5488,126.8540075,37.54939845,126.85365225,173.43680531099812,,,,"[241066329, 237490451]",,,,,화곡6동
까치산로26길,주거지 도로,37.5499969,126.853297,37.5504701,126.8529221,37.5502335,126.85310955,62.13773088131522,,,,237490451,,,,,화곡6동
까치산로26길,주거지 도로,37.5779108,126.9867593,37.5782681,126.9867439,37.57808945,126.9867516,39.753175283044285,,,,964947798,30.0,1,,,가회동
계동길,주거지 도로,37.5779108,126.9867593,37.5782681,126.9867439,37.57808945,126.9867516,39.753175283044285,,,,966389588,30.0,1,,,가회동
계동길,주거지 도로,37.5779108,126.9867593,37.5771453,126.9868906,37.57752805,126.98682495,86.25985173452791,,,,"[966389589, 964947798]",30.0,1,,,가회동
양천로67길,주거지 도로,37.5541765,126.8673213,37.5545462,126.8675581,37.55436134999999,126.8674397,46.10516474708463,,,,65371974,,,,,염창동
공항대로61길,주거지 도로,37.5541765,126.8673213,37.553029,126.866478,37.55360275,126.86689965,147.72369768219704,,,,228653962,,,,,염창동
까치산로,주거지 도로,37.5531072,126.8535006,37.5525451,126.8543222,37.55282615,126.8539114,95.66805527787132,,,,237765257,,,,,화곡6동
까치산로,3차로,37.5531072,126.8535006,37.5531359,126.8535151,37.55312155,126.85350785,3.437771874521227,,,,517242915,,2,,,화곡6동
까치산로,3차로,37.5531072,126.8535006,37.5526868,126.8532661,37.552897,126.85338335,51.11328451506986,,,,517242915,,2,,,화곡6동
등촌로51길,3차로,37.5488096,126.8634181,37.5489553,126.8627214,37.54888245,126.86306975,63.52131131302674,,,,629498786,,,,,등촌2동
공항대로48길,주거지 도로,37.5509351,126.8534517,37.5512405,126.8536168,37.5510878,126.85353425,36.946585679932575,,,,237765263,,,,,화곡6동
까치산로18다길,주거지 도로,37.5485473,126.8537371,37.5482428,126.8530527,37.54839505,126.8533949,69.18760959913422,,,,241066328,,,,,화곡6동
까치산로18다길,주거지 도로,37.5485473,126.8537371,37.5488,126.8540075,37.54867365,126.8538723,36.84859566478174,,,,241066328,,,,,화곡6동
까치산로24길,주거지 도로,37.5485473,126.8537371,37.5488084,126.8532437,37.54867785,126.8534904,52.29705635035098,,,,241066363,,,,,화곡6동
까치산로,3차로,37.5497488,126.8515288,37.5493,126.85108,37.5495244,126.8513044,63.685745752953856,,,,517242914,30.0,2,,,화곡6동
화곡로54길,주거지 도로,37.5497488,126.8515288,37.5500063,126.8510219,37.549877550000005,126.85127535,53.073427903194336,,,,517242916,,,,,화곡6동
까치산로24길,주거지 도로,37.5497488,126.8515288,37.5494209,126.8520991,37.54958485,126.85181395,62.14994136523575,,,,241066363,,,,,화곡6동
까치산로,3차로,37.5497488,126.8515288,37.5507583,126.8522178,37.55025355,126.8518733,128.37837320142842,,,,517242915,,2,,,화곡6동
까치산로24가길,주거지 도로,37.5491521,126.8526031,37.5495892,126.8529621,37.54937065,126.8527826,57.999513829582,,,,237765264,,,,,화곡6동
까치산로22길,주거지 도로,37.5491521,126.8526031,37.5487192,126.8522212,37.54893565,126.85241215,58.742157403874295,,,,237765267,,,,,화곡6동
까치산로24길,주거지 도로,37.5491521,126.8526031,37.5492849,126.8523542,37.5492185,126.85247865,26.448798528441053,,,,241066363,,,,,화곡6동
까치산로24길,주거지 도로,37.5491521,126.8526031,37.5489688,126.8529468,37.54906045,126.85277495,36.51757534334192,,,,241066363,,,,,화곡6동
까치산로24가길,주거지 도로,37.5495892,126.8529621,37.5491521,126.8526031,37.54937065,126.8527826,57.999513829582,,,,237765264,,,,,화곡6동
까치산로24가길,주거지 도로,37.5495892,126.8529621,37.5499969,126.853297,37.54979305,126.85312955,54.10054362576711,,,,237765264,,,,,화곡6동
까치산로24가길,주거지 도로,37.5495892,126.8529621,37.5488,126.8540075,37.5491946,126.8534848,127.25825727851957,,,,237765265,,,,,화곡6동
까치산로24가길,주거지 도로,37.5488,126.8540075,37.5495892,126.8529621,37.5491946,126.8534848,127.25825727851957,,,,237765265,,,,,화곡6동
까치산로18다길,주거지 도로,37.5488,126.8540075,37.5485473,126.8537371,37.54867365,126.8538723,36.84859566478174,,,,241066328,,,,,화곡6동
까치산로26길,주거지 도로,37.5488,126.8540075,37.5499969,126.853297,37.54939845,126.85365225,173.43680531099812,,,,"[241066329, 237490451]",,,,,화곡6동
까치산로22길,주거지 도로,37.5487362,126.8521461,37.5487192,126.8522212,37.5487277,126.85218365,6.885339107036777,,,,237765266,,,,,화곡6동
까치산로22길,주거지 도로,37.5487362,126.8521461,37.5488137,126.8519996,37.548774949999995,126.85207285,15.52641071510267,,,,237765266,,,,,화곡6동
까치산로22길,주거지 도로,37.5487362,126.8521461,37.5483123,126.851695,37.54852425,126.85192055,61.67108421839675,,,,465219638,,,,,화곡6동
까치산로22길,주거지 도로,37.5487192,126.8522212,37.5486036,126.852423,37.5486614,126.8523221,21.948439169821715,,,,237765266,,,,,화곡6동
까치산로22길,주거지 도로,37.5487192,126.8522212,37.5487362,126.8521461,37.5487277,126.85218365,6.885339107036777,,,,237765266,,,,,화곡6동
까치산로22길,주거지 도로,37.5487192,126.8522212,37.5491521,126.8526031,37.54893565,126.85241215,58.742157403874295,,,,237765267,,,,,화곡6동
까치산로22길,주거지 도로,37.5482428,126.8530527,37.5483578,126.852852,37.548300299999994,126.85295235,21.83083119240002,,,,237765266,,,,,화곡6동
까치산로18다길,주거지 도로,37.5482428,126.8530527,37.5485473,126.8537371,37.54839505,126.8533949,69.18760959913422,,,,241066328,,,,,화곡6동
까치산로18다길,주거지 도로,37.5482428,126.8530527,37.5477359,126.8524666,37.547989349999995,126.85275965,76.47894568544012,,,,241066328,,,,,화곡6동
화곡로56길,주거지 도로,37.5507583,126.8522178,37.5511237,126.8517678,37.550940999999995,126.8519928,56.78560386369759,,,,237765268,,,,,화곡6동
까치산로,3차로,37.5507583,126.8522178,37.5509973,126.8523546,37.550877799999995,126.8522862,29.185128300731424,,,,517242915,,2,,,화곡6동
까치산로,3차로,37.5507583,126.8522178,37.5497488,126.8515288,37.55025355,126.8518733,128.37837320142842,,,,517242915,,2,,,화곡6동
공항대로46길,3차로,37.5518379,126.8506322,37.5521997,126.8508917,37.5520188,126.85076195,46.27970447206733,,,,629498814,,,,,화곡6동
화곡로56길,주거지 도로,37.5518379,126.8506322,37.5520655,126.8498679,37.5519517,126.85025005,71.97358245038717,,,,237765268,,,,,화곡6동
화곡로56길,주거지 도로,37.5518379,126.8506322,37.5511237,126.8517678,37.5514808,126.8512,129.41217443838465,,,,237765268,,,,,화곡6동
공항대로46길,주거지 도로,37.5518379,126.8506322,37.5504743,126.8501003,37.5511561,126.85036625,170.62827288729562,,,,629498824,,,,,화곡6동
화곡로55길,주거지 도로,37.5520655,126.8498679,37.552314,126.8494033,37.55218975,126.8496356,49.40645715756073,,,,278176139,,,,,화곡6동
화곡로56길,주거지 도로,37.5520655,126.8498679,37.5518379,126.8506322,37.5519517,126.85025005,71.97358245038717,,,,237765268,,,,,화곡6동
새말로15길,주거지 도로,37.4848508,127.1302623,37.4851203,127.1298992,37.48498555,127.13008075,43.86867796459898,,,,170055556,,,,,장지동
새말로15길,주거지 도로,37.4848508,127.1302623,37.4846003,127.1306718,37.48472554999999,127.13046705,46.18608420122705,,,,170055556,,,,,장지동
송이로36길,주거지 도로,37.4848508,127.1302623,37.4843324,127.1296365,37.4845916,127.1299494,79.82329357721319,,,,418775551,,,,,장지동
송이로36길,주거지 도로,37.4848508,127.1302623,37.4858598,127.1314314,37.485355299999995,127.13084685,152.42417408507274,,,,418775551,,,,,장지동
새말로17길,주거지 도로,37.4858598,127.1314314,37.4855822,127.13182,37.485721,127.1316257,46.13526985617501,,,,170055578,,,,,장지동
송이로36길,주거지 도로,37.4858598,127.1314314,37.4866883,127.1323943,37.48627405,127.13191285,125.32038392727787,,,,418775551,,,,,장지동
새말로17길,주거지 도로,37.4858598,127.1314314,37.4861108,127.131078,37.4859853,127.1312547,41.84814161483111,,,,170055578,,,,,장지동
송이로36길,주거지 도로,37.4858598,127.1314314,37.4848508,127.1302623,37.485355299999995,127.13084685,152.42417408507274,,,,418775551,,,,,장지동
새말로19길,주거지 도로,37.4864094,127.1328252,37.4861222,127.1333029,37.4862658,127.13306405,52.88097531691409,,,,170055610,,,,,장지동
새말로19길,주거지 도로,37.4864094,127.1328252,37.4866883,127.1323943,37.48654885,127.13260975,49.063727342039975,,,,170055610,,,,,장지동
새말로,3차로,37.4864094,127.1328252,37.4868033,127.1332583,37.48660635,127.13304175,58.12657849592426,,,,1266001027,,,,,장지동
새말로,3차로,37.4864094,127.1328252,37.4855822,127.13182,37.4859958,127.1323226,127.77620448110744,,,,1266001027,,,,,장지동
송이로34길,주거지 도로,37.486931,127.1320094,37.4873459,127.1324883,37.48713845,127.13224885,62.56082802629087,,,,170055570,,,,,장지동
송이로34길,주거지 도로,37.486931,127.1320094,37.4861108,127.131078,37.4865209,127.1315437,122.76570104389712,,,,170055570,,,,,장지동
새말로19길,주거지 도로,37.486931,127.1320094,37.4866883,127.1323943,37.48680965,127.13220185,43.377770813403096,,,,170055581,,,,,장지동
새말로19길,주거지 도로,37.486931,127.1320094,37.4871884,127.1316212,37.4870597,127.1318153,44.63609035720143,,,,170055581,,,,,장지동
동남로2길,주거지 도로,37.4876327,127.1228863,37.4861574,127.1236348,37.48689505,127.12326055,176.8617448605272,,,,170055155,,,,,문정1동
동남로2길,주거지 도로,37.4876327,127.1228863,37.4892215,127.1220379,37.4884271,127.1224621,191.9151459716858,,,,170055155,,,,,문정1동
송파대로22길,주거지 도로,37.4876327,127.1228863,37.4872203,127.1219961,37.4874265,127.1224412,90.99603104819056,,,,170055156,,,,,문정1동
송파대로22길,주거지 도로,37.4876327,127.1228863,37.4883415,127.1242231,37.4879871,127.1235547,141.87555951574396,,,,170055156,,,,,문정1동
신목로2길,주거지 도로,37.5184895,126.8743252,37.5184542,126.874423,37.51847185,126.8743741,9.47660878448955,,,,466008491,,,,,신정2동
신목로6길,주거지 도로,37.5184895,126.8743252,37.5195856,126.8738439,37.51903755,126.87408455,129.06120726671855,,,,237829753,,,,,신정2동
신목로2길,주거지 도로,37.5184895,126.8743252,37.5183608,126.8739858,37.51842515,126.8741555,33.178642183366236,,,,466008491,,,,,신정2동
신목로6길,주거지 도로,37.5189377,126.8733639,37.5195856,126.8738439,37.51926165,126.8736039,83.56039021532968,,,,276164985,,,,,신정2동
신목로6길,주거지 도로,37.5195856,126.8738439,37.5196556,126.8738958,37.5196206,126.87386985,9.02976156698224,,,,276164985,,,,,신정2동
신목로6길,주거지 도로,37.5195856,126.8738439,37.5184895,126.8743252,37.51903755,126.87408455,129.06120726671855,,,,237829753,,,,,신정2동
신목로6길,주거지 도로,37.5195856,126.8738439,37.5189377,126.8733639,37.51926165,126.8736039,83.56039021532968,,,,276164985,,,,,신정2동
신목로6길,주거지 도로,37.5196556,126.8738958,37.5195856,126.8738439,37.5196206,126.87386985,9.02976156698224,,,,276164985,,,,,신정2동
신목로6길,주거지 도로,37.5196556,126.8738958,37.5202679,126.8736699,37.51996175,126.87378285,71.05673269639995,,,,237829755,,,,,신정2동
신목로6길,주거지 도로,37.5196556,126.8738958,37.5203394,126.8744338,37.5199975,126.8741648,89.62514548891548,,,,276164985,,,,,신정2동
신목로,주거지 도로,37.5202679,126.8736699,37.5203394,126.8744338,37.52030365,126.87405185,67.83812781942746,,,,276164986,,,,,신정2동
신목로,주거지 도로,37.5202679,126.8736699,37.5196556,126.8738958,37.51996175,126.87378285,71.05673269639995,,,,237829755,,,,,신정2동
신목로,주거지 도로,37.5202679,126.8736699,37.5207346,126.8731861,37.520501249999995,126.873428,67.40862743270542,,,,237829755,,,,,신정2동
신목로,주거지 도로,37.5202679,126.8736699,37.5201111,126.8727348,37.5201895,126.87320235,84.42526461742925,,,,276164986,,,,,신정2동
신목로,주거지 도로,37.5207346,126.8731861,37.5202679,126.8736699,37.520501249999995,126.873428,67.40862743270542,,,,237829755,,,,,신정2동
비봉1길,주거지 도로,37.6090289,126.9558806,37.6099379,126.956537,37.6094834,126.9562088,118.92905236645454,,,,237856652,,1,,,평창동
비봉1길,주거지 도로,37.6090289,126.9558806,37.6095271,126.9557284,37.609278,126.9558045,57.35569960821436,,,,848767971,,1,,,평창동
비봉1길,주거지 도로,37.6090289,126.9558806,37.608624,126.955646,37.608826449999995,126.9557633,49.6731191028749,,,,"[848767971, 221499967]",,1,,,평창동
공릉로2다길,주거지 도로,37.6121274,127.0805088,37.6134843,127.0806362,37.61280585,127.0805725,151.29734956493652,,,,371238097,,,,,묵1동
"['공릉로2라길', '공릉로2길']",주거지 도로,37.6121274,127.0805088,37.6134972,127.0815445,37.6128123,127.08102665,227.4576912118368,,,,"[372722744, 371238096]",,,,,묵1동
공릉로2길,주거지 도로,37.6121274,127.0805088,37.6120999,127.0795598,37.61211365,127.0800343,83.64797684690767,,,,372722744,,,,,묵1동
까치산로26길,주거지 도로,37.5504701,126.8529221,37.5499969,126.853297,37.5502335,126.85310955,62.13773088131522,,,,237490451,,,,,화곡6동
까치산로26길,주거지 도로,37.5504701,126.8529221,37.5509973,126.8523546,37.550733699999995,126.85263835,79.44234823962056,,,,237490451,,,,,화곡6동
까치산로24길,주거지 도로,37.5504701,126.8529221,37.5496837,126.8522827,37.5500769,126.8526024,105.725774030239,,,,238150718,,,,,화곡6동
까치산로24길,주거지 도로,37.5494209,126.8520991,37.5496837,126.8522827,37.5495523,126.8521909,33.40527103500605,,,,238150718,,,,,화곡6동
까치산로24길,주거지 도로,37.5494209,126.8520991,37.5492849,126.8523542,37.5493529,126.85222665,27.10089123766056,,,,241066363,,,,,화곡6동
까치산로24길,주거지 도로,37.5494209,126.8520991,37.5497488,126.8515288,37.54958485,126.85181395,62.14994136523575,,,,241066363,,,,,화곡6동
용마산로115길,주거지 도로,37.5980615,127.0950585,37.598057,127.0951731,37.59805925,127.0951158,10.198126324604075,,,,238154918,,,,,망우본동
용마산로115길,주거지 도로,37.5980615,127.0950585,37.597799,127.0939133,37.597930250000005,127.0944859,107.96264694336472,,,,808067209,,,,,망우본동
망우로60길,주거지 도로,37.5980615,127.0950585,37.5986599,127.0953014,37.5983607,127.09517995,70.0515246674545,,,,908654520,,,,,망우본동
망우로60길,주거지 도로,37.5980615,127.0950585,37.5975134,127.094815,37.59778745,127.09493675,64.67377001264647,,,,908654521,,,,,망우본동
봉우재로57길,주거지 도로,37.5974633,127.0947008,37.597208,127.094781,37.597335650000005,127.0947409,29.254223651958497,,,,238156179,,,,,망우본동
망우로60길,주거지 도로,37.5974633,127.0947008,37.5972166,127.0939692,37.597339950000006,127.094335,70.05851826159191,,,,238154628,,,,,망우본동
망우로60길,주거지 도로,37.5974633,127.0947008,37.5975134,127.094815,37.59748835,127.0947579,11.515570038176234,,,,908654522,,,,,망우본동
봉우재로71길,주거지 도로,37.5975134,127.094815,37.5972398,127.0955715,37.5973766,127.09519325,73.2698108948908,,,,238155595,,,,,망우본동
망우로60길,주거지 도로,37.5975134,127.094815,37.5980615,127.0950585,37.59778745,127.09493675,64.67377001264647,,,,908654521,,,,,망우본동
망우로60길,주거지 도로,37.5975134,127.094815,37.5974633,127.0947008,37.59748835,127.0947579,11.515570038176234,,,,908654522,,,,,망우본동
용마산로116길,주거지 도로,37.5995215,127.1025541,37.5996499,127.1035738,37.599585700000006,127.10306395,90.96224111819492,,,,238154916,,,,,망우본동
용마산로116길,주거지 도로,37.5995215,127.1025541,37.5994908,127.1022349,37.59950615,127.1023945,28.32773477459434,,,,238154916,,,,,망우본동
망우로72길,주거지 도로,37.5995215,127.1025541,37.5990802,127.1026233,37.599300850000006,127.1025887,49.45048757614888,,,,239711213,,,,,망우본동
용마산로112길,주거지 도로,37.5989895,127.1055734,37.598943,127.1051283,37.59896625,127.10535085,39.55270282672894,,,,239711156,,,,,망우본동
망우로76길,주거지 도로,37.5989895,127.1055734,37.5994295,127.1054924,37.5992095,127.1055329,49.49569627287696,,,,238154917,,,,,망우본동
망우로76길,주거지 도로,37.5989895,127.1055734,37.5985894,127.1057932,37.59878945,127.1056833,48.52077128125998,,,,238154917,,,,,망우본동
용마산로116길,주거지 도로,37.5998419,127.1052401,37.5997918,127.1046847,37.59981685,127.1049624,49.24625670447523,,,,238154916,,,,,망우본동
망우로76길,주거지 도로,37.5998419,127.1052401,37.6002319,127.1049815,37.6000369,127.1051108,48.987250021747855,,,,238154917,,,,,망우본동
망우로76길,주거지 도로,37.5998419,127.1052401,37.5994295,127.1054924,37.5996357,127.10536625,51.04250911638683,,,,238154917,,,,,망우본동
용마산로116길,주거지 도로,37.5991671,127.1003829,37.5993359,127.1011552,37.5992515,127.10076905,70.60982206539899,,,,238154916,,,,,망우본동
용마산로115길,주거지 도로,37.5991671,127.1003829,37.5990198,127.0996437,37.59909345,127.1000133,67.16519292836921,,,,238154918,,,,,망우본동
망우로62길,주거지 도로,37.5980338,127.097728,37.5975748,127.0978927,37.5978043,127.09781035,53.06110932898109,,,,238155596,,,,,망우본동
망우로62길,주거지 도로,37.5980338,127.097728,37.5981891,127.0976751,37.598111450000005,127.09770155,17.886449070443906,,,,238155596,,,,,망우본동
용마산로115나길,주거지 도로,37.5980338,127.097728,37.5979166,127.0971906,37.5979752,127.0974593,49.10635961607693,,,,238156309,,,,,망우본동
용마산로113길,주거지 도로,37.5980338,127.097728,37.5984238,127.0995825,37.5982288,127.09865525,169.04268913383115,,,,576122803,,,,,망우본동
망우로68길,주거지 도로,37.5993359,127.1011552,37.5989018,127.1011354,37.59911885,127.1011453,48.301294705393545,,,,239711151,,,,,망우본동
용마산로116길,주거지 도로,37.5993359,127.1011552,37.5993848,127.1014534,37.59936035,127.1013043,26.831512030700125,,,,238154916,,,,,망우본동
용마산로116길,주거지 도로,37.5993359,127.1011552,37.5991671,127.1003829,37.5992515,127.10076905,70.60982206539897,,,,238154916,,,,,망우본동
망우로68길,주거지 도로,37.5993359,127.1011552,37.5999483,127.1011802,37.5996421,127.1011677,68.13147976197257,,,,239711151,,,,,망우본동
망우로66길,주거지 도로,37.5984238,127.0995825,37.5990198,127.0996437,37.5987218,127.0996131,66.49515116275583,,,,238155594,,,True,,망우본동
용마산로113길,주거지 도로,37.5984238,127.0995825,37.5980338,127.097728,37.5982288,127.09865525,169.04268913383112,,,,576122803,,,,,망우본동
용마산로115길,주거지 도로,37.5985619,127.097548,37.5987061,127.098223,37.598634,127.0978855,61.59147570150155,,,,238154918,,,,,망우본동
용마산로115길,주거지 도로,37.5985619,127.097548,37.5982261,127.0959898,37.598394,127.0967689,142.26586784109685,,,,238154918,,,,,망우본동
망우로62길,주거지 도로,37.5985619,127.097548,37.5982843,127.0976417,37.598423100000005,127.09759485,31.952523831761926,,,,238155596,,,,,망우본동
망우로62길,주거지 도로,37.5985619,127.097548,37.5991388,127.0973406,37.59885035,127.0974443,66.70364487091422,,,,"[238155592, 238155596]",,,,,망우본동
망우로62길,주거지 도로,37.5975748,127.0978927,37.5973355,127.0981262,37.59745515,127.09800945,33.633837610100535,,,,238155596,,,,,망우본동
망우로62길,주거지 도로,37.5975748,127.0978927,37.5980338,127.097728,37.5978043,127.09781035,53.06110932898109,,,,238155596,,,,,망우본동
용마산로111길,주거지 도로,37.5975748,127.0978927,37.5979528,127.0995528,37.5977638,127.09872275,152.17698918728962,,,,238155598,,,,,망우본동
봉우재로65길,주거지 도로,37.5975748,127.0978927,37.597134,127.0976215,37.5973544,127.0977571,54.76481099695612,,,,525081173,,,,,망우본동
망우로62길,주거지 도로,37.5960336,127.0994536,37.5967426,127.0987367,37.5963881,127.09909515,101.01800973154398,,,,238155596,,,,,망우본동
망우로62길,주거지 도로,37.5960336,127.0994536,37.5958586,127.0995521,37.5959461,127.09950285,21.30655304956203,,,,548166968,,,,,망우본동
망우로66길,주거지 도로,37.5960336,127.0994536,37.59658,127.0994834,37.5963068,127.0994685,60.81369411836201,,,,238155594,,,True,,망우본동
망우로62길,주거지 도로,37.5958586,127.0995521,37.5960336,127.0994536,37.5959461,127.09950285,21.30655304956203,,,,548166968,,,,,망우본동
봉우재로71길,주거지 도로,37.5958586,127.0995521,37.5961931,127.0986185,37.59602585,127.0990853,90.4743887414652,,,,238155595,,,,,망우본동
망우로62길,주거지 도로,37.5958586,127.0995521,37.5955753,127.0999337,37.59571695,127.0997429,46.07255618154956,,,,548166968,,,,,망우본동
망우로66길,주거지 도로,37.5979528,127.0995528,37.5984238,127.0995825,37.5981883,127.09956765,52.43856735800625,,,,238155594,,,True,,망우본동
용마산로111길,주거지 도로,37.5979528,127.0995528,37.5975748,127.0978927,37.5977638,127.09872275,152.17698918728962,,,,238155598,,,,,망우본동
용마산로115길,주거지 도로,37.5990198,127.0996437,37.5991671,127.1003829,37.59909345,127.1000133,67.16519292836921,,,,238154918,,,,,망우본동
용마산로115길,주거지 도로,37.5990198,127.0996437,37.5987061,127.098223,37.59886295,127.09893335,129.94340280929757,,,,238154918,,,,,망우본동
망우로66길,주거지 도로,37.5990198,127.0996437,37.5996525,127.0996669,37.59933615,127.0996553,70.38319376094752,,,,238155594,,,True,,망우본동
용마산로115길,주거지 도로,37.598057,127.0951731,37.5982261,127.0959898,37.598141549999994,127.09558145,74.3786714318083,,,,238154918,,,,,망우본동
용마산로115길,주거지 도로,37.598057,127.0951731,37.5980615,127.0950585,37.59805925,127.0951158,10.198126324604075,,,,238154918,,,,,망우본동
용마산로115가길,주거지 도로,37.598057,127.0951731,37.5977557,127.0958394,37.59790635,127.09550625,69.30029964225103,,,,238155866,,,,,망우본동
용마산로115가길,주거지 도로,37.597134,127.0976215,37.5972073,127.097412,37.597170649999995,127.09751675,20.176898554076377,,,,238155866,,,,,망우본동
봉우재로65길,주거지 도로,37.597134,127.0976215,37.5966385,127.0973562,37.59688625,127.09748885,59.8499883235603,,,,525081173,,,,,망우본동
봉우재로65길,주거지 도로,37.597134,127.0976215,37.5975748,127.0978927,37.5973544,127.0977571,54.764810996956115,,,,525081173,,,,,망우본동
봉우재로71길,주거지 도로,37.5966385,127.0973562,37.5967083,127.0971403,37.5966734,127.09724825,20.5438999887484,,,,238155595,,,,,망우본동
봉우재로71길,주거지 도로,37.5966385,127.0973562,37.5965461,127.097633,37.5965923,127.0974946,26.462838540974893,,,,238155595,,,,,망우본동
봉우재로65길,주거지 도로,37.5966385,127.0973562,37.597134,127.0976215,37.59688625,127.09748885,59.8499883235603,,,,525081173,,,,,망우본동
봉우재로65길,주거지 도로,37.5966385,127.0973562,37.5961505,127.0971132,37.5963945,127.0972347,58.333878595531374,,,,525081173,,,,,망우본동
봉우재로,3차로,37.5950411,127.097508,37.595306,127.0987097,37.59517355,127.09810885,109.89615999391876,,,,908654487,,,,,망우3동
봉우재로,3차로,37.5950411,127.097508,37.5949726,127.0971939,37.59500685,127.09735095,28.70275631635872,,,,908654487,,,,,망우3동
상봉로26길,주거지 도로,37.5950411,127.097508,37.595673,127.0973137,37.59535705,127.09741085,72.31944541972905,,,,238155597,,,,,망우본동
상봉로26길,주거지 도로,37.5961505,127.0971132,37.5959302,127.0971878,37.59604035,127.0971505,25.36267969733102,,,,238155597,,,,,망우본동
상봉로26길,주거지 도로,37.5961505,127.0971132,37.5960529,127.0967066,37.5961017,127.0969099,37.430652855720545,,,,238155597,,,,,망우본동
봉우재로65길,주거지 도로,37.5961505,127.0971132,37.5966385,127.0973562,37.5963945,127.0972347,58.333878595531374,,,,525081173,,,,,망우본동
봉우재로71길,주거지 도로,37.5970545,127.0961032,37.5970666,127.096068,37.597060549999995,127.0960856,3.38048638499181,,,,238155595,,,,,망우본동
봉우재로71길,주거지 도로,37.5970545,127.0961032,37.5965702,127.0958209,37.59681235,127.09596205,59.31776525781398,,,,782014285,,,,,망우본동
봉우재로71길,주거지 도로,37.5970545,127.0961032,37.5968511,127.0967231,37.5969528,127.09641315,59.1191596139629,,,,238155595,,,,,망우본동
봉우재로71길,주거지 도로,37.5965702,127.0958209,37.5970545,127.0961032,37.59681235,127.09596205,59.31776525781398,,,,782014285,,,,,망우본동
상봉로28길,주거지 도로,37.5965702,127.0958209,37.5965124,127.0953901,37.5965413,127.0956055,38.49501000444898,,,,238156068,,,,,망우본동
상봉로28길,주거지 도로,37.5965702,127.0958209,37.59622,127.0961721,37.5963951,127.0959965,49.73687696316857,,,,238156068,,,,,망우본동
용마산로115가길,주거지 도로,37.597574,127.0963642,37.5977032,127.0959912,37.5976386,127.0961777,35.864963767012526,,,,238155866,,,,,망우본동
용마산로115가길,주거지 도로,37.597574,127.0963642,37.5974056,127.0968454,37.597489800000005,127.0966048,46.345780559731715,,,,238155866,,,,,망우본동
용마산로115나길,주거지 도로,37.597574,127.0963642,37.5977773,127.0965353,37.59767565,127.09644975,28.350699772035515,,,,238156309,,,,,망우본동
용마산로115가길,주거지 도로,37.597574,127.0963642,37.5970666,127.096068,37.5973203,127.0962161,62.16308864606148,,,,1046544821,,,,,망우본동
상봉로26길,주거지 도로,37.5959856,127.0964265,37.5960529,127.0967066,37.59601925,127.09656655,25.787478256444036,,,,238155597,,,,,망우본동
상봉로26길,주거지 도로,37.5959856,127.0964265,37.5959629,127.0963175,37.59597425,127.096372,9.92946110755717,,,,238155597,,,,,망우본동
상봉로28길,주거지 도로,37.5959856,127.0964265,37.59622,127.0961721,37.5961028,127.0962993,34.37590915007495,,,,238156068,,,,,망우본동
상봉로26길,주거지 도로,37.5959856,127.0964265,37.5957531,127.0966994,37.59586935,127.09656295,35.305223906886106,,,,238156178,,,,,망우본동
망우로60길,주거지 도로,37.5972166,127.0939692,37.5974633,127.0947008,37.597339950000006,127.094335,70.05851826159191,,,,238154628,,,,,망우본동
망우로58길,주거지 도로,37.5972166,127.0939692,37.5963287,127.0940199,37.596772650000005,127.09399455,98.84580890341576,,,,238156069,,,,,망우본동
망우로58길,주거지 도로,37.5972166,127.0939692,37.597799,127.0939133,37.5975078,127.09394125,64.95704382499073,,,,808067210,,,,,망우본동
망우로60길,주거지 도로,37.5972166,127.0939692,37.5968823,127.0929973,37.59704945,127.09348325,93.3471988594819,,,,862010522,,,,,망우본동
상봉로26길,주거지 도로,37.595503,127.0941193,37.5957106,127.0951055,37.5956068,127.0946124,89.90224840156674,,,,238155597,,,,,망우본동
상봉로26길,주거지 도로,37.595503,127.0941193,37.5954326,127.0937989,37.5954678,127.0939591,29.29386543880017,,,,238155597,,,,,망우본동
망우로58길,주거지 도로,37.595503,127.0941193,37.5958644,127.0940825,37.5956837,127.0941009,40.31648317910132,,,,238156069,,,,,망우본동
봉우재로55길,주거지 도로,37.595503,127.0941193,37.5949028,127.0941773,37.5952029,127.0941483,66.9346352043857,,,,238156070,,,,,망우본동
봉우재로55길,주거지 도로,37.5943162,127.094199,37.5949028,127.0941773,37.5946095,127.09418815,65.25504982231392,,,,238156070,,,,,망우본동
봉우재로,3차로,37.5943162,127.094199,37.5945467,127.0952513,37.59443145,127.09472515,96.19075274151218,,,,908654487,,,,,망우3동
봉우재로,3차로,37.5943162,127.094199,37.5942711,127.0939931,37.59429365,127.09409605,18.821318932894663,,,,908654487,,,,,망우3동
봉우재로,3차로,37.5946331,127.0956458,37.5948573,127.0966848,37.594745200000006,127.0961653,94.87497847227758,,,,908654487,,,,,망우3동
봉우재로,3차로,37.5946331,127.0956458,37.5945467,127.0952513,37.5945899,127.09544855,36.060796395196746,,,,908654487,,,,,망우3동
봉우재로59길,주거지 도로,37.5946331,127.0956458,37.5957531,127.0966994,37.5951931,127.0961726,165.73959861729858,,,,238156177,,,,,망우본동
봉우재로59길,주거지 도로,37.5957531,127.0966994,37.5959302,127.0971878,37.59584165,127.0969436,47.32193496347812,,,,238156177,,,,,망우본동
상봉로26길,주거지 도로,37.5957531,127.0966994,37.5959856,127.0964265,37.59586935,127.09656295,35.305223906886106,,,,238156178,,,,,망우본동
봉우재로59길,주거지 도로,37.5957531,127.0966994,37.5946331,127.0956458,37.5951931,127.0961726,165.73959861729858,,,,238156177,,,,,망우본동
상봉로26길,주거지 도로,37.5959302,127.0971878,37.5961505,127.0971132,37.59604035,127.0971505,25.36267969733102,,,,238155597,,,,,망우본동
봉우재로59길,주거지 도로,37.5959302,127.0971878,37.5957531,127.0966994,37.59584165,127.0969436,47.32193496347812,,,,238156177,,,,,망우본동
상봉로26길,주거지 도로,37.5959302,127.0971878,37.595673,127.0973137,37.5958016,127.09725075,30.704888242766273,,,,238155597,,,,,망우본동
상봉로26길,주거지 도로,37.5957106,127.0951055,37.5959629,127.0963175,37.59583675,127.0957115,110.40547715131252,,,,238155597,,,,,망우본동
상봉로26길,주거지 도로,37.5957106,127.0951055,37.595503,127.0941193,37.5956068,127.0946124,89.90224840156674,,,,238155597,,,,,망우본동
봉우재로57길,주거지 도로,37.5957106,127.0951055,37.5960274,127.0950443,37.59586899999999,127.0950749,35.63687063725538,,,,238156179,,,,,망우본동
봉우재로57길,주거지 도로,37.5957106,127.0951055,37.595175,127.0950448,37.5954428,127.09507515,60.54818358453559,,,,238156179,,,,,망우본동
봉우재로57길,주거지 도로,37.5945467,127.0952513,37.59509,127.0950746,37.59481835,127.09516295,62.38598585322984,,,,238156179,,,,,망우본동
봉우재로58길,주거지 도로,37.5945467,127.0952513,37.5940688,127.095421,37.59430775,127.09533615,55.203448128493115,,,,238157443,,,,,망우3동
봉우재로,3차로,37.5945467,127.0952513,37.5946331,127.0956458,37.5945899,127.09544855,36.060796395196746,,,,908654487,,,,,망우3동
봉우재로,3차로,37.5945467,127.0952513,37.5943162,127.094199,37.59443145,127.09472515,96.19075274151218,,,,908654487,,,,,망우3동
용마산로100길,주거지 도로,37.5900893,127.1028528,37.5901393,127.1027137,37.5901143,127.10278325,13.458242931013876,,,,239721131,,,,,망우3동
상봉로12길,주거지 도로,37.591145,127.0969292,37.5909936,127.096287,37.5910693,127.0966081,59.035071754446314,,,,238157439,,,,,망우3동
봉우재로70길,주거지 도로,37.591145,127.0969292,37.5912949,127.0970135,37.59121995,127.09697135,18.248183552710103,,,,238157444,,,True,,망우3동
면목로84가길,주거지 도로,37.5919616,127.088583,37.5913185,127.088644,37.591640049999995,127.0886135,71.7112514115115,,,,239728541,,,,,면목본동
면목로84길,주거지 도로,37.5919616,127.088583,37.5918666,127.0866851,37.5919141,127.08763405,170.31442085195934,,,,360113076,,,,,면목본동
면목로84길,주거지 도로,37.5919616,127.088583,37.5919888,127.0892516,37.5919752,127.0889173,58.986747455212445,,,,360113076,,,,,면목본동
봉우재로70길,주거지 도로,37.5943353,127.0986729,37.5946658,127.0981993,37.59450055,127.0984361,55.602811981721906,,,,238157430,,,,,망우3동
봉우재로70길,주거지 도로,37.5943353,127.0986729,37.5948173,127.0989354,37.5945763,127.09880415,58.373112458252066,,,,238157444,,,True,,망우3동
용마산로105길,주거지 도로,37.5943353,127.0986729,37.5939972,127.0972386,37.59416625,127.09795575,131.84361150408023,,,,576174313,,,,,망우3동
용마산로105길,주거지 도로,37.5943353,127.0986729,37.5940394,127.0993084,37.59418735,127.09899065,65.15332261822778,,,,576174313,,,,,망우3동
상봉로18길,주거지 도로,37.5927343,127.093872,37.5930375,127.0938391,37.5928859,127.09385555,33.83873460863894,,,,238157435,,,,,망우3동
상봉로18길,주거지 도로,37.5927343,127.093872,37.5927066,127.0934276,37.59272045,127.0936498,39.27585921314758,,,,238157846,,,,,망우3동
상봉로18길,주거지 도로,37.5927343,127.093872,37.5927882,127.0946454,37.592761249999995,127.0942587,68.40523981234966,,,,238157846,,,,,망우3동
봉우재로,3차로,37.5935082,127.0903591,37.5938137,127.0918311,37.59366095,127.0910951,134.067424464322,,,,516724051,,,,,면목본동
봉우재로,3차로,37.5935082,127.0903591,37.5933751,127.0897179,37.59344165,127.0900385,58.40034029408145,,,,516724051,,,,,면목본동
봉우재로43길,주거지 도로,37.5935082,127.0903591,37.5940918,127.0901445,37.5938,127.0902518,67.59183206051172,,,,576122769,,,,,상봉2동
봉우재로54길,주거지 도로,37.5942711,127.0939931,37.5937867,127.0941485,37.5940289,127.0940708,55.57582938267058,,,,238157437,,,,,망우3동
봉우재로,3차로,37.5942711,127.0939931,37.5943162,127.094199,37.59429365,127.09409605,18.821318932894663,,,,908654487,,,,,망우3동
봉우재로,3차로,37.5942711,127.0939931,37.5942529,127.0939101,37.594262,127.0939516,7.5876203559675055,,,,908654487,,,,,망우3동
용마산로100길,주거지 도로,37.5917635,127.0980738,37.5916181,127.0984662,37.591690799999995,127.09827,38.16809448328264,,,,239721131,,,,,망우3동
용마산로99길,주거지 도로,37.5917635,127.0980738,37.5919835,127.0974019,37.5918735,127.09773785,64.0552388251404,,,,239723759,,,,,망우3동
봉우재로54길,주거지 도로,37.5937867,127.0941485,37.5942711,127.0939931,37.5940289,127.0940708,55.57582938267058,,,,238157437,,,,,망우3동
봉우재로54길,주거지 도로,37.5937867,127.0941485,37.593052,127.0942427,37.593419350000005,127.0941956,82.1155375425294,,,,238157437,,,,,망우3동
상봉로20길,주거지 도로,37.5937867,127.0941485,37.5937226,127.0938459,37.59375465,127.0939972,27.59722415040396,,,,238157440,,,,,망우3동
상봉로20길,주거지 도로,37.5937867,127.0941485,37.5938643,127.0945154,37.5938255,127.09433195,33.45791213223564,,,,238157440,,,,,망우3동
상봉로15길,주거지 도로,37.5917288,127.0912321,37.5917522,127.0908864,37.5917405,127.09105925,30.570040111143616,,,,238157438,,,,,면목본동
상봉로15길,주거지 도로,37.5917288,127.0912321,37.5917541,127.0915348,37.59174145,127.09138345,26.86509478337587,,,,238157438,,,,,면목본동
상봉로15마길,주거지 도로,37.5917288,127.0912321,37.5925507,127.0912847,37.59213975,127.0912584,91.93652250908376,,,,239728042,,,,,면목본동
상봉로15라길,주거지 도로,37.5917288,127.0912321,37.5913774,127.0911034,37.5915531,127.09116775,44.83389553653114,,,,1154325168,,,,,면목본동
망우로48길,주거지 도로,37.5958308,127.0881732,37.5963271,127.087951,37.596078950000006,127.0880621,58.55552724864195,,,,238157432,,,,,상봉2동
면목로92길,주거지 도로,37.5958308,127.0881732,37.5957073,127.0879891,37.59576905,127.08808115,21.252508387233902,,,,371238025,,,,,상봉2동
망우로48길,주거지 도로,37.5958308,127.0881732,37.5952072,127.0890966,37.595519,127.0886349,106.90234038069552,,,,238157432,,,,,상봉2동
상봉로12길,주거지 도로,37.5906609,127.0948755,37.5909936,127.096287,37.59082725,127.09558125,129.75233216131545,,,,238157439,,,,,망우3동
겸재로61길,주거지 도로,37.5906609,127.0948755,37.5900621,127.0950818,37.5903615,127.09497865,69.02018245378513,,,,238157442,,,,,망우3동
상봉로12길,주거지 도로,37.5906609,127.0948755,37.5905478,127.0943496,37.59060435000001,127.09461255,48.01327007177329,,,,238157439,,,,,망우3동
겸재로61길,주거지 도로,37.5906609,127.0948755,37.5911964,127.0948084,37.59092865,127.09484195,59.83983072963007,,,,238157442,,,,,망우3동
봉우재로70길,주거지 도로,37.5903698,127.0965011,37.591145,127.0969292,37.5907574,127.09671515,94.09010695430858,,,,238157444,,,True,,망우3동
겸재로61길,주거지 도로,37.5927882,127.0946454,37.5930983,127.0946258,37.592943250000005,127.0946356,34.524811429071185,,,,238157442,,,,,망우3동
겸재로61길,주거지 도로,37.5927882,127.0946454,37.5922105,127.0947142,37.59249935,127.0946798,64.52277885391909,,,,238157442,,,,,망우3동
상봉로18길,주거지 도로,37.5927882,127.0946454,37.5927343,127.093872,37.592761249999995,127.0942587,68.40523981234966,,,,238157846,,,,,망우3동
상봉로18길,주거지 도로,37.5927882,127.0946454,37.5929208,127.095029,37.5928545,127.0948372,36.87408552382741,,,,238157846,,,,,망우3동
봉우재로70길,주거지 도로,37.5919835,127.0974019,37.5931167,127.0980093,37.5925501,127.0977056,136.8999646204214,,,,238157444,,,True,,망우3동
용마산로99길,주거지 도로,37.5919835,127.0974019,37.5917635,127.0980738,37.5918735,127.09773785,64.0552388251404,,,,239723759,,,,,망우3동
용마산로99길,주거지 도로,37.5919835,127.0974019,37.59216,127.0968999,37.59207175,127.0971509,48.39071164449726,,,,239723759,,,,,망우3동
봉우재로70길,주거지 도로,37.5946658,127.0981993,37.5943353,127.0986729,37.59450055,127.0984361,55.602811981721906,,,,238157430,,,,,망우3동
상봉로20길,주거지 도로,37.5946658,127.0981993,37.5944286,127.0970952,37.5945472,127.09764725,100.78920750802313,,,,238157440,,,,,망우3동
상봉로20길,주거지 도로,37.5946658,127.0981993,37.5948173,127.0989354,37.59474155,127.09856735,67.00624488232319,,,,238157440,,,,,망우3동
봉우재로33길,3차로,37.5960413,127.0903723,37.5960046,127.0903129,37.596022950000005,127.0903426,6.636361713861317,,,,481798414,,,,,상봉2동
망우로52길,주거지 도로,37.5960413,127.0903723,37.5963294,127.0900254,37.59618535,127.09019885,44.27593351836294,,,,548166810,,,,,상봉2동
봉우재로33길,3차로,37.5952072,127.0890966,37.5954308,127.0894414,37.595319,127.089269,39.25587517112315,,,,481798414,,,,,상봉2동
봉우재로33길,3차로,37.5952072,127.0890966,37.5950798,127.0889693,37.5951435,127.08903295,18.068608950917273,,,,481798414,,,,,상봉2동
봉우재로43길,주거지 도로,37.5952072,127.0890966,37.594784,127.0897294,37.5949956,127.089413,72.95743172236695,,,,576122769,,,,,상봉2동
망우로48길,주거지 도로,37.5952072,127.0890966,37.5958308,127.0881732,37.595519,127.0886349,106.90234038069552,,,,238157432,,,,,상봉2동
상봉로20길,주거지 도로,37.5938643,127.0945154,37.5937867,127.0941485,37.5938255,127.09433195,33.45791213223564,,,,238157440,,,,,망우3동
상봉로20길,주거지 도로,37.5938643,127.0945154,37.5940688,127.095421,37.593966550000005,127.0949682,82.96572181798285,,,,238157440,,,,,망우3동
겸재로61길,주거지 도로,37.5938643,127.0945154,37.593578,127.0945626,37.59372115,127.094539,32.105622113602486,,,,238157442,,,,,망우3동
상봉로16길,주거지 도로,37.5922251,127.0948272,37.5922105,127.0947142,37.5922178,127.0947707,10.087686507340749,,,,238157445,,,,,망우3동
상봉로16길,주거지 도로,37.5922251,127.0948272,37.5924944,127.0959419,37.59235975,127.09538455,102.67729981064724,,,,238157445,,,,,망우3동
상봉로16가길,주거지 도로,37.5922251,127.0948272,37.5916034,127.0966066,37.59191425,127.0957169,171.35435348609215,,,,238157845,,,,,망우3동
봉우재로58길,주거지 도로,37.5924944,127.0959419,37.5931688,127.0957499,37.5928316,127.0958459,76.874728666337,,,,238157443,,,,,망우3동
상봉로16길,주거지 도로,37.5924944,127.0959419,37.5922251,127.0948272,37.59235975,127.09538455,102.67729981064724,,,,238157445,,,,,망우3동
용마산로99길,주거지 도로,37.5924944,127.0959419,37.59216,127.0968999,37.5923272,127.0964209,92.23453872661864,,,,239723759,,,,,망우3동
망우로48길,주거지 도로,37.5963271,127.087951,37.5958308,127.0881732,37.596078950000006,127.0880621,58.55552724864195,,,,238157432,,,,,상봉2동
망우로48길,주거지 도로,37.5963271,127.087951,37.5969226,127.0876956,37.59662485,127.0878233,69.9354140771788,,,,238157432,,,,,상봉2동
면목로96길,주거지 도로,37.5963271,127.087951,37.5962506,127.087673,37.59628885,127.087812,25.927781080875445,,,,238157441,,,,,상봉2동
면목로96길,주거지 도로,37.5963271,127.087951,37.5965784,127.088944,37.59645275,127.0884475,91.8404313524088,,,,238157441,,,,,상봉2동
상봉로18길,주거지 도로,37.5937065,127.0937696,37.5930375,127.0938391,37.593372,127.09380435,74.64111098715172,,,,238157435,,,,,망우3동
상봉로20길,주거지 도로,37.5937065,127.0937696,37.5936561,127.093327,37.5936813,127.0935483,39.3964462632218,,,,238157440,,,,,망우3동
상봉로20길,주거지 도로,37.5937065,127.0937696,37.5937226,127.0938459,37.59371455,127.09380775,6.9567926481554405,,,,238157440,,,,,망우3동
상봉로25길,주거지 도로,37.5949437,127.0915281,37.5948775,127.091204,37.594910600000006,127.09136605,29.48829475761922,,,,238157431,,,,,상봉2동
상봉로25길,주거지 도로,37.5949437,127.0915281,37.5950635,127.0921103,37.5950036,127.0918192,53.00431045903811,,,,238157431,,,,,상봉2동
봉우재로,3차로,37.5941071,127.0931766,37.5939049,127.092257,37.594006,127.0927168,84.0838601835836,,,,516724051,,,,,면목본동
봉우재로,3차로,37.5941071,127.0931766,37.5941259,127.0932879,37.5941165,127.09323225,10.026508387840591,,,,908654507,,,,,망우3동
면목로84길,주거지 도로,37.5918666,127.0866851,37.5919616,127.088583,37.5919141,127.08763405,170.31442085195934,,,,360113076,,,,,면목본동
면목로96길,주거지 도로,37.5967279,127.0895475,37.5965784,127.088944,37.596653149999995,127.08924575,55.70809117761144,,,,238157441,,,,,상봉2동
망우로52길,주거지 도로,37.5967279,127.0895475,37.5972866,127.0893682,37.59700725,127.08945785,64.10441933265808,,,,548166810,,,,,상봉2동
망우로52길,주거지 도로,37.5967279,127.0895475,37.5963738,127.0899721,37.59655085,127.0897598,54.31130797259085,,,,548166810,,,,,상봉2동
면목로96길,주거지 도로,37.5957061,127.0856959,37.5959491,127.0865783,37.5958276,127.0861371,82.30446010343988,,,,238157441,,,,,상봉2동
면목로95길,주거지 도로,37.5957061,127.0856959,37.5954957,127.0848972,37.5956009,127.08529655,74.1558301170039,,,,409237561,,,,,상봉2동
겸재로61길,주거지 도로,37.5930375,127.0938391,37.593052,127.0942427,37.59304475,127.0940409,35.59649801917004,,,,238157433,,,,,망우3동
상봉로18길,주거지 도로,37.5930375,127.0938391,37.5937065,127.0937696,37.593372,127.09380435,74.64111098715172,,,,238157435,,,,,망우3동
상봉로18길,주거지 도로,37.5930375,127.0938391,37.5927343,127.093872,37.5928859,127.09385555,33.83873460863894,,,,238157435,,,,,망우3동
봉우재로49길,주거지 도로,37.5950635,127.0921103,37.5945177,127.0921503,37.5947906,127.0921303,60.79251300794383,,,,238157434,,,,,상봉2동
상봉로25길,주거지 도로,37.5950635,127.0921103,37.5949437,127.0915281,37.5950036,127.0918192,53.00431045903811,,,,238157431,,,,,상봉2동
상봉로25길,주거지 도로,37.5950635,127.0921103,37.5952735,127.0930461,37.5951685,127.0925782,85.69140173818595,,,,238157431,,,,,상봉2동
겸재로61길,주거지 도로,37.5922105,127.0947142,37.5927882,127.0946454,37.59249935,127.0946798,64.52277885391909,,,,238157442,,,,,망우3동
겸재로61길,주거지 도로,37.5922105,127.0947142,37.5911964,127.0948084,37.59170345,127.0947613,113.06797272512588,,,,238157442,,,,,망우3동
상봉로16길,주거지 도로,37.5922105,127.0947142,37.5922251,127.0948272,37.5922178,127.0947707,10.087686507340749,,,,238157445,,,,,망우3동
상봉로16길,주거지 도로,37.5922105,127.0947142,37.592136,127.0941386,37.59217325,127.0944264,51.387077315524664,,,,238157445,,,,,망우3동
상봉로15길,주거지 도로,37.5920363,127.09339,37.5919634,127.0929318,37.59199984999999,127.0931609,41.17694285991939,,,,238157438,,,,,면목본동
겸재로61길,주거지 도로,37.5930983,127.0946258,37.593052,127.0942427,37.59307515,127.09443425,34.14412857387508,,,,238157433,,,,,망우3동
겸재로61길,주거지 도로,37.5930983,127.0946258,37.593578,127.0945626,37.59333815,127.0945942,53.63014103013047,,,,238157442,,,,,망우3동
겸재로61길,주거지 도로,37.5930983,127.0946258,37.5927882,127.0946454,37.592943250000005,127.0946356,34.524811429071185,,,,238157442,,,,,망우3동
겸재로61길,주거지 도로,37.593052,127.0942427,37.5930983,127.0946258,37.59307515,127.09443425,34.14412857387508,,,,238157433,,,,,망우3동
겸재로61길,주거지 도로,37.593052,127.0942427,37.5930375,127.0938391,37.59304475,127.0940409,35.59649801917004,,,,238157433,,,,,망우3동
봉우재로54길,주거지 도로,37.593052,127.0942427,37.5937867,127.0941485,37.593419350000005,127.0941956,82.1155375425294,,,,238157437,,,,,망우3동
상봉로25길,주거지 도로,37.5946047,127.0899937,37.5946933,127.0903855,37.594649,127.0901896,35.8979042121047,,,,238157431,,,,,상봉2동
봉우재로43길,주거지 도로,37.5946047,127.0899937,37.5940918,127.0901445,37.59434825,127.0900691,58.559114757052754,,,,576122769,,,,,상봉2동
봉우재로43길,주거지 도로,37.5946047,127.0899937,37.594784,127.0897294,37.59469435,127.08986155,30.655176875435473,,,,576122769,,,,,상봉2동
용마산로101길,주거지 도로,37.5932793,127.0974772,37.5931167,127.0980093,37.593198,127.09774325,50.24722297809904,,,,238157844,,,,,망우3동
봉우재로64길,주거지 도로,37.5932793,127.0974772,37.5939972,127.0972386,37.59363825,127.0973579,82.54860897484166,,,,238157847,,,,,망우3동
봉우재로64길,주거지 도로,37.5932793,127.0974772,37.59216,127.0968999,37.59271965,127.09718855,134.45311000453344,,,,238157847,,,,,망우3동
상봉로20길,주거지 도로,37.5940688,127.095421,37.5938643,127.0945154,37.593966550000005,127.0949682,82.96572181798285,,,,238157440,,,,,망우3동
상봉로20길,주거지 도로,37.5940688,127.095421,37.5944286,127.0970952,37.5942487,127.0962581,152.8356569991696,,,,238157440,,,,,망우3동
봉우재로58길,주거지 도로,37.5940688,127.095421,37.5945467,127.0952513,37.59430775,127.09533615,55.203448128493115,,,,238157443,,,,,망우3동
봉우재로58길,주거지 도로,37.5940688,127.095421,37.59377,127.0955213,37.5939194,127.09547115,34.380221781374686,,,,238157443,,,,,망우3동
봉우재로64길,주거지 도로,37.59216,127.0968999,37.5932793,127.0974772,37.59271965,127.09718855,134.45311000453344,,,,238157847,,,,,망우3동
봉우재로64길,주거지 도로,37.59216,127.0968999,37.5916034,127.0966066,37.5918817,127.09675325,67.06963891622053,,,,238157847,,,,,망우3동
용마산로99길,주거지 도로,37.59216,127.0968999,37.5919835,127.0974019,37.59207175,127.0971509,48.39071164449726,,,,239723759,,,,,망우3동
용마산로99길,주거지 도로,37.59216,127.0968999,37.5924944,127.0959419,37.5923272,127.0964209,92.23453872661864,,,,239723759,,,,,망우3동
상봉로12길,주거지 도로,37.5909936,127.096287,37.5906609,127.0948755,37.59082725,127.09558125,129.75233216131545,,,,238157439,,,,,망우3동
상봉로12길,주거지 도로,37.5909936,127.096287,37.591145,127.0969292,37.5910693,127.0966081,59.035071754446314,,,,238157439,,,,,망우3동
봉우재로64길,주거지 도로,37.5909936,127.096287,37.5912284,127.0964104,37.591111,127.0963487,28.282051881615093,,,,238157847,,,,,망우3동
봉우재로64길,주거지 도로,37.5949118,127.0969178,37.5944286,127.0970952,37.5946702,127.0970065,55.95665264877652,,,,238157847,,,,,망우3동
봉우재로,3차로,37.5949118,127.0969178,37.5949726,127.0971939,37.5949422,127.09705585,25.24770520149769,,,,908654487,,,,,망우3동
봉우재로,3차로,37.5949118,127.0969178,37.5948573,127.0966848,37.59488455,127.0968013,21.404225691541505,,,,908654487,,,,,망우3동
봉우재로63길,주거지 도로,37.5949118,127.0969178,37.5954934,127.0967874,37.5952026,127.0968526,65.8595138992689,,,,576122800,,,,,망우본동
봉우재로70길,주거지 도로,37.5931167,127.0980093,37.5943353,127.0986729,37.593726,127.0983411,147.57811093496397,,,,238157444,,,True,,망우3동
용마산로101길,주거지 도로,37.5931167,127.0980093,37.5928811,127.0986812,37.5929989,127.09834525,64.73673689933351,,,,238157844,,,,,망우3동
용마산로101길,주거지 도로,37.5931167,127.0980093,37.5932793,127.0974772,37.593198,127.09774325,50.24722297809904,,,,238157844,,,,,망우3동
봉우재로64길,주거지 도로,37.5916034,127.0966066,37.5912284,127.0964104,37.5914159,127.0965085,45.139509186346466,,,,238157847,,,,,망우3동
상봉로16가길,주거지 도로,37.5916034,127.0966066,37.5922251,127.0948272,37.59191425,127.0957169,171.35435348609212,,,,238157845,,,,,망우3동
봉우재로64길,주거지 도로,37.5916034,127.0966066,37.59216,127.0968999,37.5918817,127.09675325,67.06963891622053,,,,238157847,,,,,망우3동
봉우재로58길,주거지 도로,37.5931688,127.0957499,37.5934872,127.0956243,37.593328,127.0956871,37.09366836318112,,,,238157443,,,,,망우3동
상봉로18길,주거지 도로,37.5931688,127.0957499,37.5929208,127.095029,37.5930448,127.09538945,69.24432847112347,,,,238157846,,,,,망우3동
봉우재로58길,주거지 도로,37.5931688,127.0957499,37.5924944,127.0959419,37.5928316,127.0958459,76.874728666337,,,,238157443,,,,,망우3동
상봉로20길,주거지 도로,37.5944286,127.0970952,37.5940688,127.095421,37.5942487,127.0962581,152.8356569991696,,,,238157440,,,,,망우3동
상봉로20길,주거지 도로,37.5944286,127.0970952,37.5946658,127.0981993,37.5945472,127.09764725,100.78920750802313,,,,238157440,,,,,망우3동
봉우재로64길,주거지 도로,37.5944286,127.0970952,37.5949118,127.0969178,37.5946702,127.0970065,55.95665264877652,,,,238157847,,,,,망우3동
봉우재로64길,주거지 도로,37.5944286,127.0970952,37.5939972,127.0972386,37.5942129,127.0971669,49.60549466297433,,,,238157847,,,,,망우3동
겸재로49길,주거지 도로,37.5918846,127.0900405,37.5915443,127.0899208,37.59171445,127.08998065,39.28196122315345,,,,238158407,,,,,면목본동
면목로84길,주거지 도로,37.5918846,127.0900405,37.5919329,127.0897908,37.59190875,127.08991565,22.64669641780415,,,,360113076,,,,,면목본동
상봉로15길,주거지 도로,37.5918846,127.0900405,37.5917522,127.0908864,37.5918184,127.09046345,75.99179306354084,,,,238157438,,,,,면목본동
겸재로,주거지 도로,37.5892945,127.0917018,37.5899109,127.091493,37.5896027,127.0915974,70.96683493598947,,,,238158409,,,,,면목본동
겸재로,주거지 도로,37.5892945,127.0917018,37.5886629,127.0919264,37.5889787,127.0918141,72.96579726898011,,,,1126941119,,,,,면목본동
면목로74길,주거지 도로,37.5889895,127.0874139,37.5891686,127.088207,37.589079049999995,127.08781045,72.66368477524861,,,,238158405,,,,,면목본동
면목로73길,주거지 도로,37.5889895,127.0874139,37.5888165,127.0866407,37.588903,127.0870273,70.79186668864011,,,,239728892,,,,,면목본동
겸재로29길,주거지 도로,37.5884207,127.0848711,37.5890419,127.0850942,37.5887313,127.08498265,71.81712806037264,,,,238158411,,,,,면목본동
겸재로29길,주거지 도로,37.5884207,127.0848711,37.587719,127.0846627,37.58806985,127.0847669,80.15723348648679,,,,238158411,,,,,면목본동
면목로73길,주거지 도로,37.5884207,127.0848711,37.5885937,127.0856285,37.588507199999995,127.0852498,69.453459470461,,,,239728892,,,,,면목본동
겸재로29길,주거지 도로,37.587719,127.0846627,37.5884207,127.0848711,37.58806985,127.0847669,80.15723348648679,,,,238158411,,,,,면목본동
겸재로30길,주거지 도로,37.587719,127.0846627,37.587297,127.0845425,37.587508,127.0846026,48.105241350690626,,,,371238043,,,True,,면목본동
겸재로30길,주거지 도로,37.5905164,127.0856007,37.5905933,127.0853626,37.59055485,127.08548165,22.65468937461953,,,,238158404,,,,,면목본동
겸재로29길,주거지 도로,37.5905164,127.0856007,37.5910913,127.0860083,37.59080385,127.0858045,73.32337905135832,,,,238158411,,,,,면목본동
겸재로29길,주거지 도로,37.5905164,127.0856007,37.5900836,127.0854866,37.5903,127.08554365,49.16409649109911,,,,238158411,,,,,면목본동
면목로74길,주거지 도로,37.5896474,127.0903266,37.5891686,127.088207,37.589408,127.0892668,194.20104639938737,,,,238158405,,,,,면목본동
겸재로49길,주거지 도로,37.5896474,127.0903266,37.590143,127.0901432,37.5898952,127.0902349,57.42867133592974,,,,238158407,,,,,면목본동
겸재로49길,주거지 도로,37.5896474,127.0903266,37.5890472,127.0905462,37.5893473,127.0904364,69.48759669662051,,,,238158407,,,,,면목본동
상봉로11길,주거지 도로,37.5896474,127.0903266,37.5899109,127.091493,37.58977915,127.0909098,106.86749611929632,,,,238158408,,,,,면목본동
겸재로49길,주거지 도로,37.5890472,127.0905462,37.5896474,127.0903266,37.5893473,127.0904364,69.48759669662051,,,,238158407,,,,,면목본동
겸재로49길,주거지 도로,37.5910526,127.0898254,37.5911482,127.0898377,37.5911004,127.08983155,10.685350520515192,,,,238158407,,,,,면목본동
겸재로49길,주거지 도로,37.5910526,127.0898254,37.5906772,127.0899488,37.5908649,127.0898871,43.135408658802255,,,,238158407,,,,,면목본동
면목로80길,주거지 도로,37.5910526,127.0898254,37.5907991,127.0889801,37.59092585,127.08940275,79.63460841506075,,,,1154325154,,,,,면목본동
겸재로49길,주거지 도로,37.5915068,127.089908,37.5915443,127.0899208,37.59152555,127.0899144,4.31963854752518,,,,238158407,,,,,면목본동
겸재로49길,주거지 도로,37.5915068,127.089908,37.5911482,127.0898377,37.5913275,127.08987285,40.433310144016914,,,,238158407,,,,,면목본동
상봉로15라길,주거지 도로,37.5915068,127.089908,37.5913803,127.0905019,37.591443549999994,127.09020495,58.3346711445967,,,,239728542,,,,,면목본동
상봉로11길,주거지 도로,37.5899109,127.091493,37.5896474,127.0903266,37.58977915,127.0909098,106.86749611929632,,,,238158408,,,,,면목본동
상봉로11길,주거지 도로,37.5899109,127.091493,37.5900957,127.092311,37.5900033,127.091902,74.94650523075263,,,,238158408,,,,,면목본동
겸재로,주거지 도로,37.5899109,127.091493,37.5892945,127.0917018,37.5896027,127.0915974,70.96683493598947,,,,238158409,,,,,면목본동
용마산로94길,주거지 도로,37.5893768,127.0967843,37.5892476,127.0971785,37.589312199999995,127.0969814,37.58736118058714,,,,239719103,,,,,면목3·8동
용마산로93길,주거지 도로,37.5893768,127.0967843,37.5896167,127.0960975,37.589496749999995,127.0964409,66.13339884813115,,,,761530858,,,,,면목3·8동
겸재로64길,주거지 도로,37.5896167,127.0960975,37.5903698,127.0965011,37.58999325,127.0962993,90.97896893071352,,,,371643401,,,True,,면목3·8동
용마산로93길,주거지 도로,37.5896167,127.0960975,37.5893768,127.0967843,37.589496749999995,127.0964409,66.13339884813115,,,,761530858,,,,,면목3·8동
용마산로93길,주거지 도로,37.5896167,127.0960975,37.5895057,127.0956032,37.5895612,127.09585035,45.26843921858857,,,,761530858,,,,,면목3·8동
용마산로94길,주거지 도로,37.5883032,127.0998419,37.588246,127.0998971,37.5882746,127.0998695,8.006925940813131,,,,239719103,,,,,면목3·8동
용마산로94길,주거지 도로,37.5883032,127.0998419,37.5891164,127.1002918,37.5887098,127.10006685,98.73160411248948,,,,702893802,,,,,면목3·8동
용마산로94길,주거지 도로,37.5883032,127.0998419,37.5885261,127.0992215,37.58841465,127.0995317,60.02800963491775,,,,239719103,,,,,면목3·8동
겸재로50길,주거지 도로,37.5890878,127.0907188,37.5886193,127.0908811,37.58885355,127.09079995,54.293986881646575,,,,238158622,,,,,면목본동
용마산로94길,주거지 도로,37.5877995,127.1007484,37.5879341,127.1004215,37.5878668,127.10058495,32.46054200529628,,,,239719103,,,,,면목3·8동
용마산로94길,주거지 도로,37.5877995,127.1007484,37.5871175,127.1006269,37.5874585,127.10068765,76.58699938196041,,,,781980177,,,,,면목3·8동
용마산로94길,주거지 도로,37.5877995,127.1007484,37.5884993,127.1011171,37.588149400000006,127.10093275,86.7867413528493,,,,516724029,,,,,면목3·8동
용마산로94길,주거지 도로,37.5877995,127.1007484,37.5877753,127.1010532,37.5877874,127.1009008,26.991367870928514,,,,781980176,,,,,면목3·8동
용마산로94길,주거지 도로,37.587618,127.1017739,37.5871667,127.1016092,37.58739235,127.10169155,52.23863232927088,,,,239719117,,,,,면목3·8동
용마산로94길,주거지 도로,37.587618,127.1017739,37.5884453,127.1013637,37.58803165,127.1015688,201.79952660738795,,,,"[781980176, 814625705, 239719115, 1252259741]",,,,,면목3·8동
용마산로94길,주거지 도로,37.587618,127.1017739,37.5877753,127.1010532,37.58769665,127.10141355,67.2941568650501,,,,781980176,,,,,면목3·8동
용마산로94길,주거지 도로,37.588078,127.100128,37.5878064,127.1000553,37.5879422,127.10009165,30.872476021440736,,,,239719085,,,,,면목3·8동
용마산로94길,주거지 도로,37.588078,127.100128,37.5879341,127.1004215,37.58800605,127.10027475,30.411012671686237,,,,239719103,,,,,면목3·8동
용마산로94길,주거지 도로,37.588078,127.100128,37.5887811,127.1004994,37.58842955,127.1003137,84.75395145885363,,,,814625704,,,,,면목3·8동
용마산로94길,주거지 도로,37.588078,127.100128,37.588246,127.0998971,37.588162,127.10001255,28.60756591080848,,,,239719103,,,,,면목3·8동
용답길,주거지 도로,37.563694,127.0560479,37.5633377,127.0559047,37.56351585,127.0559763,41.58079880541866,,,,238164349,,,,,용답동
용답길,주거지 도로,37.5619496,127.0553169,37.5614897,127.0551357,37.56171965,127.0552263,53.57474640771512,,,,238164349,,,,,용답동
용답중앙길,주거지 도로,37.5619496,127.0553169,37.5620766,127.0551178,37.5620131,127.05521735,22.52567838788162,,,,416596941,,,,,용답동
용답길,주거지 도로,37.5619496,127.0553169,37.5623953,127.0555059,37.56217245,127.0554114,52.284654155093186,,,,238164349,,,,,용답동
"['용답1길', '용답길']",주거지 도로,37.5689781,127.0495649,37.566907,127.0489328,37.56794255,127.04924885,317.0852277946811,,,,"[376672265, 379910179, 238164343]",,,,,용답동
면목로,3차로,37.5822793,127.0886008,37.5826388,127.0885363,37.58245905,127.08856855,40.37667359035494,,,,218798305,,,,,면목3·8동
면목로48길,주거지 도로,37.5822793,127.0886008,37.5822024,127.0892787,37.582240850000005,127.08893975,60.34527213877765,,,,238268120,,,,,면목3·8동
면목로,3차로,37.5822793,127.0886008,37.581701,127.0886265,37.58199015,127.08861365,64.77157664227059,,,,218798305,,,,,면목3·8동
겸재로50나길,주거지 도로,37.5856798,127.0939672,37.5861442,127.0940252,37.585912,127.0939962,51.89128230707225,,,,381408090,,,,,면목본동
겸재로50나길,주거지 도로,37.5856798,127.0939672,37.5851957,127.0937504,37.58543775,127.0938588,57.11886355896719,,,,381408090,,,,,면목본동
면목로64길,주거지 도로,37.5856798,127.0939672,37.5857082,127.0936478,37.585694,127.0938075,28.32075448725064,,,,576291486,,,,,면목본동
면목로44길,주거지 도로,37.5809585,127.0920204,37.5810029,127.0914618,37.5809807,127.0917411,49.4714850260352,,,,238268118,,,,,면목3·8동
면목로44길,주거지 도로,37.5809585,127.0920204,37.5809809,127.0923141,37.5809697,127.09216725,26.000799283739216,,,,238268118,,,,,면목3·8동
면목로44마길,주거지 도로,37.5809585,127.0920204,37.5819653,127.0921538,37.5814619,127.0920871,112.5666940443036,,,,238268124,,,,,면목3·8동
용마산로81길,주거지 도로,37.5850013,127.0944062,37.5851957,127.0937504,37.5850985,127.0940783,61.697397453397606,,,,238268123,,,,,면목본동
용마산로,주거지 도로,37.5850013,127.0944062,37.584863,127.0957077,37.58493215,127.09505695,122.47105179073408,,,,1079180634,,,,,면목3·8동
면목로44나길,주거지 도로,37.5809963,127.0902862,37.5820938,127.0904356,37.58154505,127.0903609,122.7446765229106,,,,238268330,,,,,면목3·8동
면목로44길,주거지 도로,37.5809963,127.0902862,37.5811216,127.0897142,37.58105895,127.0900002,52.31128763197104,,,,238268118,,,,,면목3·8동
면목로44길,주거지 도로,37.5809963,127.0902862,37.581027,127.0908565,37.58101165,127.09057135,50.373730147993605,,,,238268118,,,,,면목3·8동
사가정로72길,주거지 도로,37.580503,127.0941746,37.5793852,127.0952452,37.5799441,127.0947099,158.775672519672,,,,238268121,,,,,면목7동
사가정로71길,주거지 도로,37.580503,127.0941746,37.5813355,127.0971044,37.58091925,127.0956395,282.6855403358609,,,,"[1111682738, 1112327043]",,,,,면목3·8동
사가정로71길,주거지 도로,37.580503,127.0941746,37.5805476,127.0933565,37.580525300000005,127.09376555,72.26748599734572,,,,1112327043,,,,,면목7동
상봉로1길,주거지 도로,37.5861442,127.0940252,37.5863028,127.0947596,37.5862235,127.0943924,67.07170012794774,,,,238268298,,,,,면목본동
상봉로1길,주거지 도로,37.5861442,127.0940252,37.5861688,127.0936826,37.5861565,127.0938539,30.311910171727902,,,,238268298,,,,,면목본동
겸재로50나길,주거지 도로,37.5861442,127.0940252,37.5866428,127.0938669,37.5863935,127.09394605,57.169603755460095,,,,381408090,,,,,면목본동
겸재로50나길,주거지 도로,37.5861442,127.0940252,37.5856798,127.0939672,37.585912,127.0939962,51.89128230707225,,,,381408090,,,,,면목본동
면목로48길,주거지 도로,37.5820938,127.0904356,37.5821198,127.0901583,37.582106800000005,127.09029695,24.60607972311542,,,,238268120,,,,,면목3·8동
면목로48길,주거지 도로,37.5820938,127.0904356,37.5820467,127.0909963,37.58207025,127.09071595,49.68564861943546,,,,238268120,,,,,면목3·8동
면목로44나길,주거지 도로,37.5820938,127.0904356,37.582876,127.0905466,37.5824849,127.0904911,87.52505815020383,,,,238268330,,,,,면목3·8동
면목로44나길,주거지 도로,37.5820938,127.0904356,37.5809963,127.0902862,37.58154505,127.0903609,122.7446765229106,,,,238268330,,,,,면목3·8동
겸재로50길,주거지 도로,37.5889456,127.0931361,37.589101,127.0938366,37.5890233,127.09348635,64.09543686518299,,,,238158622,,,,,면목본동
겸재로50길,주거지 도로,37.5889456,127.0931361,37.5888876,127.0928879,37.588916600000005,127.093012,22.800492635847547,,,,238158622,,,,,면목본동
겸재로50나길,주거지 도로,37.5889456,127.0931361,37.5876723,127.0935402,37.58830895,127.09333815,145.99326978869496,,,,381408090,,,,,면목본동
용마산로81길,주거지 도로,37.5851957,127.0937504,37.5850013,127.0944062,37.5850985,127.0940783,61.697397453397606,,,,238268123,,,,,면목본동
용마산로81길,주거지 도로,37.5851957,127.0937504,37.5852108,127.0935727,37.58520325,127.09366155,15.74801966179018,,,,371238068,,,,,면목본동
겸재로50나길,주거지 도로,37.5851957,127.0937504,37.5856798,127.0939672,37.58543775,127.0938588,57.11886355896719,,,,381408090,,,,,면목본동
겸재로50나길,주거지 도로,37.5851957,127.0937504,37.5849874,127.0936314,37.58509155,127.0936909,25.42495367839894,,,,381408090,,,,,면목본동
면목로44길,주거지 도로,37.5812693,127.0891374,37.5814172,127.0885815,37.58134325,127.08885945,51.67325771366886,,,,238268118,,,,,면목3·8동
면목로44길,주거지 도로,37.5812693,127.0891374,37.5811745,127.0894935,37.5812219,127.08931545,33.10309713380157,,,,238268118,,,,,면목3·8동
사가정로53길,주거지 도로,37.5812693,127.0891374,37.5822024,127.0892787,37.58173585,127.08920805,104.50058696905566,,,,238268119,,,,,면목3·8동
사가정로53길,주거지 도로,37.5812693,127.0891374,37.5805536,127.0890751,37.58091145,127.08910625,79.77633391618151,,,,238268119,,,,,면목3·8동
면목로48길,주거지 도로,37.5819653,127.0921538,37.5820167,127.0915884,37.581991,127.0918711,50.14981675394068,,,,238268120,,,,,면목3·8동
면목로48길,주거지 도로,37.5819653,127.0921538,37.5819187,127.0927303,37.581942,127.09244205,51.064813539259376,,,,238268120,,,,,면목3·8동
면목로44마길,주거지 도로,37.5819653,127.0921538,37.5832248,127.0923364,37.58259505,127.0922451,140.97151398939567,,,,238268124,,,,,면목3·8동
면목로44마길,주거지 도로,37.5819653,127.0921538,37.5809585,127.0920204,37.5814619,127.0920871,112.5666940443036,,,,238268124,,,,,면목3·8동
겸재로50나길,주거지 도로,37.5841997,127.0931634,37.5843189,127.0932355,37.5842593,127.09319945,14.698451406493136,,,,381408090,,,,,면목본동
겸재로50나길,주거지 도로,37.5841997,127.0931634,37.5837378,127.0930933,37.58396875,127.09312835,51.73112421964188,,,,381408090,,,,,면목본동
용마산로77길,주거지 도로,37.5841997,127.0931634,37.5841365,127.0937959,37.5841681,127.09347965,56.17559439283102,,,,576291483,,,,,면목본동
용마산로77길,주거지 도로,37.5841997,127.0931634,37.5842588,127.0924867,37.58422925,127.09282505,59.99006592242654,,,,576291483,,,,,면목본동
면목로,3차로,37.5814172,127.0885815,37.581701,127.0886265,37.5815591,127.088604,31.80533350615351,,,,218798305,,,,,면목3·8동
면목로44길,주거지 도로,37.5814172,127.0885815,37.5812693,127.0891374,37.58134325,127.08885945,51.67325771366886,,,,238268118,,,,,면목3·8동
면목로,3차로,37.5814172,127.0885815,37.5806574,127.0884624,37.5810373,127.08852195,85.13541138294069,,,,218798305,,,,,면목3·8동
면목로44길,주거지 도로,37.5810179,127.092616,37.580997,127.0925258,37.58100745,127.0925709,8.281306176850382,,,,238268118,,,,,면목7동
면목로44길,주거지 도로,37.5810179,127.092616,37.5807582,127.0932325,37.58088805,127.09292425,61.52656213353946,,,,238268118,,,,,면목3·8동
면목로44바길,주거지 도로,37.5810179,127.092616,37.5819187,127.0927303,37.5814683,127.09267315,100.66967831197944,,,,238268329,,,,,면목3·8동
용마산로,주거지 도로,37.5810179,127.092616,37.581399,127.0933365,37.58120845,127.09297625,81.75118657790202,,,,1111682772,,,,,면목3·8동
사가정로72길,주거지 도로,37.5791044,127.0955514,37.5793852,127.0952452,37.5792448,127.0953983,41.26757895564756,,,,238268121,,,,,면목7동
사가정로54길,주거지 도로,37.5805536,127.0890751,37.5803379,127.0890342,37.58044575,127.08905465,24.254067578975175,,,,381212389,,,,,면목7동
사가정로53길,주거지 도로,37.5805536,127.0890751,37.5812693,127.0891374,37.58091145,127.08910625,79.77633391618153,,,,238268119,,,,,면목3·8동
사가정로53길,주거지 도로,37.5822024,127.0892787,37.5829242,127.0893417,37.5825633,127.0893102,80.45237793692914,,,,238268119,,,,,면목3·8동
면목로48길,주거지 도로,37.5822024,127.0892787,37.5822793,127.0886008,37.582240850000005,127.08893975,60.34527213877765,,,,238268120,,,,,면목3·8동
면목로48길,주거지 도로,37.5822024,127.0892787,37.5821497,127.0898401,37.58217605,127.0895594,49.81632444261875,,,,238268120,,,,,면목3·8동
사가정로53길,주거지 도로,37.5822024,127.0892787,37.5812693,127.0891374,37.58173585,127.08920805,104.50058696905565,,,,238268119,,,,,면목3·8동
겸재로54길,주거지 도로,37.5874917,127.0917266,37.5873357,127.0917108,37.5874137,127.0917187,17.4022109858388,,,,238268295,,,,,면목본동
겸재로54길,주거지 도로,37.5874917,127.0917266,37.587979,127.0918097,37.58773535,127.09176815,54.67786078195028,,,,238268295,,,,,면목본동
면목로72길,주거지 도로,37.5874917,127.0917266,37.5876563,127.0904868,37.587574,127.0911067,112.23093736774206,,,,371238062,,,,,면목본동
면목로44마길,주거지 도로,37.5837967,127.0924016,37.5842588,127.0924867,37.58402775,127.09244415,51.92754896523371,,,,238268124,,,,,면목본동
면목로44마길,주거지 도로,37.5837967,127.0924016,37.5832248,127.0923364,37.58351075,127.092369,63.85147303931739,,,,238268124,,,,,면목3·8동
면목로56길,주거지 도로,37.5837967,127.0924016,37.5838193,127.0921361,37.583808000000005,127.09226885,23.529878435226248,,,,238268294,,,,,면목3·8동
면목로56길,주거지 도로,37.5837967,127.0924016,37.5837607,127.092824,37.5837787,127.0926128,37.43564693808101,,,,238268294,,,,,면목3·8동
면목로56길,주거지 도로,37.5838949,127.0912496,37.5839534,127.0905628,37.58392415,127.0909062,60.86785389896308,,,,238268294,,,,,면목3·8동
면목로56길,주거지 도로,37.5838949,127.0912496,37.5838562,127.0917036,37.58387555,127.0914766,40.236259702872424,,,,238268294,,,,,면목3·8동
겸재로54길,주거지 도로,37.5838949,127.0912496,37.5843701,127.091313,37.5841325,127.0912813,53.13441525028248,,,,238268295,,,,,면목본동
면목로44다길,주거지 도로,37.5838949,127.0912496,37.5833248,127.0911715,37.58360985,127.09121055,63.76478771047514,,,,576294787,,,,,면목3·8동
상봉로1길,주거지 도로,37.5863028,127.0947596,37.5861442,127.0940252,37.5862235,127.0943924,67.07170012794774,,,,238268298,,,,,면목본동
면목로,3차로,37.5841407,127.0883637,37.5846524,127.0884017,37.58439655,127.0883827,56.996966677127105,,,,218798305,,,,,면목본동
면목로56길,주거지 도로,37.5841407,127.0883637,37.584101,127.0888302,37.58412085,127.08859695,41.34317290780312,,,,238268294,,,,,면목3·8동
면목로55길,주거지 도로,37.5841407,127.0883637,37.5842647,127.0869696,37.5842027,127.08766665,123.61586775123546,,,,371238042,,,,,면목3·8동
면목로,3차로,37.5841407,127.0883637,37.5835731,127.0883711,37.5838569,127.0883674,63.188398631836066,,,,218798305,,,,,면목3·8동
겸재로54길,주거지 도로,37.5843701,127.091313,37.5838949,127.0912496,37.5841325,127.0912813,53.13441525028248,,,,238268295,,,,,면목본동
겸재로54길,주거지 도로,37.5843701,127.091313,37.5849416,127.0913846,37.58465585,127.0913488,63.86041563610395,,,,238268295,,,,,면목본동
면목로58길,주거지 도로,37.5843701,127.091313,37.5844332,127.0906333,37.58440165,127.09097315,60.30282826165113,,,,238268297,,,,,면목본동
용마산로77길,주거지 도로,37.5843701,127.091313,37.5843494,127.0918311,37.58435975,127.09157205,45.71152395050253,,,,576291483,,,,,면목본동
겸재로54길,주거지 도로,37.5859024,127.0915238,37.5853927,127.091436,37.58564755,127.0914799,57.201735369558754,,,,238268295,,,,,면목본동
겸재로54길,주거지 도로,37.5859024,127.0915238,37.5863642,127.0916122,37.5861333,127.091568,51.93732348494494,,,,238268295,,,,,면목본동
면목로64길,주거지 도로,37.5859024,127.0915238,37.5858704,127.0918623,37.5858864,127.09169305,30.038562414407377,,,,576291486,,,,,면목본동
면목로64길,주거지 도로,37.5859024,127.0915238,37.585959,127.0908531,37.585930700000006,127.09118845,59.433149258780496,,,,576291486,,,,,면목본동
겸재로50길,주거지 도로,37.5887712,127.0923897,37.5888876,127.0928879,37.588829399999995,127.0926388,45.76573993465548,,,,238158622,,,,,면목본동
겸재로50길,주거지 도로,37.5887712,127.0923897,37.5886629,127.0919264,37.58871705,127.09215805,42.56150971743334,,,,238158622,,,,,면목본동
겸재로50가길,주거지 도로,37.5887712,127.0923897,37.5872675,127.0928621,37.58801935,127.0926259,172.30726974674056,,,,238268300,,,,,면목본동
겸재로50가길,주거지 도로,37.5887712,127.0923897,37.5893975,127.0921403,37.58908434999999,127.092265,73.02628534026718,,,,1126941120,,,,,면목본동
면목로56가길,주거지 도로,37.5856373,127.089048,37.5857184,127.0890461,37.58567785,127.08904705,9.019475248652178,,,,238268296,,,,,면목본동
면목로56가길,주거지 도로,37.5856373,127.089048,37.5852213,127.088973,37.5854293,127.0890105,46.72685793856738,,,,238268296,,,,,면목본동
용마산로81길,주거지 도로,37.5856373,127.089048,37.5856119,127.0892984,37.5856246,127.0891732,22.244212664942765,,,,371238068,,,,,면목본동
면목로,3차로,37.5846524,127.0884017,37.5841407,127.0883637,37.58439655,127.0883827,56.996966677127105,,,,218798305,,,,,면목본동
면목로57길,주거지 도로,37.5846524,127.0884017,37.584692,127.0878807,37.5846722,127.0881412,46.119571893451685,,,,371238048,,,True,,면목본동
면목로,3차로,37.5846524,127.0884017,37.5853633,127.0883958,37.58500785,127.08839875,79.10990471181033,,,,218798305,,,,,면목본동
면목로58길,주거지 도로,37.5846524,127.0884017,37.5846105,127.0888743,37.58463145,127.088638,41.90480772947717,,,,238268297,,,,,면목본동
겸재로50길,주거지 도로,37.5886629,127.0919264,37.5887712,127.0923897,37.58871705,127.09215805,42.56150971743334,,,,238158622,,,,,면목본동
겸재로50길,주거지 도로,37.5886629,127.0919264,37.5885679,127.0915198,37.5886154,127.0917231,37.35131068039161,,,,238158622,,,,,면목본동
겸재로54길,주거지 도로,37.5886629,127.0919264,37.587979,127.0918097,37.58832095,127.09186805,76.73836754425878,,,,238268295,,,,,면목본동
겸재로54길,주거지 도로,37.5886629,127.0919264,37.5892945,127.0917018,37.5889787,127.0918141,72.96579726898011,,,,1126941119,,,,,면목본동
겸재로54길,주거지 도로,37.5863642,127.0916122,37.5859024,127.0915238,37.5861333,127.091568,51.93732348494494,,,,238268295,,,,,면목본동
겸재로54길,주거지 도로,37.5863642,127.0916122,37.5865636,127.0916324,37.5864639,127.0916223,22.243627871508913,,,,238268295,,,,,면목본동
상봉로1길,주거지 도로,37.5863642,127.0916122,37.5863313,127.0919284,37.58634775,127.0917703,28.10106939683623,,,,238268298,,,,,면목본동
면목로66길,주거지 도로,37.5863642,127.0916122,37.5864393,127.0907006,37.58640175,127.0911564,80.75837472873351,,,,371238063,,,,,면목본동
면목로48길,주거지 도로,37.5820467,127.0909963,37.5820938,127.0904356,37.58207025,127.09071595,49.68564861943546,,,,238268120,,,,,면목3·8동
면목로48길,주거지 도로,37.5820467,127.0909963,37.5820167,127.0915884,37.5820317,127.09129235,52.2823732297348,,,,238268120,,,,,면목3·8동
면목로44다길,주거지 도로,37.5820467,127.0909963,37.5833248,127.0911715,37.58268575,127.0910839,142.95452717641896,,,,576294787,,,,,면목3·8동
면목로44다길,주거지 도로,37.5820467,127.0909963,37.581027,127.0908565,37.58153685,127.0909264,114.05290197296014,,,,576294787,,,,,면목3·8동
상봉로1길,주거지 도로,37.5861913,127.093369,37.5861688,127.0936826,37.58618005,127.0935258,27.74591728423086,,,,238268298,,,,,면목본동
상봉로1길,주거지 도로,37.5861913,127.093369,37.5862147,127.0931189,37.586203,127.09324395,22.190648199309415,,,,238268298,,,,,면목본동
상봉로1길,주거지 도로,37.5861913,127.093369,37.5857385,127.0933078,37.5859649,127.0933384,50.637101495893965,,,,1233941189,,,,,면목본동
상봉로1길,주거지 도로,37.5861913,127.093369,37.5867996,127.0931891,37.58649545,127.09327905,69.69965021183911,,,,1233941171,,,,,면목본동
상봉로5길,주거지 도로,37.5872675,127.0928621,37.5873074,127.0921889,37.587287450000005,127.0925255,59.483874836177165,,,,238268299,,,,,면목본동
겸재로50가길,주거지 도로,37.5872675,127.0928621,37.5887712,127.0923897,37.58801935,127.0926259,172.30726974674056,,,,238268300,,,,,면목본동
상봉로5길,주거지 도로,37.5872675,127.0928621,37.5872532,127.0930565,37.58726035,127.0929593,17.204439091480268,,,,238268299,,,,,면목본동
면목로56가길,주거지 도로,37.5846105,127.0888743,37.5852213,127.088973,37.5849159,127.08892365,68.47253864138968,,,,238268296,,,,,면목본동
면목로56가길,주거지 도로,37.5846105,127.0888743,37.584101,127.0888302,37.58435575,127.08885225,56.787010836044,,,,238268296,,,,,면목본동
면목로58길,주거지 도로,37.5846105,127.0888743,37.5845768,127.089215,37.58459365,127.08904465,30.25440924149282,,,,238268297,,,,,면목본동
면목로58길,주거지 도로,37.5846105,127.0888743,37.5846524,127.0884017,37.58463145,127.088638,41.90480772947718,,,,238268297,,,,,면목본동
상봉로1길,주거지 도로,37.5862813,127.0924078,37.5862594,127.0926424,37.58627035000001,127.0925251,20.8147112280744,,,,238268298,,,,,면목본동
상봉로1길,주거지 도로,37.5862813,127.0924078,37.5863071,127.0921605,37.5862942,127.09228415,21.978859013054116,,,,238268298,,,,,면목본동
상봉로1길,주거지 도로,37.5862813,127.0924078,37.5858266,127.0923263,37.58605395,127.09236705,51.06786547340405,,,,1233941192,,,,,면목본동
상봉로5길,주거지 도로,37.5872189,127.0936841,37.5872898,127.0939764,37.58725435,127.09383025,26.935246197733,,,,238268299,,,,,면목본동
상봉로5길,주거지 도로,37.5872189,127.0936841,37.5872532,127.0930565,37.58723605,127.0933703,55.43160382185116,,,,238268299,,,,,면목본동
겸재로50나길,주거지 도로,37.5872189,127.0936841,37.5876723,127.0935402,37.5874456,127.09361215,51.9858524735963,,,,381408090,,,,,면목본동
겸재로50나길,주거지 도로,37.5872189,127.0936841,37.5867864,127.0938214,37.58700265,127.09375275,49.590236144786374,,,,381408090,,,,,면목본동
면목로54길,주거지 도로,37.5833667,127.0906163,37.5833248,127.0911715,37.58334575,127.0908939,49.14469841981625,,,,238268327,,,,,면목3·8동
면목로54길,주거지 도로,37.5833667,127.0906163,37.5833792,127.0904811,37.58337295,127.0905487,11.9944141385475,,,,238268327,,,,,면목3·8동
면목로44나길,주거지 도로,37.5833667,127.0906163,37.582876,127.0905466,37.58312135,127.09058145,54.90801612507896,,,,238268330,,,,,면목3·8동
면목로52길,주거지 도로,37.5829246,127.0899584,37.5828989,127.0902694,37.58291175,127.0901139,27.553585767765888,,,,238268304,,,,,면목3·8동
면목로52길,주거지 도로,37.5829246,127.0899584,37.5829242,127.0893417,37.5829244,127.08965005,54.34296165019001,,,,238268304,,,,,면목3·8동
면목로44가길,주거지 도로,37.5829246,127.0899584,37.5834203,127.0900341,37.58317245,127.08999625,55.52157449188135,,,,576294786,,,,,면목3·8동
면목로44가길,주거지 도로,37.5829246,127.0899584,37.5821497,127.0898401,37.58253715,127.08989925,86.79337557505228,,,,576294786,,,,,면목3·8동
면목로52길,주거지 도로,37.582876,127.0905466,37.5828989,127.0902694,37.58288745,127.090408,24.558944583340267,,,,238268304,,,,,면목3·8동
면목로44나길,주거지 도로,37.582876,127.0905466,37.5833667,127.0906163,37.58312135,127.09058145,54.90801612507896,,,,238268330,,,,,면목3·8동
면목로44나길,주거지 도로,37.582876,127.0905466,37.5820938,127.0904356,37.5824849,127.0904911,87.52505815020383,,,,238268330,,,,,면목3·8동
면목로54길,주거지 도로,37.5833248,127.0911715,37.583295,127.0916175,37.5833099,127.0913945,39.44028350335768,,,,238268327,,,,,면목3·8동
면목로54길,주거지 도로,37.5833248,127.0911715,37.5833667,127.0906163,37.58334575,127.0908939,49.14469841981625,,,,238268327,,,,,면목3·8동
면목로44다길,주거지 도로,37.5833248,127.0911715,37.5820467,127.0909963,37.58268575,127.0910839,142.95452717641896,,,,576294787,,,,,면목3·8동
면목로44다길,주거지 도로,37.5833248,127.0911715,37.5838949,127.0912496,37.58360985,127.09121055,63.76478771047514,,,,576294787,,,,,면목3·8동
면목로,3차로,37.5829245,127.0884851,37.5835731,127.0883711,37.5832488,127.0884281,72.81737385056039,,,,218798305,,,,,면목3·8동
면목로,3차로,37.5829245,127.0884851,37.5826388,127.0885363,37.58278165,127.0885107,32.08720782762504,,,,218798305,,,,,면목3·8동
면목로52길,주거지 도로,37.5829245,127.0884851,37.5829243,127.0890672,37.5829244,127.08877615,51.29403333004225,,,,238268304,,,,,면목3·8동
면목로44길,주거지 도로,37.5810029,127.0914618,37.5809585,127.0920204,37.5809807,127.0917411,49.4714850260352,,,,238268118,,,,,면목3·8동
면목로44길,주거지 도로,37.5810029,127.0914618,37.581027,127.0908565,37.58101495,127.09115915,53.45078888906892,,,,238268118,,,,,면목3·8동
면목로44라길,주거지 도로,37.5810029,127.0914618,37.5820167,127.0915884,37.5815098,127.0915251,113.287591365656,,,,238268328,,,,,면목3·8동
면목로54길,주거지 도로,37.5832871,127.0917555,37.5832758,127.0918457,37.58328145,127.0918006,8.046993576541725,,,,238268327,,,,,면목3·8동
면목로54길,주거지 도로,37.5832871,127.0917555,37.583295,127.0916175,37.58329105,127.0916865,12.192039487622871,,,,238268327,,,,,면목3·8동
면목로44라길,주거지 도로,37.5832871,127.0917555,37.5820167,127.0915884,37.5826519,127.09167195,142.02759041892287,,,,238268328,,,,,면목3·8동
면목로48길,주거지 도로,37.5819187,127.0927303,37.5819653,127.0921538,37.581942,127.09244205,51.064813539259376,,,,238268120,,,,,면목3·8동
면목로44바길,주거지 도로,37.5819187,127.0927303,37.5831774,127.0929181,37.58254805,127.0928242,140.936210473646,,,,238268329,,,,,면목3·8동
면목로48길,주거지 도로,37.5819187,127.0927303,37.5818642,127.0934044,37.58189145,127.09306735,59.71012009485335,,,,238268120,,,,,면목3·8동
면목로44바길,주거지 도로,37.5819187,127.0927303,37.5810179,127.092616,37.5814683,127.09267315,100.66967831197944,,,,238268329,,,,,면목3·8동
면목로48길,주거지 도로,37.5820167,127.0915884,37.5820467,127.0909963,37.5820317,127.09129235,52.2823732297348,,,,238268120,,,,,면목3·8동
면목로48길,주거지 도로,37.5820167,127.0915884,37.5819653,127.0921538,37.581991,127.0918711,50.14981675394068,,,,238268120,,,,,면목3·8동
면목로44라길,주거지 도로,37.5820167,127.0915884,37.5832871,127.0917555,37.5826519,127.09167195,142.02759041892287,,,,238268328,,,,,면목3·8동
면목로44라길,주거지 도로,37.5820167,127.0915884,37.5810029,127.0914618,37.5815098,127.0915251,113.287591365656,,,,238268328,,,,,면목3·8동
면목로54길,주거지 도로,37.5831774,127.0929181,37.583172,127.0931075,37.5831747,127.0930128,16.700466946141685,,,,238268327,,,,,면목3·8동
면목로54길,주거지 도로,37.5831774,127.0929181,37.5831833,127.0927352,37.58318035,127.09282665,16.13024369439722,,,,238268327,,,,,면목3·8동
면목로44바길,주거지 도로,37.5831774,127.0929181,37.5819187,127.0927303,37.58254805,127.0928242,140.936210473646,,,,238268329,,,,,면목3·8동
면목로44마길,주거지 도로,37.5832248,127.0923364,37.5837967,127.0924016,37.58351075,127.092369,63.85147303931739,,,,238268124,,,,,면목3·8동
면목로44마길,주거지 도로,37.5832248,127.0923364,37.5819653,127.0921538,37.58259505,127.0922451,140.97151398939567,,,,238268124,,,,,면목3·8동
면목로54길,주거지 도로,37.5832248,127.0923364,37.5831833,127.0927352,37.583204050000006,127.0925358,35.44338235066248,,,,238268327,,,,,면목3·8동
면목로54길,주거지 도로,37.5832248,127.0923364,37.5832568,127.0920567,37.5832408,127.09219655,24.902286093508355,,,,238268327,,,,,면목3·8동
긴고랑로,주거지 도로,37.5620939,127.0960892,37.5601059,127.0948625,37.5610999,127.09547585,259.3622358782486,,,,37399188,,,,,중곡4동
긴고랑로45길,주거지 도로,37.5610787,127.0955515,37.5601059,127.0948625,37.5605923,127.095207,144.0394027398932,,,,238270322,,,,,중곡4동
영화사로3길,주거지 도로,37.5575541,127.0951808,37.5581785,127.0948326,37.5578663,127.0950067,75.91202120685385,,,,238270670,,,,,중곡4동
영화사로9길,주거지 도로,37.5575541,127.0951808,37.5575459,127.0956005,37.55755,127.09539065,38.061013088325645,,,,238270667,,,,,중곡4동
영화사로9길,주거지 도로,37.5575541,127.0951808,37.5572632,127.0943244,37.55740865,127.0947526,88.31323933643864,,,,238270667,,,,,중곡4동
영화사로,주거지 도로,37.5588309,127.0877371,37.55784,127.0891374,37.55833545,127.08843725,165.45758645457371,,,,516721535,,,,,중곡4동
용마산로7길,주거지 도로,37.5588309,127.0877371,37.5591234,127.0869014,37.55897715,127.08731925,80.52535665272671,,,,417059446,,,True,,중곡2동
"['영화사로', '워커힐로']",주거지 도로,37.5534664,127.0973405,37.5476377,127.0983037,37.55055205,127.0978221,935.8444824186,,,,"[615655610, 238270668]",,,,,구의2동
자양로50길,주거지 도로,37.5534664,127.0973405,37.5535221,127.0973988,37.55349425,127.09736965,8.04818766993975,,,,238270669,,,,,구의2동
자양로50길,주거지 도로,37.5534664,127.0973405,37.5525862,127.0954121,37.5530263,127.0963763,205.33251918733515,,,,238270669,,,,,구의2동
자양로50길,주거지 도로,37.5525862,127.0954121,37.5523846,127.0946868,37.5524854,127.09504945,67.7546056280738,,,,238270669,,,,,구의2동
자양로44길,주거지 도로,37.5525862,127.0954121,37.5522459,127.0956374,37.552416050000005,127.09552475,42.735398136555,,,,381407766,,,,,구의2동
자양로54길,주거지 도로,37.5525862,127.0954121,37.5527472,127.0953472,37.5526667,127.09537965,18.79438320983438,,,,789738654,,,,,구의2동
자양로50길,주거지 도로,37.5525862,127.0954121,37.5534664,127.0973405,37.5530263,127.0963763,205.33251918733515,,,,238270669,,,,,구의2동
영화사로13길,주거지 도로,37.5546912,127.0935961,37.5552052,127.094466,37.5549482,127.09403105,95.639756052072,,,,417065481,,,,,구의2동
영화사로,주거지 도로,37.5546912,127.0935961,37.5548933,127.0933028,37.554792250000006,127.09344945,34.256354333523014,,,,516721535,,,,,구의2동
영화사로,주거지 도로,37.5546912,127.0935961,37.5545383,127.0939381,37.55461475,127.0937671,34.61168175984038,,,,516721535,,,,,구의2동
영화사로9길,주거지 도로,37.5565581,127.0937073,37.5567172,127.0938495,37.55663765,127.0937784,21.681811493786487,,,,238270667,,,,,중곡4동
영화사로9길,주거지 도로,37.5565581,127.0937073,37.556507,127.0933544,37.55653255,127.09353085,31.62286278774555,,,,238270667,,,,,중곡4동
영화사로9가길,주거지 도로,37.5565581,127.0937073,37.5558233,127.0938293,37.5561907,127.0937683,82.41086693140853,,,,381407786,,,,,중곡4동
영화사로15길,주거지 도로,37.5545383,127.0939381,37.5549714,127.0946934,37.554754849999995,127.09431575,82.17258121356402,,,,381407783,,,,,구의2동
영화사로,주거지 도로,37.5545383,127.0939381,37.5546912,127.0935961,37.55461475,127.0937671,34.61168175984038,,,,516721535,,,,,구의2동
영화사로,주거지 도로,37.5545383,127.0939381,37.554453,127.094256,37.55449565,127.09409705,29.585333173217908,,,,516721535,,,,,구의2동
영화사로9길,주거지 도로,37.5554557,127.0932488,37.5549315,127.0932474,37.5551936,127.0932481,58.28859353686023,,,,238270667,,,,,중곡4동
영화사로9길,주거지 도로,37.5554557,127.0932488,37.5564653,127.0930661,37.5559605,127.09315745,146.63404987238417,,,,238270667,,,,,중곡4동
영화사로9가길,주거지 도로,37.5554557,127.0932488,37.5558233,127.0938293,37.5556395,127.09353905,66.00802312560717,,,,417065488,,,,,중곡4동
영화사로9길,주거지 도로,37.5549315,127.0932474,37.5554557,127.0932488,37.5551936,127.0932481,58.28859353686023,,,,238270667,,,,,중곡4동
영화사로,주거지 도로,37.5549315,127.0932474,37.5556056,127.0923007,37.55526855,127.09277405,112.17363535858436,,,,516721535,,,,,중곡4동
영화사로,주거지 도로,37.5549315,127.0932474,37.5548933,127.0933028,37.554912400000006,127.0932751,6.4724293715127335,,,,516721535,,,,,중곡4동
자양로,주거지 도로,37.5518979,127.0923065,37.5523553,127.0926757,37.5521266,127.0924911,60.383015819877585,,,,175357615,,4,,,구의2동
자양로,주거지 도로,37.5518979,127.0923065,37.5517471,127.0921865,37.5518225,127.0922465,19.826290308914796,,,,175357615,,4,,,구의2동
자양로50길,주거지 도로,37.5518979,127.0923065,37.5520459,127.0932032,37.5519719,127.09275485,80.74395605694926,,,,238270669,,,,,구의2동
자양로,주거지 도로,37.554453,127.094256,37.5542118,127.094187,37.5543324,127.0942215,27.501333318542564,,,,175357615,,4,,,구의2동
영화사로,주거지 도로,37.554453,127.094256,37.5545836,127.0947324,37.5545183,127.0944942,44.435840282971725,,,,417065437,,,,,구의2동
영화사로,주거지 도로,37.554453,127.094256,37.5545383,127.0939381,37.55449565,127.09409705,29.585333173217908,,,,516721535,,,,,구의2동
자양로45길,주거지 도로,37.555074,127.0898437,37.5539045,127.0904232,37.55448925,127.09013345,139.7165296164851,,,,238270702,,,,,중곡4동
자양로45길,주거지 도로,37.555074,127.0898437,37.5564476,127.0896179,37.5557608,127.0897308,154.02906858858813,,,,238270702,,,,,중곡4동
용마산로2길,주거지 도로,37.555074,127.0898437,37.5554623,127.0902917,37.55526815,127.0900677,58.51385432361167,,,,381407761,,,,,중곡4동
용마산로2길,주거지 도로,37.555074,127.0898437,37.5550052,127.0891945,37.5550396,127.0895191,57.73730287342433,,,,381407761,,,,,중곡4동
천호대로127길,주거지 도로,37.555074,127.0898437,37.5543393,127.0909009,37.55470665,127.0903723,123.93271106307414,,,,381407771,,,,,중곡4동
용마산로4길,주거지 도로,37.5562832,127.0881628,37.5563732,127.0889591,37.5563282,127.08856095,70.90396206750403,,,,417065463,,,,,중곡4동
용마산로3길,주거지 도로,37.5562832,127.0881628,37.5562015,127.0873801,37.556242350000005,127.08777145,69.5909158946536,,,,380764219,30.0,,,,중곡2동
영화사로3길,주거지 도로,37.5581444,127.0925474,37.558372,127.0930222,37.5582582,127.0927848,48.90956547040407,,,,238270700,,,,,중곡4동
영화사로3길,주거지 도로,37.5581444,127.0925474,37.5582083,127.0915819,37.55817635,127.09206465,85.40318964789101,,,,238270700,,,,,중곡4동
영화사로3가길,주거지 도로,37.5581444,127.0925474,37.5578472,127.0929605,37.5579958,127.09275395,49.1742192190007,,,,381407759,,,,,중곡4동
영화사로3길,주거지 도로,37.5582083,127.0915819,37.5581444,127.0925474,37.55817635,127.09206465,85.40318964789101,,,,238270700,,,,,중곡4동
영화사로3길,주거지 도로,37.5582083,127.0915819,37.5578533,127.0911847,37.5580308,127.0913833,52.7645209694844,,,,238270701,,,,,중곡4동
영화사로3길,주거지 도로,37.5582083,127.0915819,37.5586107,127.0916167,37.5584095,127.0915993,44.84992842350061,,,,238270701,,,,,중곡4동
긴고랑로40길,주거지 도로,37.5582083,127.0915819,37.5578487,127.0921098,37.5580285,127.09184585,61.35332269579717,,,,381407763,,,,,중곡4동
자양로50길,주거지 도로,37.5520459,127.0932032,37.5521024,127.0935465,37.55207415,127.09337485,30.90898334929995,,,,238270669,,,,,구의2동
자양로50길,주거지 도로,37.5520459,127.0932032,37.5518979,127.0923065,37.5519719,127.09275485,80.74395605694926,,,,238270669,,,,,구의2동
천호대로137길,주거지 도로,37.5520459,127.0932032,37.551302,127.0934326,37.55167395,127.0933179,85.15421068779455,,,,238270703,,,,,구의2동
자양로50가길,주거지 도로,37.5520459,127.0932032,37.5529944,127.0939208,37.55252015000001,127.093562,122.98550639600174,,,,381407775,,,,,구의2동
천호대로137길,주거지 도로,37.5506489,127.093657,37.5503262,127.0934839,37.55048755,127.09357045,38.9927345170666,,,,238270703,,,,,구의2동
천호대로137길,주거지 도로,37.5506489,127.093657,37.551302,127.0934326,37.55097545,127.0935448,75.26769416130809,,,,238270703,,,,,구의2동
자양로46길,주거지 도로,37.5506489,127.093657,37.5513376,127.0918605,37.55099325,127.09275875,175.91668502099583,,,,417065425,,,,,구의2동
자양로45길,주거지 도로,37.5564476,127.0896179,37.555074,127.0898437,37.5557608,127.0897308,154.02906858858813,,,,238270702,,,,,중곡4동
용마산로4길,주거지 도로,37.5564476,127.0896179,37.5563732,127.0889591,37.5564104,127.0892885,58.6597236865537,,,,417065463,,,,,중곡4동
용마산로4길,주거지 도로,37.5564476,127.0896179,37.5566153,127.089807,37.556531449999994,127.08971245,25.011760757182188,,,,417065463,,,,,중곡4동
자양로45길,주거지 도로,37.5539045,127.0904232,37.55333,127.0906806,37.55361725,127.0905519,67.79177910257428,,,,238270702,,,,,중곡4동
자양로45길,주거지 도로,37.5539045,127.0904232,37.555074,127.0898437,37.55448925,127.09013345,139.7165296164851,,,,238270702,,,,,중곡4동
천호대로127길,주거지 도로,37.5539045,127.0904232,37.5543393,127.0909009,37.5541219,127.09066205,64.11554456435259,,,,381407768,,,,,중곡4동
천호대로127길,주거지 도로,37.5539045,127.0904232,37.5536919,127.0898116,37.5537982,127.0901174,58.86967700842689,,,,381407768,,,,,중곡4동
용마산로8길,주거지 도로,37.5596279,127.08898,37.5596288,127.0890954,37.55962835,127.0890377,10.1725979408671,,,,238271352,,,,,중곡4동
용마산로8길,주거지 도로,37.5596279,127.08898,37.5596589,127.0883733,37.5596434,127.08867665,53.58944606116573,,,,238271352,,,,,중곡4동
용마산로8가길,주거지 도로,37.5596279,127.08898,37.5602186,127.0888646,37.55992325,127.0889223,66.46592352812033,,,,417050211,,,,,중곡4동
용마산로8가길,주거지 도로,37.5609242,127.0887337,37.5606575,127.0887843,37.56079085,127.088759,29.98925022576357,,,,417050211,,,,,중곡4동
용마산로8가길,주거지 도로,37.5609242,127.0887337,37.5609574,127.0887274,37.5609408,127.08873055,3.7332090930175017,,,,417050211,,,,,중곡4동
용마산로8나길,주거지 도로,37.5609242,127.0887337,37.5608373,127.0890132,37.56088075,127.08887345,26.46373768645553,,,,417059444,,,,,중곡4동
용마산로22길,주거지 도로,37.5632835,127.0889685,37.5636926,127.0883916,37.56348805,127.08868005,76.03212748846235,,,,238271353,,,,,중곡4동
용마산로8길,주거지 도로,37.5594308,127.0910574,37.5595356,127.09013,37.5594832,127.0905937,82.57364031306206,,,,238271352,,,,,중곡4동
긴고랑로39길,주거지 도로,37.5594308,127.0910574,37.5596651,127.091265,37.559547949999995,127.0911612,31.837417252007292,,,,238271355,,,,,중곡4동
긴고랑로39길,주거지 도로,37.5594308,127.0910574,37.5588053,127.0907337,37.55911805,127.09089555,75.17777694177036,,,,238271355,,,,,중곡4동
용마산로8길,주거지 도로,37.5594308,127.0910574,37.5593821,127.0915126,37.55940645,127.091285,40.494685939029864,,,,380760319,,,,,중곡4동
용마산로24길,주거지 도로,37.565138,127.0866562,37.5651839,127.0870581,37.56516095,127.08685715,35.78924232089308,,,,238271351,,,,,중곡4동
용마산로8나길,주거지 도로,37.5602716,127.0905625,37.5605457,127.0898272,37.56040865,127.09019485,71.6221011586344,,,,417059444,,,,,중곡4동
용마산로8나길,주거지 도로,37.5602716,127.0905625,37.5599688,127.0915166,37.5601202,127.09103955,90.5895859556775,,,,417059444,,,,,중곡4동
용마산로8마길,주거지 도로,37.5602716,127.0905625,37.5618122,127.0908353,37.5610419,127.0906989,193.3780981954713,,,,238271354,,,,,중곡4동
용마산로8마길,주거지 도로,37.5618122,127.0908353,37.5602716,127.0905625,37.5610419,127.0906989,193.3780981954713,,,,238271354,,,,,중곡4동
용마산로8길,주거지 도로,37.5596589,127.0883733,37.5596279,127.08898,37.5596434,127.08867665,53.58944606116573,,,,238271352,,,,,중곡4동
용마산로8길,주거지 도로,37.5596589,127.0883733,37.5596378,127.0880166,37.55964835,127.08819495,31.529263546603715,,,,238271352,,,,,중곡4동
긴고랑로35길,주거지 도로,37.5596589,127.0883733,37.55885,127.08853,37.55925445,127.08845165,91.00009970150938,,,,417054211,,,,,중곡4동
긴고랑로35길,주거지 도로,37.5596589,127.0883733,37.5605665,127.0881974,37.560112700000005,127.08828535,102.10475080728092,,,,417054211,,,,,중곡4동
용마산로8길,주거지 도로,37.5596143,127.0876135,37.5596378,127.0880166,37.55962605,127.08781505,35.627809940099,,,,238271352,,,,,중곡4동
용마산로22길,주거지 도로,37.5635008,127.086939,37.5635519,127.0873408,37.56352635,127.0871399,35.86833027296614,,,,238271353,,,,,중곡4동
능동로50길,주거지 도로,37.5635008,127.086939,37.5634245,127.0862041,37.563462650000005,127.08657155,65.36321113590273,,,,381212386,,,True,,중곡2동
용마산로40길,주거지 도로,37.5717739,127.0879105,37.5717605,127.0878676,37.5717672,127.08788905,4.063878556731157,,,,238271433,,,,,면목4동
용마산로40길,주거지 도로,37.5716302,127.0861426,37.5716688,127.0868234,37.5716495,127.086483,60.15377449901501,,,,238271433,,,,,면목4동
용마산로36길,주거지 도로,37.570831,127.0881849,37.5717605,127.0878676,37.57129575,127.08802625,107.07213031370112,,,,238271434,,,,,면목4동
용마산로36길,주거지 도로,37.570831,127.0881849,37.5708155,127.0871844,37.57082325,127.08768465,88.19415972006611,,,,241752649,,,,,중곡4동
용마산로36길,주거지 도로,37.570831,127.0881849,37.5700831,127.0884177,37.57045705,127.0883013,85.77962141519032,,,,238271434,,,,,중곡4동
용마산로36길,주거지 도로,37.5716688,127.0868234,37.570813,127.0868313,37.5712409,127.08682735,95.16329968773825,,,,417050198,,,,,면목4동
용마산로40길,주거지 도로,37.5716688,127.0868234,37.5716302,127.0861426,37.5716495,127.086483,60.15377449901501,,,,238271433,,,,,면목4동
용마산로40길,주거지 도로,37.5716688,127.0868234,37.5716986,127.087155,37.571683699999994,127.0869892,29.411904779297913,,,,238271433,,,,,면목4동
용마산로34길,주거지 도로,37.5700831,127.0884177,37.5700571,127.0880373,37.570070099999995,127.0882275,33.65064980368052,,,,238271427,,,,,중곡4동
용마산로36길,주거지 도로,37.5700831,127.0884177,37.5693539,127.0886793,37.5697185,127.0885485,84.29772140953911,,,,238271434,,,,,중곡4동
용마산로36길,주거지 도로,37.5700831,127.0884177,37.570831,127.0881849,37.57045705,127.0883013,85.77962141519032,,,,238271434,,,,,중곡4동
용마산로32길,주거지 도로,37.5693301,127.0861351,37.5693363,127.0868453,37.5693332,127.0864902,62.5972832966033,,,,238271425,,,,,중곡4동
용마산로31길,주거지 도로,37.5693301,127.0861351,37.5692618,127.0856235,37.56929595,127.0858793,51.7759980647518,,,,416821181,,,,,중곡3동
용마산로34길,주거지 도로,37.5700825,127.0861457,37.570074,127.0868288,37.570078249999995,127.08648725,60.21184432984474,,,,238271427,,,,,중곡4동
용마산로33길,주거지 도로,37.5700825,127.0861457,37.5701344,127.0857168,37.57010845,127.08593125,38.23870688699114,,,,380722316,,,,,중곡3동
용마산로30길,주거지 도로,37.5673038,127.0897311,37.5671996,127.0893237,37.5672517,127.0895274,41.333001451813104,,,,238271428,,,,,중곡4동
용마산로28길,주거지 도로,37.5673038,127.0897311,37.5671996,127.0893237,37.5672517,127.0895274,49.316340781029034,,,,380722353,,,,,중곡4동
용마산로30길,주거지 도로,37.5673038,127.0897311,37.5676757,127.089772,37.56748975,127.08975155,41.5348290966542,,,,238271428,,,,,중곡4동
용마산로32길,주거지 도로,37.5693385,127.0880304,37.5693363,127.0868453,37.5693374,127.08743785,104.4490854496798,,,,238271425,,,,,중곡4동
용마산로32길,주거지 도로,37.5693385,127.0880304,37.5693539,127.0886793,37.5693462,127.08835485,57.21643110147081,,,,238271425,,,,,중곡4동
용마산로30길,주거지 도로,37.5693385,127.0880304,37.5686765,127.0880768,37.5690075,127.0880536,73.72465393674962,,,,238271426,,,,,중곡4동
용마산로32길,주거지 도로,37.5693385,127.0880304,37.5700571,127.0880373,37.5696978,127.08803385,79.90710126197635,,,,789222944,,,,,중곡4동
용마산로30길,주거지 도로,37.5678268,127.0897793,37.5676757,127.089772,37.56775125,127.08977565,16.813891796897508,,,,238271428,,,,,중곡4동
용마산로30길,주거지 도로,37.5678268,127.0897793,37.5685432,127.0889034,37.568185,127.08934135,112.74148091277549,,,,238271428,,,,,중곡4동
용마산로28다길,주거지 도로,37.5678268,127.0897793,37.567583,127.0887105,37.567704899999995,127.0892449,99.25938615794348,,,,848740351,,,,,중곡4동
용마산로30길,주거지 도로,37.5686765,127.0880768,37.5693385,127.0880304,37.5690075,127.0880536,73.72465393674962,,,,238271426,,,,,중곡4동
용마산로30길,주거지 도로,37.5686765,127.0880768,37.568658,127.0868626,37.56866725,127.0874697,107.03426035548053,,,,238271428,,,,,중곡4동
용마산로30길,주거지 도로,37.5686765,127.0880768,37.5685432,127.0889034,37.56860985,127.0884901,74.37186043652574,,,,238271428,,,,,중곡4동
용마산로28나길,주거지 도로,37.5686765,127.0880768,37.5681174,127.0879655,37.56839695,127.08802115,63.11786541098246,,,,380760254,,,,,중곡4동
용마산로34길,주거지 도로,37.5700571,127.0880373,37.5700831,127.0884177,37.570070099999995,127.0882275,33.65064980368052,,,,238271427,,,,,중곡4동
용마산로34길,주거지 도로,37.5700571,127.0880373,37.5700687,127.0872083,37.5700629,127.0876228,73.07459541893391,,,,238271427,,,,,중곡4동
용마산로32길,주거지 도로,37.5700571,127.0880373,37.5693385,127.0880304,37.5696978,127.08803385,79.90710126197635,,,,789222944,,,,,중곡4동
용마산로30길,주거지 도로,37.5685432,127.0889034,37.5678268,127.0897793,37.568185,127.08934135,112.74148091277549,,,,238271428,,,,,중곡4동
용마산로30길,주거지 도로,37.5685432,127.0889034,37.5686765,127.0880768,37.56860985,127.0884901,74.37186043652574,,,,238271428,,,,,중곡4동
용마산로36길,주거지 도로,37.5685432,127.0889034,37.5693539,127.0886793,37.56894855,127.08879135,94.34302286682204,,,,238271434,,,,,중곡4동
용마산로32길,주거지 도로,37.5693539,127.0886793,37.5693385,127.0880304,37.5693462,127.08835485,57.21643110147081,,,,238271425,,,,,중곡4동
용마산로36길,주거지 도로,37.5693539,127.0886793,37.5700831,127.0884177,37.5697185,127.0885485,84.29772140953911,,,,238271434,,,,,중곡4동
용마산로36길,주거지 도로,37.5693539,127.0886793,37.5685432,127.0889034,37.56894855,127.08879135,94.34302286682204,,,,238271434,,,,,중곡4동
용마산로62길,주거지 도로,37.5781106,127.0948296,37.5785838,127.0941427,37.5783472,127.09448615,80.32594364620128,,,,1235284786,,,,,면목7동
용마산로62길,주거지 도로,37.5785838,127.0941427,37.5793852,127.0952452,37.5789845,127.09469395,131.8380032767834,,,,238271528,,,,,면목7동
용마산로60길,주거지 도로,37.5785838,127.0941427,37.5792426,127.0933643,37.5789132,127.0937535,100.39233279214982,,,,576302949,,,,,면목7동
용마산로62길,주거지 도로,37.5785838,127.0941427,37.5781106,127.0948296,37.5783472,127.09448615,80.32594364620128,,,,1235284786,,,,,면목7동
사가정로72길,주거지 도로,37.5793852,127.0952452,37.5791044,127.0955514,37.5792448,127.0953983,41.26757895564756,,,,238268121,,,,,면목7동
사가정로72길,주거지 도로,37.5793852,127.0952452,37.580503,127.0941746,37.5799441,127.0947099,158.77567251967196,,,,238268121,,,,,면목7동
용마산로62길,주거지 도로,37.5793852,127.0952452,37.5785838,127.0941427,37.5789845,127.09469395,131.8380032767834,,,,238271528,,,,,면목7동
종로40길,주거지 도로,37.5710801,127.0067077,37.5703862,127.0067256,37.57073315,127.00671665,77.17456239927934,,,,656122998,30.0,,,,종로5·6가동
종로40길,주거지 도로,37.5703862,127.0067256,37.5698222,127.0067096,37.5701042,127.0067176,62.72987901264284,,,,656122998,30.0,,,,종로5·6가동
종로40가길,주거지 도로,37.5703862,127.0067256,37.5703864,127.0050551,37.5703863,127.00589035,149.37912338800712,,,,238535897,,,,,종로5·6가동
종로40길,주거지 도로,37.5703862,127.0067256,37.5710801,127.0067077,37.57073315,127.00671665,77.17456239927934,,,,656122998,30.0,,,,종로5·6가동
동호로38길,주거지 도로,37.5703796,127.0019568,37.5704278,127.0027538,37.5704037,127.0023553,70.52794286874499,,,,420393496,,,,,종로5·6가동
종로36길,주거지 도로,37.5704353,127.0039111,37.5697832,127.0038992,37.57010925,127.00390515,72.5178986372844,,,,238535895,,,,,종로5·6가동
종로36길,주거지 도로,37.5704353,127.0039111,37.5709938,127.0038912,37.57071455,127.00390115,62.1275444763957,,,,238535895,,,,,종로5·6가동
동호로38길,주거지 도로,37.5704353,127.0039111,37.5704278,127.0027538,37.570431549999995,127.00333245,102.00129638649511,,,,420393496,,,,,종로5·6가동
동호로38길,주거지 도로,37.5704353,127.0039111,37.5703864,127.0050551,37.57041085,127.0044831,101.41228101797398,,,,420393496,,,,,종로5·6가동
종로36길,주거지 도로,37.5709938,127.0038912,37.5704353,127.0039111,37.57071455,127.00390115,62.1275444763957,,,,238535895,,,,,종로5·6가동
종로38길,주거지 도로,37.5703864,127.0050551,37.5697895,127.0050495,37.57008795,127.0050523,66.37418049558244,,,,238535896,,,,,종로5·6가동
종로38길,주거지 도로,37.5703864,127.0050551,37.5710156,127.005044,37.570701,127.00504955,69.97080849743276,,,,238535896,,,,,종로5·6가동
종로40가길,주거지 도로,37.5703864,127.0050551,37.5703862,127.0067256,37.5703863,127.00589035,149.37912338800712,,,,238535897,,,,,종로5·6가동
동호로38길,주거지 도로,37.5703864,127.0050551,37.5704353,127.0039111,37.57041085,127.0044831,101.41228101797398,,,,420393496,,,,,종로5·6가동
종로38길,주거지 도로,37.5697895,127.0050495,37.5703864,127.0050551,37.57008795,127.0050523,66.37418049558244,,,,238535896,,,,,종로5·6가동
청계천로,3차로,37.5697895,127.0050495,37.5697832,127.0038992,37.56978635,127.00447435,101.3837237520897,,,,218771978,,1,True,,종로5·6가동
난계로27길,주거지 도로,37.5730843,127.0219592,37.5729565,127.0211908,37.5730204,127.021575,69.19456642339944,,,,238538492,,,,,숭인2동
난계로27길,주거지 도로,37.5730843,127.0219592,37.5730527,127.0225819,37.5730685,127.02227055,54.991294545277114,,,,238538492,,,,,숭인2동
종로66길,주거지 도로,37.5730843,127.0219592,37.5737906,127.0219199,37.57343745,127.02193955,78.61342170090602,,,,238538823,,,,,숭인2동
종로66길,주거지 도로,37.5730843,127.0219592,37.5725237,127.021962,37.572804,127.0219606,62.336452365642145,,,,238538823,,,,,숭인2동
종로60길,주거지 도로,37.5725603,127.0189726,37.572635,127.0189292,37.57259765,127.0189509,9.144614014516762,,,,416556407,,,,,숭인2동
종로60길,주거지 도로,37.5725603,127.0189726,37.5718848,127.0193353,37.57222255,127.01915395,81.63144962298969,,,,238538491,,,,,숭인2동
난계로27길,주거지 도로,37.5725603,127.0189726,37.5726187,127.0195707,37.5725895,127.01927165,53.3076200230181,,,,238538492,,,,,숭인2동
난계로27길,주거지 도로,37.5727864,127.0201683,37.5727317,127.0199436,37.57275905,127.02005595,20.71605907539409,,,,238538492,,,,,숭인2동
난계로27길,주거지 도로,37.5727864,127.0201683,37.5728939,127.0208148,37.57284015,127.02049155,58.216997750287675,,,,238538492,,,,,숭인2동
난계로29길,주거지 도로,37.5727864,127.0201683,37.5731648,127.0199596,37.5729756,127.02006395,45.92065132239811,,,,379730387,,,,,숭인2동
난계로27길,주거지 도로,37.5727317,127.0199436,37.5726187,127.0195707,37.5726752,127.01975715,35.184194834945146,,,,238538492,,,,,숭인2동
난계로27길,주거지 도로,37.5727317,127.0199436,37.5727864,127.0201683,37.57275905,127.02005595,20.71605907539409,,,,238538492,,,,,숭인2동
난계로27길,주거지 도로,37.5727317,127.0199436,37.5722396,127.0201588,37.57248565,127.0200512,58.88466900506418,,,,238538822,,,,,숭인2동
난계로29길,주거지 도로,37.5744922,127.0225425,37.574496,127.0232622,37.5744941,127.02290235,63.42778151178826,,,,238538826,,,,,숭인2동
난계로29길,주거지 도로,37.5744922,127.0225425,37.5743667,127.0221368,37.57442945,127.02233965,38.380788806072665,,,,238538826,,,,,숭인2동
난계로29가길,주거지 도로,37.5744922,127.0225425,37.5730527,127.0225819,37.57377245,127.0225622,160.10298119822608,,,,379730356,,,,,숭인2동
종로62길,주거지 도로,37.5733967,127.019173,37.5739132,127.0188445,37.573654950000005,127.01900875,64.31645190138268,,,,238538824,,,True,,숭인2동
난계로29길,주거지 도로,37.5733967,127.019173,37.5735884,127.0197366,37.57349255,127.0194548,54.05087243665286,,,,238538826,,,,,숭인2동
난계로27길,주거지 도로,37.5726187,127.0195707,37.5727317,127.0199436,37.5726752,127.01975715,35.184194834945146,,,,238538492,,,,,숭인2동
종로62길,주거지 도로,37.5726187,127.0195707,37.5732894,127.0192279,37.57295405,127.0193993,80.46537436402534,,,,238538824,,,True,,숭인2동
난계로27길,주거지 도로,37.5726187,127.0195707,37.5725603,127.0189726,37.5725895,127.01927165,53.3076200230181,,,,238538492,,,,,숭인2동
난계로29길,주거지 도로,37.574496,127.0232622,37.5744922,127.0225425,37.5744941,127.02290235,63.42778151178826,,,,238538826,,,,,숭인2동
난계로30길,주거지 도로,37.574496,127.0232622,37.5745054,127.0240699,37.5745007,127.02366605,71.71857673722259,,,,318883565,,,,,용신동
종로66길,주거지 도로,37.574291,127.0218921,37.5746888,127.0211912,37.5744899,127.02154165,75.97415264420677,,,,238538823,,,,,숭인2동
종로66길,주거지 도로,37.574291,127.0218921,37.5737906,127.0219199,37.574040800000006,127.021906,55.695932264560426,,,,238538823,,,,,숭인2동
난계로29길,주거지 도로,37.574291,127.0218921,37.5743667,127.0221368,37.57432885,127.02201445,23.14975680639144,,,,238538826,,,,,숭인2동
난계로29길,주거지 도로,37.574291,127.0218921,37.5740973,127.0213143,37.57419415,127.0216032,55.38703959165384,,,,238538826,,,,,숭인2동
청계천로5길,주거지 도로,37.5721386,127.0276199,37.572572,127.0276558,37.5723553,127.02763785,48.29569708526607,,,,204029925,,,,,용신동
난계로28길,주거지 도로,37.5721386,127.0276199,37.572139,127.0272354,37.572138800000005,127.02742765,33.88666547603578,,,,945091680,,,,,용신동
청계천로5길,주거지 도로,37.5721386,127.0276199,37.5711677,127.0275332,37.57165315,127.02757655,108.25629818891068,,,,204029925,,,,,용신동
정동길,주거지 도로,37.5678626,126.9712195,37.5665663,126.9709728,37.567214449999994,126.97109615,151.85229096730637,,,,238543311,,,,,소공동
통일로9안길,주거지 도로,37.5667861,126.964799,37.5665586,126.9644061,37.566672350000005,126.96460255,42.88511834856665,,,,238546184,,,,,천연동
통일로9안길,주거지 도로,37.5667861,126.964799,37.5664686,126.9650892,37.566627350000005,126.9649441,43.596131427292235,,,,238546213,,,,,천연동
통일로9안길,주거지 도로,37.5667861,126.964799,37.5671271,126.9653123,37.5669566,126.96505565,59.03040380003886,,,,238546184,,,,,천연동
통일로9안길,주거지 도로,37.5667861,126.964799,37.5671983,126.9645597,37.5669922,126.96467935,50.87657130781376,,,,1181825457,,,,,천연동
충정로11길,주거지 도로,37.5655539,126.9655709,37.5658526,126.9655176,37.56570325,126.96554425,33.54455939046841,,,,780472229,,,,,충현동
충정로11길,주거지 도로,37.5655539,126.9655709,37.5654919,126.9645087,37.5655229,126.9650398,96.29052336747348,,,,393514272,,,True,,충현동
통일로9안길,주거지 도로,37.5660715,126.9654782,37.5658526,126.9655176,37.56596205,126.9654979,24.587079496504963,,,,238546213,,,,,충현동
통일로9안길,주거지 도로,37.5660715,126.9654782,37.5664686,126.9650892,37.56627005,126.9652837,55.90383868482115,,,,238546213,,,,,충현동
통일로,주거지 도로,37.5660715,126.9654782,37.5663926,126.9659889,37.56623205,126.96573355,57.474932244603366,,,,393514271,,,,,충현동
보광로55길,주거지 도로,37.5330497,126.9937711,37.5330227,126.9933256,37.5330362,126.99354835,39.39783381136005,,,,239286873,,,,,이태원1동
보광로55길,주거지 도로,37.5330497,126.9937711,37.533027,126.9939288,37.53303835,126.99384995,14.132892566317825,,,,305831441,,,,,이태원1동
이태원로26길,주거지 도로,37.5330497,126.9937711,37.53247,126.993695,37.532759850000005,126.99373305,67.15794795516669,,,,33803223,,,,,이태원1동
이태원로26길,주거지 도로,37.5330497,126.9937711,37.5339231,126.9931235,37.5334864,126.9934473,115.46158436427928,,,,33803223,,,,,이태원1동
이태원로19길,주거지 도로,37.5357745,126.9914174,37.535609,126.9916279,37.53569175,126.99152265,26.137439088266493,,,,239289182,,,,,이태원1동
이태원로15길,주거지 도로,37.5357745,126.9914174,37.5356688,126.9907574,37.53572165,126.9910874,59.6431004241572,,,,330307862,,,,,이태원1동
이태원로19길,주거지 도로,37.5357745,126.9914174,37.5362956,126.9918492,37.53603505,126.9916333,69.82189955004655,,,,330307875,,,,,이태원1동
이태원로19길,주거지 도로,37.5362956,126.9918492,37.5365742,126.9912001,37.5364349,126.99152465,65.60200843741494,,,,239288857,,,,,이태원1동
이태원로19길,주거지 도로,37.5362956,126.9918492,37.536184,126.9924125,37.5362398,126.99213085,52.57612911044514,,,,239288857,,,,,이태원1동
이태원로19길,주거지 도로,37.5362956,126.9918492,37.5357745,126.9914174,37.53603505,126.9916333,69.82189955004655,,,,330307875,,,,,이태원1동
이태원로19길,주거지 도로,37.5340921,126.9923709,37.5339276,126.9928864,37.53400985,126.99262865,49.33312740802041,,,,239286869,,,,,이태원1동
이태원로15길,주거지 도로,37.5354768,126.9901702,37.5356506,126.9898085,37.5355637,126.98998935,37.424911987591464,,,,239286870,,,,,이태원1동
이태원로15길,주거지 도로,37.5354768,126.9901702,37.5342423,126.9901202,37.53485955,126.9901452,160.61800358370064,,,,239286870,,,,,이태원1동
이태원로15길,주거지 도로,37.5354768,126.9901702,37.5356688,126.9907574,37.5355728,126.9904638,59.304823081569765,,,,350785591,,,,,이태원1동
이태원로19길,주거지 도로,37.536184,126.9924125,37.5362956,126.9918492,37.5362398,126.99213085,52.57612911044514,,,,239288857,,,,,이태원1동
이태원로20길,주거지 도로,37.5329601,126.9925324,37.5331571,126.9924147,37.5330586,126.99247355,24.23967915526899,,,,33803224,,,,,이태원1동
보광로55길,주거지 도로,37.5329601,126.9925324,37.5330227,126.9933256,37.5329914,126.992929,70.28831084878428,,,,239286873,,,,,이태원1동
"['녹사평대로26가길', '이태원로20길']",주거지 도로,37.5329601,126.9925324,37.5324309,126.992487,37.5326955,126.9925097,84.64945850388187,,,,"[33803224, 305828542]",,,,,이태원1동
이태원로15길,주거지 도로,37.5356688,126.9907574,37.5360592,126.9906505,37.535864,126.99070395,44.42210835554683,,,,350785591,,,,,이태원1동
이태원로15길,주거지 도로,37.5356688,126.9907574,37.5357745,126.9914174,37.53572165,126.9910874,59.6431004241572,,,,330307862,,,,,이태원1동
이태원로15길,주거지 도로,37.5356688,126.9907574,37.5354768,126.9901702,37.5355728,126.9904638,59.304823081569765,,,,350785591,,,,,이태원1동
녹사평대로40길,주거지 도로,37.535025,126.9888245,37.5344101,126.9889189,37.53471755,126.9888717,95.05215161136238,,,,239286872,,,,,이태원1동
녹사평대로40다길,주거지 도로,37.535025,126.9888245,37.5356506,126.9898085,37.53533779999999,126.9893165,113.65242430082182,,,,330306029,,,,,이태원1동
녹사평대로40다길,주거지 도로,37.535025,126.9888245,37.5350497,126.9883167,37.53503735,126.9885706,44.88974544478074,,,,330306029,,,,,이태원1동
녹사평대로40다길,주거지 도로,37.5322253,126.9920828,37.5322797,126.9919395,37.5322525,126.99201115,14.009277988598129,,,,305828541,,,,,이태원1동
녹사평대로26가길,주거지 도로,37.5322253,126.9920828,37.5324309,126.992487,37.5323281,126.9922849,42.34383352765918,,,,305828542,,,,,이태원1동
녹사평대로26가길,주거지 도로,37.5322253,126.9920828,37.5318805,126.9921431,37.5320529,126.99211295,43.21621077615349,,,,305828542,,,,,이태원1동
이태원로26길,주거지 도로,37.5335726,126.9933338,37.5334718,126.9932921,37.5335222,126.99331295,11.796184875229724,,,,239287514,,,,,이태원1동
보광로55길,주거지 도로,37.5330227,126.9933256,37.5330497,126.9937711,37.5330362,126.99354835,39.39783381136005,,,,239286873,,,,,이태원1동
보광로55길,주거지 도로,37.5330227,126.9933256,37.5329601,126.9925324,37.5329914,126.992929,70.28831084878428,,,,239286873,,,,,이태원1동
이태원로26길,주거지 도로,37.5330227,126.9933256,37.5334718,126.9932921,37.53324725,126.99330885,50.337404784014794,,,,239287514,,,,,이태원1동
이태원로20길,주거지 도로,37.5331571,126.9924147,37.5329601,126.9925324,37.5330586,126.99247355,24.23967915526899,,,,33803224,,,,,이태원1동
이태원로20길,주거지 도로,37.5331571,126.9924147,37.5333435,126.9922961,37.5332503,126.9923554,23.224545867604064,,,,33803224,,,,,이태원1동
이태원로20길,주거지 도로,37.5331571,126.9924147,37.5329513,126.9917869,37.533054199999995,126.9921008,64.18172800053641,,,,239287518,,,,,이태원1동
녹사평대로,주거지 도로,37.5310493,126.9904825,37.5310085,126.9914669,37.531028899999995,126.9909747,96.90671633682712,,,,239287516,,,,,이태원1동
이태원로14길,주거지 도로,37.5322755,126.9915611,37.5321273,126.9917831,37.5322014,126.9916721,25.588474968045436,,,,160575466,,,,,이태원1동
녹사평대로,주거지 도로,37.5322755,126.9915611,37.5320832,126.991049,37.53217935,126.99130505,49.96327944376734,,,,239287513,,,,,이태원1동
이태원로14길,주거지 도로,37.5322755,126.9915611,37.5329513,126.9912523,37.5326134,126.9914067,82.60405381695871,,,,160575466,,,,,이태원1동
이태원로20길,주거지 도로,37.5333435,126.9922961,37.5337745,126.9920142,37.533559,126.99215515,54.13200077764803,,,,33803224,,,,,이태원1동
이태원로20길,주거지 도로,37.5333435,126.9922961,37.5331571,126.9924147,37.5332503,126.9923554,23.224545867604064,,,,33803224,,,,,이태원1동
이태원로16길,주거지 도로,37.5333435,126.9922961,37.5332735,126.9915735,37.5333085,126.9919348,67.54637519714139,,,,464583527,,,,,이태원1동
대사관로5길,주거지 도로,37.5354384,127.0002284,37.5357511,126.999979,37.53559475,127.0001037,41.14119789112744,,,,239288844,,,,,한남동
이태원로54길,주거지 도로,37.5354384,127.0002284,37.5358105,127.0010208,37.53562445,127.0006246,81.20180966898629,,,,267939687,,,,,한남동
대사관로5길,주거지 도로,37.5354384,127.0002284,37.53433,127.00045,37.53488419999999,127.0003392,148.1427868258166,,,,239288844,,,,,한남동
대사관로5길,주거지 도로,37.5357511,126.999979,37.5354384,127.0002284,37.53559475,127.0001037,41.14119789112744,,,,239288844,,,,,한남동
이태원로42길,주거지 도로,37.5357511,126.999979,37.5365688,127.0008401,37.53615995,127.00040955,118.45716608669136,,,,239288851,,,,,한남동
이태원로42길,주거지 도로,37.5357511,126.999979,37.5351559,126.9988666,37.5354535,126.9994228,118.32619397672428,,,,239288851,,,,,한남동
이태원로36길,주거지 도로,37.5351559,126.9988666,37.5350717,126.9989197,37.535113800000005,126.99889315,10.46809439611296,,,,1346179867,,,True,,한남동
이태원로42길,주거지 도로,37.5351559,126.9988666,37.5357511,126.999979,37.5354535,126.9994228,118.32619397672428,,,,239288851,,,,,한남동
대사관로,3차로,37.5351559,126.9988666,37.5352476,126.9987328,37.53520175,126.9987997,15.5935916026107,,,,831753866,,2,,,한남동
대사관로,3차로,37.5351559,126.9988666,37.53433,127.00045,37.534742949999995,126.9996583,167.61043163308517,yes,,,"[831753866, 831753867, 1066887067]",,2,,,한남동
이태원로55길,주거지 도로,37.5394031,126.9953869,37.5386281,126.9968426,37.5390156,126.99611475,154.5967226089765,,,,33727144,,,,,한남동
회나무로44길,주거지 도로,37.5394031,126.9953869,37.539573,126.9955398,37.53948805,126.99546335,23.208904062031586,,,,228799560,,,,,이태원2동
회나무로44길,주거지 도로,37.5394031,126.9953869,37.5393345,126.995321,37.539368800000005,126.99535395,9.588913125163424,,,,228799560,,,,,이태원2동
이태원로55길,주거지 도로,37.5392827,127.0007384,37.5385534,126.9983942,37.53891805,126.9995663,226.83036880976837,,,,464463042,,,,,한남동
이태원로42길,주거지 도로,37.5365688,127.0008401,37.5370314,127.0012028,37.536800099999994,127.00102145,60.569868385028,,,,239288851,,,,,한남동
이태원로42길,주거지 도로,37.5365688,127.0008401,37.5357511,126.999979,37.53615995,127.00040955,118.45716608669136,,,,239288851,,,,,한남동
이태원로42길,주거지 도로,37.5365688,127.0008401,37.5363988,127.0011975,37.5364838,127.0010188,36.74806507328306,,,,267939688,,,,,한남동
이태원로49길,주거지 도로,37.5371713,126.9999356,37.5369758,126.9991088,37.53707355,126.9995222,76.0737054302629,,,,33727150,,,,,한남동
이태원로55가길,주거지 도로,37.5371713,126.9999356,37.5375924,126.9998315,37.53738185,126.99988355,47.71541196212717,,,,239288846,,,,,한남동
이태원로55가길,주거지 도로,37.5371713,126.9999356,37.5364817,126.9992401,37.5368265,126.99958785,98.18632464134085,,,,350284267,,,,,한남동
이태원로49길,주거지 도로,37.5371713,126.9999356,37.5368567,127.0005409,37.537014,127.00023825,63.8162372553302,,,,33727150,,,,,한남동
이태원로55가길,주거지 도로,37.5371713,126.9999356,37.5382615,127.000614,37.537716399999994,127.0002748,136.80210801628607,,,,239289097,,,,,한남동
이태원로27길,주거지 도로,37.5351917,126.9957197,37.5351577,126.9955921,37.5351747,126.9956559,11.869385439950303,,,,350284522,,,,,이태원1동
이태원로27길,주거지 도로,37.5351917,126.9957197,37.5355554,126.9940983,37.53537355,126.994909,164.33417836629457,,,,239288859,,,,,이태원1동
이태원로27길,주거지 도로,37.5351917,126.9957197,37.536104,126.9950419,37.53564785,126.9953808,186.12324545381605,,,,"[350284522, 33727134]",,,,,이태원1동
이태원로55가길,주거지 도로,37.5362563,126.999,37.5364817,126.9992401,37.536369,126.99912005,32.8080175403593,,,,350284267,,,,,한남동
이태원로,주거지 도로,37.5362563,126.999,37.5357544,126.9984359,37.53600535,126.99871795,74.75701631533332,,,,464463044,,,,,한남동
이태원로45길,주거지 도로,37.5362563,126.999,37.535969,126.9996102,37.53611265,126.9993051,62.761049962206705,,,,33727147,,,,,한남동
이태원로45길,주거지 도로,37.5362563,126.999,37.5366561,126.9976482,37.5364562,126.9983241,129.1163290857179,,,,464463045,,,,,한남동
이태원로49길,주거지 도로,37.5378053,126.9994753,37.5370923,126.9988181,37.5374488,126.9991467,98.20142034966132,,,,33727151,,,,,한남동
이태원로55길,주거지 도로,37.5378053,126.9994753,37.5377968,126.9997775,37.53780105,126.9996264,26.662430557446932,,,,350284520,,,,,한남동
이태원로55길,주거지 도로,37.5378053,126.9994753,37.5379046,126.9991793,37.53785495,126.9993273,28.33858793089767,,,,350284520,,,,,한남동
이태원로,주거지 도로,37.5344928,126.9944907,37.535006,126.9944347,37.5347494,126.9944627,57.2801333946447,,,,239289098,,,,,이태원1동
이태원로,주거지 도로,37.535006,126.9944347,37.5350901,126.9953185,37.53504805,126.9948766,78.48864904415173,,,,239289098,,,,,이태원1동
이태원로27가길,주거지 도로,37.535006,126.9944347,37.5349763,126.9933619,37.53499115,126.9938983,94.65245184433398,,,,239289181,,,,,이태원1동
이태원로,주거지 도로,37.535006,126.9944347,37.5344928,126.9944907,37.5347494,126.9944627,57.2801333946447,,,,239289098,,,,,이태원1동
이태원로19길,주거지 도로,37.534364,126.9919309,37.5348733,126.9918519,37.53461865,126.9918914,57.061470809405535,,,,239289182,,,,,이태원1동
이태원로19길,주거지 도로,37.535609,126.9916279,37.5357745,126.9914174,37.53569175,126.99152265,26.137439088266493,,,,239289182,,,,,이태원1동
이태원로19길,주거지 도로,37.535609,126.9916279,37.5355778,126.9916541,37.5355934,126.991641,4.168080492753984,,,,239289182,,,,,이태원1동
이태원로17길,주거지 도로,37.535609,126.9916279,37.5343264,126.9912303,37.5349677,126.9914291,150.78220307214332,,,,330307854,,,,,이태원1동
이태원로,주거지 도로,37.5344326,126.993427,37.5349763,126.9933619,37.53470445,126.99339445,60.728675163647566,,,,239289183,,1,,,이태원1동
이태원로27가길,주거지 도로,37.5349763,126.9933619,37.535006,126.9944347,37.53499115,126.9938983,94.65245184433398,,,,239289181,,,,,이태원1동
이태원로27가길,주거지 도로,37.5349763,126.9933619,37.5348733,126.9918519,37.5349248,126.9926069,133.74501871234105,,,,239289181,,,,,이태원1동
이태원로,주거지 도로,37.5349763,126.9933619,37.5344326,126.993427,37.53470445,126.99339445,60.728675163647566,,,,239289183,,1,,,이태원1동
백범로87길,주거지 도로,37.539134,126.9689805,37.5397583,126.9696821,37.53944615,126.9693313,92.98231303112289,,,,239292454,,,,,원효로1동
백범로87길,주거지 도로,37.539134,126.9689805,37.5382889,126.9679927,37.538711449999994,126.9684866,128.12562812588098,,,,239292454,,,,,원효로1동
원효로84길,주거지 도로,37.539134,126.9689805,37.5393766,126.9686186,37.539255299999994,126.96879955,41.783740239639265,,,,464256569,,,,,원효로1동
원효로84길,주거지 도로,37.539134,126.9689805,37.538861,126.9693233,37.538997499999994,126.9691519,42.83750729439594,,,,464256569,,,,,원효로1동
청파로,주거지 도로,37.538092,126.9708377,37.5382264,126.9701203,37.5381592,126.970479,68.36733604662882,,,,239292455,,,,,원효로1동
원효로84길,주거지 도로,37.5395979,126.9682884,37.5393766,126.9686186,37.53948724999999,126.9684535,38.12011687839875,,,,464256569,,,,,원효로1동
원효로90길,주거지 도로,37.5397583,126.9696821,37.5394841,126.9700609,37.5396212,126.9698715,45.22283649985744,,,,224260192,,,,,원효로1동
원효로90길,주거지 도로,37.5397583,126.9696821,37.5399948,126.9693553,37.53987655,126.9695187,39.010346276982126,,,,224260192,,,,,원효로1동
백범로87길,주거지 도로,37.5397583,126.9696821,37.539134,126.9689805,37.53944615,126.9693313,92.98231303112289,,,,239292454,,,,,원효로1동
용마산로136길,3차로,37.6106893,127.1075648,37.6117538,127.1050784,37.61122155,127.1063216,250.3969038749608,,,,239294193,,4,,,망우본동
용마산로136길,주거지 도로,37.6106893,127.1075648,37.6091684,127.1118302,37.60992885,127.1096975,414.82867770970313,,,,397274004,,,,,망우본동
양원역로,3차로,37.6106893,127.1075648,37.6098733,127.1068556,37.6102813,127.1072102,110.16123093236703,,,,1077231968,,,,,망우본동
송림길,3차로,37.6054874,127.1054534,37.6055151,127.1055076,37.60550125,127.1054805,5.681885042457955,,,,239294194,,,,,망우본동
송림길,3차로,37.6054874,127.1054534,37.6045163,127.1033909,37.60500185,127.10442215,218.5222083762653,,,,239294194,,,,,망우본동
망우로81길,주거지 도로,37.6054874,127.1054534,37.6043256,127.1060197,37.6049065,127.10573655,138.48420339656457,,,,239294344,,,,,망우본동
송림길,3차로,37.5994749,127.0954839,37.5997285,127.0955657,37.599601699999994,127.0955248,29.105352865014183,,,,239294194,,,,,신내1동
송림길,3차로,37.5994749,127.0954839,37.5992071,127.0954074,37.599340999999995,127.09544565,30.531200924302905,,,,239294194,,,,,망우본동
신내로1길,주거지 도로,37.5994749,127.0954839,37.5997987,127.0970454,37.5996368,127.09626465,142.20092241749157,,,,1112332268,,,,,신내1동
용마산로136길,3차로,37.6117538,127.1050784,37.6129511,127.1013116,37.61235245,127.103195,357.94334504174003,,,,239294193,,4,,,망우본동
용마산로136길,3차로,37.6117538,127.1050784,37.6106893,127.1075648,37.61122155,127.1063216,250.39690387496077,,,,239294193,,4,,,망우본동
용마산로136가길,주거지 도로,37.6117538,127.1050784,37.611484,127.1052785,37.6116189,127.10517845,34.87388010163738,,,,239294195,,,,,망우본동
송림길,3차로,37.6026953,127.1009806,37.6029646,127.1013954,37.60282995,127.101188,47.24412946714806,,,,239294194,,,,,망우본동
송림길,3차로,37.6026953,127.1009806,37.6022943,127.100227,37.6024948,127.1006038,79.97308199054878,,,,239294194,,,,,망우본동
용마산로120길,주거지 도로,37.6026953,127.1009806,37.6020408,127.1011425,37.602368049999995,127.10106155,83.35174450996857,,,,1018210408,,,,,망우본동
용마산로136가길,주거지 도로,37.6098733,127.1068556,37.611484,127.1052785,37.61067865,127.10606705,252.5662306474023,,,,239294195,,,,,망우본동
양원역로,3차로,37.6098733,127.1068556,37.6092022,127.1062676,37.60953775,127.1065616,90.83699132807628,,,,1077231968,,,,,망우본동
양원역로,3차로,37.6098733,127.1068556,37.6106893,127.1075648,37.6102813,127.1072102,110.16123093236703,,,,1077231968,,,,,망우본동
양원역로16길,주거지 도로,37.6086047,127.1126897,37.6080147,127.1116559,37.6083097,127.1121728,113.5253206848536,,,,529204642,,,,,망우본동
양원역로16길,주거지 도로,37.6086047,127.1126897,37.6070533,127.1139402,37.607828999999995,127.11331495,222.1187116725247,,,,529204642,,,,,망우본동
양원역로16길,주거지 도로,37.6086047,127.1126897,37.6085107,127.1136726,37.6085577,127.11318115,223.47896719048097,,,,1068776877,,,,,망우본동
송림길,3차로,37.6040958,127.1136883,37.6070533,127.1139402,37.60557455,127.11381425,353.5328148390223,,,,472452156,,,,,망우본동
"['양원역로10길', '양원역로16길']",주거지 도로,37.6080147,127.1116559,37.6068045,127.1075758,37.6074096,127.10961585,434.461220051252,,,,"[529204642, 415814118]",,,,,망우본동
양원역로16길,주거지 도로,37.6080147,127.1116559,37.6086047,127.1126897,37.6083097,127.1121728,113.52532068485358,,,,529204642,,,,,망우본동
용마산로136길,주거지 도로,37.6080147,127.1116559,37.6091684,127.1118302,37.60859155,127.11174305,154.4470492095676,,,,"[397274004, 1035319454]",,,,,망우본동
용마산로136가길,주거지 도로,37.611484,127.1052785,37.6117538,127.1050784,37.6116189,127.10517845,34.87388010163738,,,,239294195,,,,,망우본동
용마산로136가길,주거지 도로,37.611484,127.1052785,37.6098733,127.1068556,37.61067865,127.10606705,252.5662306474023,,,,239294195,,,,,망우본동
용마산로136가길,주거지 도로,37.611484,127.1052785,37.610997,127.1052597,37.611240499999994,127.1052691,55.09627474910184,,,,1035319439,,,,,망우본동
송림길,3차로,37.6070533,127.1139402,37.6040958,127.1136883,37.60557455,127.11381425,353.53281483902225,,,,472452156,,,,,망우본동
송림길,3차로,37.6070533,127.1139402,37.6062837,127.1080274,37.6066685,127.1109838,555.7008561732513,,,,472452156,,,,,망우본동
양원역로16길,주거지 도로,37.6070533,127.1139402,37.6086047,127.1126897,37.607828999999995,127.11331495,222.11871167252465,,,,529204642,,,,,망우본동
용마산로136길,주거지 도로,37.6091684,127.1118302,37.6080147,127.1116559,37.60859155,127.11174305,154.4470492095676,,,,"[397274004, 1035319454]",,,,,망우본동
용마산로136길,주거지 도로,37.6091684,127.1118302,37.6106893,127.1075648,37.60992885,127.1096975,414.8286777097032,,,,397274004,,,,,망우본동
용마산로136길,주거지 도로,37.6091684,127.1118302,37.610456,127.1150028,37.6098122,127.1134165,340.41339141579624,,,,1144228722,,,,,망우본동
송림길,3차로,37.6020779,127.0997631,37.6022943,127.100227,37.6021861,127.09999505,47.42558309847267,,,,239294194,,,,,신내1동
송림길,3차로,37.6020779,127.0997631,37.6019555,127.0994602,37.6020167,127.09961165,29.954893489252942,,,,239294194,,,,,신내1동
망우로65길,주거지 도로,37.6020779,127.0997631,37.601657,127.0997684,37.60186745,127.09976575,46.80433970806043,,,,239298578,,,,,신내1동
신내로16길,3차로,37.6130683,127.0999186,37.6141679,127.096751,37.6136181,127.0983348,304.6403557697791,,,,239294188,,4,,,신내1동
신내로16길,주거지 도로,37.6130683,127.0999186,37.6107911,127.1011184,37.611929700000005,127.1005185,564.2297640875341,,,,"[239294192, 1057829264]",,,,,신내1동
신내로16길,3차로,37.6130683,127.0999186,37.6129511,127.1013116,37.6130097,127.1006151,124.66574694062189,,,,823280657,,2,,,신내1동
신내로16길,주거지 도로,37.6130683,127.0999186,37.6140423,127.1004371,37.6135553,127.10017785,117.5624758909284,,yes,,"[788436442, 1112491058, 788436443, 788436444]",,2,,,신내1동
망우로73길,주거지 도로,37.6010538,127.1033652,37.6007158,127.1034465,37.6008848,127.10340585,38.2603127957634,,,,239294562,,,,,망우본동
망우로73길,주거지 도로,37.6010538,127.1033652,37.6013353,127.1033238,37.60119455,127.1033445,31.513186465112778,,,,239294562,,,,,망우본동
용마산로118길,주거지 도로,37.6010538,127.1033652,37.6010754,127.1037213,37.6010646,127.10354325,31.463312847542557,,,,239294341,,,,,망우본동
용마산로118길,주거지 도로,37.6010538,127.1033652,37.6009456,127.1026708,37.6009997,127.103018,64.2010220235251,,,,239294341,,,,,망우본동
용마산로118길,주거지 도로,37.6011365,127.1060504,37.6011046,127.1065968,37.601120550000005,127.1063236,48.266926909532806,,,,239294341,,,,,망우본동
망우로77길,주거지 도로,37.6011365,127.1060504,37.6008904,127.1060285,37.60101345,127.10603945,27.556816073848672,,,,239294339,,,,,망우본동
용마산로118길,주거지 도로,37.6011365,127.1060504,37.60124,127.1055863,37.60118825,127.10581835,43.82875121246124,,,,239294341,,,,,망우본동
망우로77길,주거지 도로,37.6011365,127.1060504,37.6014594,127.1060857,37.60129795,127.10606805,38.183568185872005,,,,1018193814,,,,,망우본동
용마산로118길,주거지 도로,37.6009133,127.1021124,37.6009285,127.1024263,37.600920900000006,127.10226935,27.70544593848773,,,,239294341,,,,,망우본동
용마산로118길,주거지 도로,37.6009133,127.1021124,37.6008022,127.1016553,37.60085775,127.10188385,42.12178697604828,,,,239294341,,,,,망우본동
망우로71길,주거지 도로,37.6009133,127.1021124,37.6015582,127.1021305,37.60123575,127.10212145,71.72743587990225,,,,239294342,,,,,망우본동
망우로71길,주거지 도로,37.6009133,127.1021124,37.60029,127.1022005,37.60060165,127.10215645,69.74117779293285,,,,239294342,,,,,망우본동
용마산로118길,주거지 도로,37.6010476,127.1076438,37.6009742,127.1082924,37.601010900000006,127.1079681,57.72000397277725,,,,239294341,,,,,망우본동
용마산로118길,주거지 도로,37.6010476,127.1076438,37.6010701,127.1071875,37.60105885,127.10741565,40.27665152766484,,,,239294341,,,,,망우본동
망우로81길,주거지 도로,37.6010476,127.1076438,37.6005886,127.1075701,37.6008181,127.10760695,51.44987284840851,,,,239294344,,,,,망우본동
망우로81길,주거지 도로,37.6010476,127.1076438,37.6014515,127.1075868,37.601249550000006,127.1076153,45.25986639387283,,,,239294344,,,,,망우본동
망우로81길,3차로,37.6091741,127.101045,37.6082943,127.1002623,37.6087342,127.10065365,119.68398067746512,,,,239294343,,,True,,신내1동
송림길,3차로,37.6035835,127.1022311,37.6031403,127.1016326,37.6033619,127.10193185,72.17046360515002,,,,239294194,,,,,망우본동
망우로71길,주거지 도로,37.6035835,127.1022311,37.6030915,127.1022155,37.603337499999995,127.1022233,54.72523957821792,,,,239294342,,,,,망우본동
송림길,3차로,37.6035835,127.1022311,37.6039733,127.1027762,37.6037784,127.10250365,64.68868155566841,,,,239294194,,,,,망우본동
송림길,주거지 도로,37.6035835,127.1022311,37.6035632,127.1026516,37.603573350000005,127.10244135,37.11243968658047,,,,1024341116,,,,,망우본동
용마산로118길,주거지 도로,37.6005426,127.1004682,37.6006245,127.1008968,37.60058355,127.1006825,38.84151298225328,,,,239294341,,,,,망우본동
용마산로117길,주거지 도로,37.6005426,127.1004682,37.6003766,127.0997078,37.60045959999999,127.100088,69.48634133635102,,,,397274005,,,,,망우본동
망우로81길,주거지 도로,37.6043256,127.1060197,37.6040315,127.106149,37.60417855,127.10608435,34.62940725527102,,,,239294344,,,,,망우본동
양원역로,주거지 도로,37.6043256,127.1060197,37.6045649,127.1068068,37.60444525,127.10641325,74.26874070913759,,,,239294340,,,,,망우본동
망우로81길,주거지 도로,37.6043256,127.1060197,37.6054874,127.1054534,37.6049065,127.10573655,138.48420339656457,,,,239294344,,,,,망우본동
양원역로,3차로,37.6009742,127.1082924,37.6005486,127.1082795,37.6007614,127.10828595,47.338271260881434,,,,37401849,,,,,망우본동
용마산로118길,주거지 도로,37.6009742,127.1082924,37.6009442,127.108789,37.600959200000005,127.1085407,43.876250920619675,,,,239294341,,,,,망우본동
용마산로118길,주거지 도로,37.6009742,127.1082924,37.6010476,127.1076438,37.601010900000006,127.1079681,57.72000397277725,,,,239294341,,,,,망우본동
양원역로,3차로,37.6009742,127.1082924,37.6014293,127.1082288,37.60120175,127.1082606,50.916072215866265,,,,37401849,,,,,망우본동
망우로75길,주거지 도로,37.6020631,127.1059181,37.6022553,127.1059235,37.6021592,127.1059208,21.37699036212475,,,,239294561,,,,,망우본동
망우로75길,주거지 도로,37.6020631,127.1059181,37.6015748,127.1046168,37.60181895,127.10526745,133.01720830661685,,,,239294561,,,,,망우본동
망우로75길,주거지 도로,37.6020631,127.1059181,37.6016049,127.1060103,37.601834,127.1059642,53.49485142717775,,,,1018193810,,,,,망우본동
망우로73길,주거지 도로,37.6014011,127.1033207,37.601453,127.1040252,37.60142705,127.10367295,62.33208354587375,,,,239294557,,,,,망우본동
망우로73길,주거지 도로,37.6014011,127.1033207,37.6013353,127.1033238,37.6013682,127.10332225,7.321731622568276,,,,239294562,,,,,망우본동
망우로73길,주거지 도로,37.6014011,127.1033207,37.6015115,127.103311,37.601456299999995,127.10331585,12.30564403682004,,,,239294562,,,,,망우본동
망우로75길,주거지 도로,37.6027059,127.1059359,37.6024996,127.1059601,37.60260275,127.105948,23.038398787163587,,,,239294561,,,,,망우본동
망우로75길,주거지 도로,37.6027059,127.1059359,37.602965,127.1066754,37.60283545,127.10630565,71.23287030202334,,,,1017952749,,,,,망우본동
망우로75길,주거지 도로,37.6027059,127.1059359,37.6029445,127.1059043,37.6028252,127.1059201,29.191772895723247,,,,1017952756,,,,,망우본동
망우로75길,주거지 도로,37.6015748,127.1046168,37.6014929,127.1046251,37.60153385,127.10462095,9.136184917502275,,,,239294561,,,,,망우본동
망우로75길,주거지 도로,37.6015748,127.1046168,37.6020631,127.1059181,37.60181895,127.10526745,133.01720830661685,,,,239294561,,,,,망우본동
망우로75길,주거지 도로,37.6015748,127.1046168,37.6017757,127.1047235,37.60167525,127.10467015,26.359048317619084,,,,1017952745,,,,,망우본동
용마산로118길,주거지 도로,37.6007144,127.1012942,37.6008022,127.1016553,37.600758299999995,127.10147475,33.27650551312115,,,,239294341,,,,,망우본동
용마산로118길,주거지 도로,37.6007144,127.1012942,37.6006245,127.1008968,37.60066945,127.1010955,36.409295905319865,,,,239294341,,,,,망우본동
망우로67길,주거지 도로,37.6007144,127.1012942,37.6010486,127.1013027,37.6008815,127.10129845,37.1689411820992,,,,239294564,,,,,망우본동
망우로67길,주거지 도로,37.6007144,127.1012942,37.6004221,127.1012788,37.60056825,127.1012865,32.53062686500408,,,,1018210402,,,,,망우본동
송림길,3차로,37.6045163,127.1033909,37.6054874,127.1054534,37.60500185,127.10442215,218.52220837626533,,,,239294194,,,,,망우본동
송림길,3차로,37.6045163,127.1033909,37.6042294,127.1030755,37.60437285,127.1032332,42.30578062417032,,,,239294194,,,,,망우본동
망우로73길,주거지 도로,37.6045163,127.1033909,37.6043193,127.1034521,37.6044178,127.1034215,23.258505377871597,,,,239294562,,,,,망우본동
양원역로,3차로,37.6028559,127.1077936,37.60341,127.10745,37.60313295,127.1076218,68.64710551522691,,,,37401849,,,,,망우본동
양원역로6길,주거지 도로,37.6028559,127.1077936,37.6031487,127.1086722,37.6030023,127.1082329,83.96928612057177,,,,544145379,,,,,망우본동
양원역로6길,주거지 도로,37.6028559,127.1077936,37.6028058,127.1076069,37.60283085,127.10770025,17.365244860215604,,,,1017944061,,,,,망우본동
양원역로,3차로,37.6028559,127.1077936,37.6023888,127.1080284,37.60262235,127.107911,55.921860650958834,,,,37401849,,,,,망우본동
망우로73길,주거지 도로,37.6014929,127.1046251,37.6014776,127.1043084,37.60148525,127.10446675,27.95212721921787,,,,239294557,,,,,망우본동
망우로75길,주거지 도로,37.6014929,127.1046251,37.6015748,127.1046168,37.60153385,127.10462095,9.136184917502275,,,,239294561,,,,,망우본동
망우로75길,주거지 도로,37.6014929,127.1046251,37.6011392,127.1046764,37.601316049999994,127.10465075,39.58851211220048,,,,239294561,,,,,망우본동
망우로67가길,주거지 도로,37.6025231,127.1033397,37.6025299,127.1030981,37.6025265,127.1032189,21.297353037740795,,,,239294560,,,,,망우본동
망우로73길,주거지 도로,37.6025231,127.1033397,37.6021741,127.103329,37.6023486,127.10333435,38.818530759206794,,,,239294562,,,,,망우본동
망우로73길,주거지 도로,37.6025231,127.1033397,37.6025781,127.1033413,37.6025506,127.1033405,6.11735370725322,,,,239294562,,,,,망우본동
망우로71길,주거지 도로,37.6020575,127.1021571,37.6021882,127.1021646,37.60212285,127.10216085,14.548208851700576,,,,239294342,,,,,망우본동
망우로71길,주거지 도로,37.6020575,127.1021571,37.6019385,127.1021486,37.601998,127.10215285,13.253386082565196,,,,239294342,,,,,망우본동
망우로71길,주거지 도로,37.6020575,127.1021571,37.6020512,127.1026042,37.60205435,127.10238065,39.394076147392624,,,,239294563,,,,,망우본동
망우로71길,주거지 도로,37.6025574,127.1021893,37.6029411,127.1022081,37.60274925,127.1021987,42.69768666656319,,,,239294342,,,,,망우본동
망우로71길,주거지 도로,37.6025574,127.1021893,37.6024174,127.1021821,37.6024874,127.1021857,15.58022841412376,,,,239294342,,,,,망우본동
망우로67가길,주거지 도로,37.6025574,127.1021893,37.6025648,127.1019875,37.6025611,127.1020884,17.796740846917146,,,,239294560,,,,,망우본동
망우로67가길,주거지 도로,37.6025574,127.1021893,37.6025469,127.1025543,37.60255215,127.1023718,32.17739346536138,,,,239294560,,,,,망우본동
망우로73길,주거지 도로,37.6020496,127.1033252,37.6019943,127.103324,37.60202195,127.1033246,6.149996797324666,,,,239294562,,,,,망우본동
망우로73길,주거지 도로,37.6020496,127.1033252,37.6021741,127.103329,37.60211185,127.1033271,13.847834924493624,,,,239294562,,,,,망우본동
망우로71길,주거지 도로,37.6020496,127.1033252,37.6020412,127.1029093,37.6020454,127.10311725,36.65115121546461,,,,239294563,,,,,망우본동
용마산로118길,주거지 도로,37.6011392,127.1046764,37.6011679,127.10495,37.60115355,127.1048132,24.313780649835905,,,,239294341,,,,,망우본동
용마산로118길,주거지 도로,37.6011392,127.1046764,37.6011097,127.1043236,37.60112445,127.1045,31.253375547867726,,,,239294341,,,,,망우본동
망우로75길,주거지 도로,37.6011392,127.1046764,37.6014929,127.1046251,37.601316049999994,127.10465075,39.58851211220048,,,,239294561,,,,,망우본동
망우로75길,주거지 도로,37.6011392,127.1046764,37.6006149,127.1047589,37.600877049999994,127.10471765,58.75120647076613,,,,239294561,,,,,망우본동
망우로71길,주거지 도로,37.6015582,127.1021305,37.6018123,127.1021426,37.60168525,127.10213655,28.27477167354762,,,,239294342,,,,,망우본동
망우로71길,주거지 도로,37.6015582,127.1021305,37.6009133,127.1021124,37.60123575,127.10212145,71.72743587990225,,,,239294342,,,,,망우본동
용마산로120길,주거지 도로,37.6015582,127.1021305,37.6015651,127.1018902,37.60156165,127.10201035,21.183575391232292,,,,239294559,,,,,망우본동
용마산로120길,주거지 도로,37.6015582,127.1021305,37.6015315,127.1025921,37.60154485,127.1023613,40.77375463411285,,,,239294559,,,,,망우본동
송림길,3차로,37.6029646,127.1013954,37.6026953,127.1009806,37.60282995,127.101188,47.24412946714806,,,,239294194,,,,,망우본동
망우로67길,주거지 도로,37.6029646,127.1013954,37.6025911,127.1013682,37.602777849999995,127.1013818,41.600431845051,,,,239294564,,,,,망우본동
송림길,3차로,37.6029646,127.1013954,37.6031403,127.1016326,37.60305245,127.101514,28.60927375912312,,,,239294194,,,,,망우본동
망우로73길,주거지 도로,37.6015115,127.103311,37.6014011,127.1033207,37.601456299999995,127.10331585,12.30564403682004,,,,239294562,,,,,망우본동
망우로73길,주거지 도로,37.6015115,127.103311,37.6016343,127.1033145,37.6015729,127.10331275,13.65823714943216,,,,239294562,,,,,망우본동
용마산로120길,주거지 도로,37.6015115,127.103311,37.6015224,127.102874,37.60151695,127.1030925,38.51742693972214,,,,239294559,,,,,망우본동
상봉중앙로10길,주거지 도로,37.6019234,127.0873007,37.6021141,127.0877598,37.60201875,127.08753025,47.213570216363976,,,,397273999,,,,,상봉1동
상봉중앙로6길,주거지 도로,37.6019234,127.0873007,37.6016838,127.0877639,37.6018036,127.0875323,48.829345970732874,,,,1094698591,,,,,상봉1동
상봉중앙로9길,주거지 도로,37.6019234,127.0873007,37.6019085,127.0870319,37.60191595,127.0871663,23.738542595752357,,,,"[239298595, 1149384939]",,,,,상봉1동
용마산로117길,주거지 도로,37.6001354,127.0986158,37.6000775,127.0983483,37.60010645,127.09848205,24.42998673509887,,,,397274005,,,,,망우본동
용마산로117길,주거지 도로,37.6001354,127.0986158,37.6003007,127.0993814,37.600218049999995,127.0989986,69.90780445553636,,,,397274005,,,,,망우본동
망우로63길,주거지 도로,37.6001354,127.0986158,37.5998386,127.0987287,37.599987,127.09867225,34.46894572208026,,,,239298585,,,,,망우본동
망우로63길,주거지 도로,37.6001354,127.0986158,37.6005376,127.0984872,37.6003365,127.0985515,46.13537551451745,,,,239298585,,,,,신내1동
상봉중앙로5길,주거지 도로,37.6004071,127.0837607,37.6003821,127.0851459,37.6003946,127.0844533,122.06534843720176,,,,239298598,,,,,중화1동
봉화산로26길,주거지 도로,37.6004071,127.0837607,37.6000844,127.0837408,37.60024575,127.08375075,35.92545599646414,,,,371238122,,,,,중화1동
봉화산로26길,주거지 도로,37.6004071,127.0837607,37.6006562,127.0837844,37.60053165,127.08377255,27.7772776472125,,,,371238122,,,,,중화1동
봉화산로30길,주거지 도로,37.6017841,127.0852091,37.6019556,127.0851299,37.60186985,127.0851695,20.306284017500833,,,,239298589,,,,,중화1동
상봉중앙로9길,주거지 도로,37.6017841,127.0852091,37.6018305,127.0860817,37.6018073,127.0856454,77.04601735066974,,,,239298595,,,,,중화1동
봉화산로30길,주거지 도로,37.6017841,127.0852091,37.6010436,127.0851771,37.60141385,127.0851931,82.38821526131973,,,,239298589,,,,,중화1동
상봉중앙로5길,주거지 도로,37.6003626,127.0875326,37.6003607,127.0870422,37.60036165,127.0872874,43.203916582458085,,,,1115254736,,,,,상봉1동
상봉중앙로6가길,주거지 도로,37.5993364,127.0878048,37.5998886,127.0884761,37.5996125,127.08814045,99.5876900534525,,,,239299310,,,,,상봉1동
상봉중앙로1길,주거지 도로,37.5993364,127.0878048,37.6001408,127.0875686,37.599738599999995,127.0876867,94.02661243292587,,,,1106352987,,,True,,상봉1동
상봉중앙로1다길,주거지 도로,37.5995594,127.0897196,37.5997166,127.0901485,37.599638,127.08993405,41.63299820198786,,,,239298596,,,,,상봉1동
상봉중앙로1다길,주거지 도로,37.5995594,127.0897196,37.5999278,127.0895245,37.5997436,127.08962205,44.449988377863974,,,,239298584,,,,,상봉1동
"['동일로120길', '상봉중앙로1다길']",주거지 도로,37.5995594,127.0897196,37.5984748,127.0879242,37.5990171,127.0888219,201.24813348940356,,,,"[814882400, 239298596]",,,,,상봉1동
상봉중앙로8가길,주거지 도로,37.6014742,127.0894465,37.6020793,127.0894046,37.60177675,127.08942555,67.38532111194012,,,,239298583,,,,,상봉1동
상봉중앙로6길,주거지 도로,37.6014742,127.0894465,37.6020889,127.0905541,37.60178155,127.0900003,119.134294245151,,,,239299312,,,,,상봉1동
상봉중앙로6길,주거지 도로,37.6014742,127.0894465,37.6011521,127.0889007,37.60131315,127.0891736,59.956629726105575,,,,239299312,,,,,상봉1동
상봉중앙로8가길,주거지 도로,37.6014742,127.0894465,37.6009373,127.0899216,37.60120575,127.08968405,72.91096767071167,,,,239298583,,,,,상봉1동
상봉중앙로1다길,주거지 도로,37.6003057,127.091765,37.6001671,127.0913299,37.6002364,127.09154745,41.31382747690264,,,,239298596,,,,,상봉1동
상봉중앙로1다길,주거지 도로,37.5999293,127.0907286,37.6001671,127.0913299,37.6000482,127.09102925,59.20645806600048,,,,239298596,,,,,상봉1동
상봉중앙로1다길,주거지 도로,37.5999293,127.0907286,37.5997166,127.0901485,37.59982295,127.09043855,56.31359652686261,,,,239298596,,,,,상봉1동
상봉중앙로8가길,주거지 도로,37.5999293,127.0907286,37.6002658,127.0905598,37.60009755,127.0906442,40.27473653489521,,,,239298583,,,,,상봉1동
상봉중앙로8길,주거지 도로,37.6050081,127.0938281,37.604922,127.0936807,37.60496505,127.0937544,16.132783469871594,,,,239299317,,,,,상봉1동
봉화산로48길,주거지 도로,37.6050081,127.0938281,37.6035057,127.0938886,37.6042569,127.09385835,171.53510533314773,,,,239298587,,,,,상봉1동
"['상봉중앙로8길', '봉화산로50길']",주거지 도로,37.6050081,127.0938281,37.60645,127.09386,37.60572905,127.09384405,188.8802962956157,,,,"[397273993, 239299317]",,,,,신내2동
상봉중앙로8가길,주거지 도로,37.6022298,127.0893932,37.6020793,127.0894046,37.60215455,127.0893989,16.764968045623228,,,,239298583,,,,,상봉1동
상봉중앙로8길,주거지 도로,37.6022298,127.0893932,37.602629,127.0900725,37.602429400000005,127.08973285,74.50929398182872,,,,239299317,,,,,상봉1동
상봉중앙로8길,주거지 도로,37.6022298,127.0893932,37.6020014,127.0889581,37.602115600000005,127.08917565,45.98091943472994,,,,239299317,,,,,상봉1동
상봉중앙로8가길,주거지 도로,37.600377,127.0905136,37.6002658,127.0905598,37.6003214,127.0905367,13.017551626904362,,,,239298583,,,,,상봉1동
상봉중앙로8가길,주거지 도로,37.600377,127.0905136,37.6006797,127.0901938,37.600528350000005,127.0903537,43.89388114690379,,,,239298583,,,,,상봉1동
상봉중앙로8나길,주거지 도로,37.600377,127.0905136,37.6010763,127.0910871,37.60072665,127.09080035,92.8325583469046,,,,397273992,,,,,상봉1동
상봉중앙로8길,주거지 도로,37.602629,127.0900725,37.6022298,127.0893932,37.602429400000005,127.08973285,74.50929398182872,,,,239299317,,,,,상봉1동
상봉중앙로8나길,주거지 도로,37.602629,127.0900725,37.6021934,127.0904609,37.6024112,127.0902667,59.303173204094335,,,,239298577,,,,,상봉1동
상봉중앙로8길,주거지 도로,37.602629,127.0900725,37.6034785,127.091421,37.60305375,127.09074675,151.7747390331784,,,,239299317,,,,,상봉1동
망우로55길,주거지 도로,37.6003901,127.0953157,37.5993201,127.094938,37.5998551,127.09512685,123.5441731206342,,,,812613045,,,,,상봉1동
송림길,3차로,37.5992071,127.0954074,37.5994749,127.0954839,37.599340999999995,127.09544565,30.531200924302905,,,,239294194,,,,,망우본동
송림길,주거지 도로,37.5992071,127.0954074,37.5993201,127.094938,37.5992636,127.0951727,43.22070260801095,,,,239298597,,,,,상봉1동
송림길,3차로,37.5992071,127.0954074,37.5988256,127.0953026,37.59901635,127.095355,43.42494558642893,,,,239294194,,,,,망우본동
송림길,주거지 도로,37.5993201,127.094938,37.5992071,127.0954074,37.5992636,127.0951727,43.22070260801095,,,,239298597,,,,,상봉1동
망우로55길,주거지 도로,37.5993201,127.094938,37.6003901,127.0953157,37.5998551,127.09512685,123.54417312063418,,,,812613045,,,,,상봉1동
동일로120길,주거지 도로,37.5974058,127.0859352,37.5974964,127.0861798,37.5974511,127.0860575,23.788229586463483,,,,814882400,,,,,상봉1동
동일로120길,주거지 도로,37.5974058,127.0859352,37.5972258,127.085382,37.5973158,127.0856586,52.68770445218224,,,,814882400,,,,,상봉1동
동일로126다길,주거지 도로,37.5974058,127.0859352,37.5988629,127.0856939,37.598134349999995,127.08581455,175.26252771530886,,,,401637587,,,,,상봉1동
동일로126가길,주거지 도로,37.5966243,127.0831172,37.5982909,127.0829346,37.5974576,127.0830259,189.58507154869724,,,,401637586,,,,,중화1동
동일로120길,주거지 도로,37.5966243,127.0831172,37.5969225,127.0842659,37.5967734,127.08369155,106.51092459795116,,,,814882400,,,,,상봉1동
동일로120길,주거지 도로,37.5966243,127.0831172,37.5961271,127.0809675,37.5963757,127.08204235,197.40816776511775,,,,814882400,,,,,중화1동
동일로120길,주거지 도로,37.5961271,127.0809675,37.5966243,127.0831172,37.5963757,127.08204235,197.40816776511775,,,,814882400,,,,,중화1동
용마산로117길,주거지 도로,37.6003766,127.0997078,37.6003007,127.0993814,37.60033865,127.0995446,29.96823824663572,,,,397274005,,,,,망우본동
망우로65길,주거지 도로,37.6003766,127.0997078,37.6008184,127.0997286,37.6005975,127.0997182,49.160152282414145,,,,239298578,,,,,신내1동
용마산로117길,주거지 도로,37.6003766,127.0997078,37.6005426,127.1004682,37.60045959999999,127.100088,69.48634133635102,,,,397274005,,,,,망우본동
상봉중앙로8나길,주거지 도로,37.6010763,127.0910871,37.6004665,127.0912567,37.6007714,127.0911719,69.43343590209005,,,,239298577,,,,,상봉1동
상봉중앙로8다길,주거지 도로,37.6010763,127.0910871,37.601102,127.0912593,37.60108915,127.0911732,15.437190332941752,,,,397273996,,,,,상봉1동
상봉중앙로8나길,주거지 도로,37.6010763,127.0910871,37.6016019,127.0909936,37.6013391,127.09104035,59.02643924331376,,,,239298577,,,,,상봉1동
상봉중앙로8나길,주거지 도로,37.6010763,127.0910871,37.600377,127.0905136,37.60072665,127.09080035,92.83255834690458,,,,397273992,,,,,상봉1동
상봉중앙로8나길,주거지 도로,37.6004665,127.0912567,37.6001671,127.0913299,37.6003168,127.0912933,33.91063969525012,,,,239298577,,,,,상봉1동
상봉중앙로8나길,주거지 도로,37.6004665,127.0912567,37.6010763,127.0910871,37.6007714,127.0911719,69.43343590209005,,,,239298577,,,,,상봉1동
상봉중앙로8나길,주거지 도로,37.6004665,127.0912567,37.6004829,127.0913929,37.60047470000001,127.0913248,12.136752124159914,,,,782039402,,,,,상봉1동
상봉중앙로8가길,주거지 도로,37.6004665,127.0912567,37.6002658,127.0905598,37.60036615,127.09090825,65.35879075877574,,,,239298586,,,,,상봉1동
상봉중앙로8나길,주거지 도로,37.6004983,127.0917547,37.6005148,127.0916539,37.60050655,127.0917043,9.067841025225556,,,,782039402,,,,,상봉1동
상봉중앙로8가길,주거지 도로,37.6002658,127.0905598,37.600377,127.0905136,37.6003214,127.0905367,13.017551626904362,,,,239298583,,,,,상봉1동
상봉중앙로8가길,주거지 도로,37.6002658,127.0905598,37.5999293,127.0907286,37.60009755,127.0906442,40.27473653489521,,,,239298583,,,,,상봉1동
상봉중앙로8가길,주거지 도로,37.6002658,127.0905598,37.6004665,127.0912567,37.60036615,127.09090825,65.35879075877574,,,,239298586,,,,,상봉1동
상봉중앙로8가길,주거지 도로,37.6002658,127.0905598,37.600065,127.0899466,37.6001654,127.0902532,58.454393493258245,,,,239298586,,,,,상봉1동
상봉중앙로1다길,주거지 도로,37.5999278,127.0895245,37.6002072,127.0894082,37.6000675,127.08946635,32.71379955362006,,,,239298584,,,,,상봉1동
상봉중앙로1다길,주거지 도로,37.5999278,127.0895245,37.5995594,127.0897196,37.5997436,127.08962205,44.449988377863974,,,,239298584,,,,,상봉1동
상봉중앙로8가길,주거지 도로,37.5999278,127.0895245,37.600065,127.0899466,37.5999964,127.08973555,40.19425288810612,,,,239298586,,,,,상봉1동
상봉중앙로1다길,주거지 도로,37.6002072,127.0894082,37.6003614,127.0893668,37.6002843,127.0893875,17.52990536573419,,,,239298584,,,,,상봉1동
상봉중앙로1다길,주거지 도로,37.6002072,127.0894082,37.5999278,127.0895245,37.6000675,127.08946635,32.71379955362006,,,,239298584,,,,,상봉1동
상봉중앙로6가길,주거지 도로,37.6002072,127.0894082,37.5998886,127.0884761,37.6000479,127.08894215,89.85385190929206,,,,397273995,,,,,상봉1동
상봉중앙로6가길,주거지 도로,37.5998886,127.0884761,37.6000224,127.0884485,37.5999555,127.0884623,15.075287470923938,,,,239299310,,,,,상봉1동
상봉중앙로6가길,주거지 도로,37.5998886,127.0884761,37.5993364,127.0878048,37.5996125,127.08814045,99.58769005345248,,,,239299310,,,,,상봉1동
상봉중앙로6가길,주거지 도로,37.5998886,127.0884761,37.6002072,127.0894082,37.6000479,127.08894215,89.85385190929206,,,,397273995,,,,,상봉1동
봉화산로44길,주거지 도로,37.6024484,127.0884762,37.6020014,127.0889581,37.6022249,127.08871715,65.36671499892799,,,,239299316,,,,,상봉1동
봉화산로44길,주거지 도로,37.6024484,127.0884762,37.6031685,127.0877596,37.60280845,127.0881179,101.9760323148793,,,,239299316,,,,,상봉1동
상봉중앙로10길,주거지 도로,37.6024484,127.0884762,37.6021141,127.0877598,37.60228125,127.088118,73.26478683371123,,,,397273999,,,,,상봉1동
봉화산로30길,주거지 도로,37.5972258,127.085382,37.5974081,127.0853428,37.59731695,127.0853624,20.562957712468744,,,,239298589,,,,,상봉1동
동일로120길,주거지 도로,37.5972258,127.085382,37.5974058,127.0859352,37.5973158,127.0856586,52.68770445218224,,,,814882400,,,,,상봉1동
동일로120길,주거지 도로,37.5972258,127.085382,37.5970928,127.0848989,37.5971593,127.08514045,45.05825583200728,,,,814882400,,,,,상봉1동
송림길,3차로,37.6022943,127.100227,37.6026953,127.1009806,37.6024948,127.1006038,79.97308199054878,,,,239294194,,,,,망우본동
송림길,3차로,37.6022943,127.100227,37.6020779,127.0997631,37.6021861,127.09999505,47.42558309847267,,,,239294194,,,,,신내1동
송림길,3차로,37.6010006,127.0970441,37.600903,127.0967851,37.6009518,127.0969146,25.26673363735955,,,,239294194,,,,,신내1동
송림길,3차로,37.6010006,127.0970441,37.6012696,127.0977767,37.6011351,127.0974104,71.13467554417713,,,,239294194,,,,,신내1동
송림길,3차로,37.6014525,127.0981859,37.6019555,127.0994602,37.601704,127.09882305,125.42362344949603,,,,239294194,,,,,신내1동
송림길,3차로,37.6014525,127.0981859,37.6012696,127.0977767,37.60136105,127.0979813,41.390478041153315,,,,239294194,,,,,신내1동
망우로63길,주거지 도로,37.6014525,127.0981859,37.6010519,127.0983192,37.601252200000005,127.09825255,46.067375959660865,,,,239298585,,,,,신내1동
용마산로120길,주거지 도로,37.6016299,127.1005075,37.6016031,127.1008449,37.6016165,127.1006762,29.87287144350694,,,,239294559,,,,,망우본동
용마산로120길,주거지 도로,37.6016299,127.1005075,37.601657,127.0997684,37.60164345,127.10013795,65.18201836381488,,,,1029628668,,,,,신내1동
봉화산로30길,주거지 도로,37.6003821,127.0851459,37.6001085,127.085145,37.6002453,127.08514545,30.42307822776943,,,,239298589,,,,,중화1동
봉화산로30길,주거지 도로,37.6003821,127.0851459,37.600808,127.0851659,37.600595049999995,127.0851559,47.390751805381456,,,,239298589,,,,,중화1동
상봉중앙로5길,주거지 도로,37.6003821,127.0851459,37.6004071,127.0837607,37.6003946,127.0844533,122.06534843720176,,,,239298598,,,,,중화1동
상봉중앙로5길,주거지 도로,37.6003821,127.0851459,37.6003601,127.0865413,37.6003711,127.0858436,122.9566694001946,,,,239298598,,,,,중화1동
상봉중앙로6가길,주거지 도로,37.6008111,127.0883228,37.600686,127.0883425,37.600748550000006,127.08833265,14.018352372596208,,,,239299310,,,,,상봉1동
상봉중앙로6길,주거지 도로,37.6008111,127.0883228,37.6011521,127.0889007,37.6009816,127.08861175,63.48013206825675,,,,239299312,,,,,상봉1동
상봉중앙로6길,주거지 도로,37.6008111,127.0883228,37.6007379,127.0877892,37.6007745,127.088056,47.70844492472017,,,,239299312,,,,,상봉1동
상봉중앙로6길,주거지 도로,37.6008111,127.0883228,37.6014968,127.0879815,37.60115395,127.08815215,89.80033939896205,,,,1094698591,,,,,상봉1동
신내로7가길,주거지 도로,37.6022778,127.0921163,37.6023203,127.0929561,37.60229905,127.0925362,74.13379418480416,,,,239299313,,,,,상봉1동
신내로7가길,주거지 도로,37.6022778,127.0921163,37.6034785,127.091421,37.60287815,127.09176865,155.20158168007842,,,,239299314,,,,,상봉1동
신내로7가길,주거지 도로,37.6022778,127.0921163,37.6019104,127.0915534,37.6020941,127.09183485,64.25013058961957,,,,1055702544,,,,,상봉1동
상봉중앙로6길,주거지 도로,37.600695,127.0874766,37.6007379,127.0877892,37.60071645,127.0876329,27.94948500700957,,,,239299312,,,,,상봉1동
상봉중앙로6길,주거지 도로,37.6034785,127.091421,37.6022778,127.0921163,37.60287815,127.09176865,155.20158168007842,,,,239299314,,,,,상봉1동
상봉중앙로8길,주거지 도로,37.6034785,127.091421,37.604922,127.0936807,37.604200250000005,127.09255085,255.73010369902775,,,,239299317,,,,,상봉1동
상봉중앙로8길,주거지 도로,37.6034785,127.091421,37.602629,127.0900725,37.60305375,127.09074675,151.7747390331784,,,,239299317,,,,,상봉1동
봉화산로44길,주거지 도로,37.6020014,127.0889581,37.6024484,127.0884762,37.6022249,127.08871715,65.36671499892799,,,,239299316,,,,,상봉1동
상봉중앙로8길,주거지 도로,37.6020014,127.0889581,37.6022298,127.0893932,37.602115600000005,127.08917565,45.98091943472994,,,,239299317,,,,,상봉1동
상봉중앙로8길,주거지 도로,37.6020014,127.0889581,37.6017099,127.0883939,37.601855650000005,127.088676,59.339021850273056,,,,239299317,,,,,상봉1동
상봉중앙로8길,주거지 도로,37.5972709,127.0885773,37.5988101,127.0923034,37.5980405,127.09044035,412.0380070768542,,,,239299315,,,,,상봉1동
봉화산로43길,주거지 도로,37.6047698,127.0876697,37.6034516,127.0876545,37.6041107,127.0876621,149.74831636613607,,,,239300927,,,,,상봉1동
봉화산로41길,주거지 도로,37.6029097,127.087003,37.6033614,127.0874158,37.60313555,127.0872094,97.39641527893424,,,,"[372722760, 239300929]",,,,,상봉1동
봉화산로43길,주거지 도로,37.6034516,127.0876545,37.6047698,127.0876697,37.6041107,127.0876621,149.74831636613607,,,,239300927,,,,,상봉1동
봉화산로43길,주거지 도로,37.6034516,127.0876545,37.6031685,127.0877596,37.603310050000005,127.08770705,32.81269291160949,,,,239300927,,,,,상봉1동
봉화산로43길,주거지 도로,37.6034516,127.0876545,37.6033614,127.0874158,37.6034065,127.08753515,23.780663617885335,,,,372722760,,,,,상봉1동
동일로152길,주거지 도로,37.6081514,127.0782296,37.6086526,127.0801531,37.608402,127.07919135,179.35842170599176,,,,239301240,,,,,묵1동
동일로152길,주거지 도로,37.6087854,127.0813051,37.6087386,127.0809189,37.608762,127.081112,34.41543177593499,,,,239301240,,,,,묵1동
봉화산로27길,주거지 도로,37.6027213,127.0834356,37.60188,127.08363,37.60230065,127.0835328,95.10311697196197,,,,239301800,,,,,중화1동
봉화산로27길,주거지 도로,37.6027213,127.0834356,37.6035765,127.0829904,37.6031489,127.083213,102.93284383059483,,,,239301800,,,,,중화1동
"['봉화산로21길', '봉화산로27나길']",주거지 도로,37.6027213,127.0834356,37.6023284,127.0819761,37.602524849999995,127.08270585,141.7749508500733,,,,"[372722753, 372722754]",,,,,중화1동
봉화산로27다길,주거지 도로,37.6027213,127.0834356,37.603317,127.0824565,37.603019149999994,127.08294605,113.94363615705434,,,,372722755,,,,,중화1동
봉화산로27가길,주거지 도로,37.6027213,127.0834356,37.6028936,127.0846715,37.60280745,127.08405355,120.28566182662304,,,,372722756,,,,,중화1동
동일로144가길,주거지 도로,37.6058758,127.0832287,37.6055983,127.0805441,37.60573705,127.0818864,240.44959213827957,,,,239301799,,,,,중화1동
"['동일로140길', '동일로144길']",주거지 도로,37.6058758,127.0832287,37.6055983,127.0805441,37.60573705,127.0818864,385.3331071477512,,,,"[372722761, 239301803]",,,,,중화1동
동일로140길,주거지 도로,37.6058758,127.0832287,37.6044017,127.0820438,37.605138749999995,127.08263625,201.4171896872254,,,,239301803,,,,,중화1동
동일로146길,주거지 도로,37.6072791,127.0817245,37.6063262,127.0785663,37.60680265,127.0801454,323.61876710674414,,,,370202144,,,,,묵1동
동일로136나길,주거지 도로,37.6035765,127.0829904,37.6033483,127.0825222,37.6034624,127.0827563,48.4262368050836,,,,370202150,,,,,중화1동
봉화산로27길,주거지 도로,37.6035765,127.0829904,37.6027213,127.0834356,37.6031489,127.083213,102.93284383059483,,,,239301800,,,,,중화1동
봉화산로27길,주거지 도로,37.6035765,127.0829904,37.604037,127.0824497,37.60380675,127.08272005,70.73302354159523,,,,239301800,,,,,중화1동
동일로136나길,주거지 도로,37.6035765,127.0829904,37.6041254,127.0839046,37.60385095,127.0834475,103.24296884838613,,,,370202150,,,,,중화1동
동일로152길,주거지 도로,37.6087386,127.0809189,37.6087854,127.0813051,37.608762,127.081112,34.41543177593499,,,,239301240,,,,,묵1동
동일로152길,주거지 도로,37.6087386,127.0809189,37.6086526,127.0801531,37.6086956,127.080536,68.14047404400611,,,,239301240,,,,,묵1동
동일로148나길,주거지 도로,37.6087386,127.0809189,37.6074212,127.0810731,37.6080799,127.080996,150.47271570145958,,,,372722748,,,,,묵1동
동일로146길,주거지 도로,37.6063262,127.0785663,37.6072791,127.0817245,37.60680265,127.0801454,323.6187671067442,,,,370202144,,,,,묵1동
동일로143길,주거지 도로,37.6053679,127.0787407,37.6052846,127.0780572,37.60532625,127.07839895,60.919444337634175,,,,37402626,,,,,중화2동
동일로144길,주거지 도로,37.6053679,127.0787407,37.6055983,127.0805441,37.6054831,127.0796424,160.93255440232156,,,,372722761,,,,,묵1동
봉화산로27길,주거지 도로,37.6044017,127.0820438,37.604037,127.0824497,37.604219349999994,127.08224675,54.20850352769141,,,,239301800,,,,,중화1동
봉화산로27길,주거지 도로,37.6044017,127.0820438,37.6041432,127.0789816,37.60427245,127.0805127,273.2000144761257,,,,239301800,,,,,중화1동
동일로140길,주거지 도로,37.6044017,127.0820438,37.6058758,127.0832287,37.605138749999995,127.08263625,201.4171896872254,,,,239301803,,,,,중화1동
봉화산로27길,주거지 도로,37.6041432,127.0789816,37.6044017,127.0820438,37.60427245,127.0805127,273.2000144761257,,,,239301800,,,,,중화1동
동일로144가길,주거지 도로,37.6055983,127.0805441,37.6058758,127.0832287,37.60573705,127.0818864,240.4495921382795,,,,239301799,,,,,중화1동
"['동일로140길', '동일로144길']",주거지 도로,37.6055983,127.0805441,37.6058758,127.0832287,37.60573705,127.0818864,385.3331071477511,,,,"[372722761, 239301803]",,,,,중화1동
동일로144길,주거지 도로,37.6055983,127.0805441,37.6053679,127.0787407,37.6054831,127.0796424,160.93255440232156,,,,372722761,,,,,묵1동
신내로15길,3차로,37.6150998,127.0885722,37.6149933,127.0887647,37.61504655,127.08866845,20.68165686951176,,,,37400097,,,,,묵1동
신내로15길,3차로,37.6150998,127.0885722,37.6161388,127.0858677,37.615619300000006,127.08721995,264.75391596440096,,,,37400097,,,,,묵1동
신내로15길,주거지 도로,37.6150998,127.0885722,37.6148024,127.0862567,37.6149511,127.08741445,212.49390599606664,,,,239303747,,,,,묵1동
신내로15길,주거지 도로,37.6148024,127.0862567,37.6150998,127.0885722,37.6149511,127.08741445,212.49390599606664,,,,239303747,,,,,묵1동
동일로156길,주거지 도로,37.6094442,127.0779744,37.6105214,127.0818592,37.6099828,127.0799168,372.1281920800864,,,,239304020,,,,,묵1동
동일로156길,주거지 도로,37.6113481,127.0896292,37.6127348,127.0887965,37.61204145,127.08921285,174.4093106071538,,,,397273981,,,,,신내2동
동일로156길,주거지 도로,37.6105214,127.0818592,37.6094442,127.0779744,37.6099828,127.0799168,372.1281920800863,,,,239304020,,,,,묵1동
신내로21길,주거지 도로,37.6127348,127.0887965,37.6149933,127.0887647,37.61386405,127.0887806,251.14971663703687,,,,239304018,,,,,신내2동
신내로21길,주거지 도로,37.6127348,127.0887965,37.6113481,127.0896292,37.61204145,127.08921285,174.40931060715377,,,,397273981,,,,,신내2동
창신7길,주거지 도로,37.575879,127.0089758,37.5758765,127.0091268,37.57587775,127.0090513,13.310120894649533,,,,379730413,,,,,창신2동
율곡로25길,주거지 도로,37.5750705,127.0074307,37.5745169,127.0060652,37.5747937,127.00674795,138.58050939374425,,,,381208108,,,,,종로5·6가동
퇴계로50길,주거지 도로,37.5598714,127.0022374,37.5597882,127.0008237,37.5598298,127.00153055,124.95531382283396,,,,788411956,,,,,장충동
동호로27길,주거지 도로,37.5598714,127.0022374,37.5598152,127.0028412,37.5598433,127.0025393,66.63424984579538,,,,"[268782233, 1291318446]",30.0,,,,장충동
동호로27길,주거지 도로,37.5598714,127.0022374,37.5606509,127.0018604,37.56026115,127.0020489,96.99770789081664,,,,268782233,30.0,,,,장충동
동호로28길,주거지 도로,37.5598152,127.0028412,37.5602539,127.0032642,37.56003455,127.0030527,61.40037214665144,,,,381447822,,,,,장충동
동호로27길,주거지 도로,37.5598152,127.0028412,37.5598714,127.0022374,37.5598433,127.0025393,66.6342498457954,,,,"[268782233, 1291318446]",30.0,,,,장충동
동호로17길,주거지 도로,37.5483019,127.0053245,37.5485839,127.005432,37.5484429,127.00537825,32.757885568606895,,,,117914350,,,,,다산동
동호로17길,주거지 도로,37.5497689,127.0051115,37.549552,127.0051464,37.54966045,127.00512895,24.313668215262425,,,,239357573,,,,,다산동
동호로17길,주거지 도로,37.5497689,127.0051115,37.550135,127.0049544,37.54995194999999,127.00503295,43.54797740786279,,,,239357573,,,,,다산동
동호로11바길,주거지 도로,37.5497689,127.0051115,37.550151,127.0058093,37.54995995,127.0054604,80.24516234187328,,,,"[420187961, 381570330]",,,,,다산동
동호로11바길,주거지 도로,37.5486178,127.0050211,37.5489082,127.0052499,37.548763,127.0051355,48.11550195554315,,,,239357578,,,,,다산동
동호로11바길,주거지 도로,37.5502041,127.0058778,37.550151,127.0058093,37.55017755,127.00584355,8.445694192879566,,,,420310511,,,,,다산동
동호로17길,주거지 도로,37.5502041,127.0058778,37.5506974,127.006313,37.55045075,127.0060954,70.38063895539365,,,,239357577,,,,,다산동
동호로17길,주거지 도로,37.5502041,127.0058778,37.5498323,127.0058824,37.5500182,127.0058801,41.37508660459905,,,,239357577,,,,,다산동
동호로17길,주거지 도로,37.5488016,127.005515,37.5485839,127.005432,37.54869275,127.0054735,25.288909876336433,,,,117914350,,,,,다산동
동호로17길,주거지 도로,37.5488016,127.005515,37.5489082,127.0052499,37.548854899999995,127.00538245,26.205100960566636,,,,239357573,,,,,다산동
동호로17길,주거지 도로,37.5488016,127.005515,37.5490662,127.0057411,37.548933899999994,127.00562805,36.59769173537924,,,,117914350,,,,,다산동
동호로17길,주거지 도로,37.5489082,127.0052499,37.549552,127.0051464,37.5492301,127.00519815,72.16654647786885,,,,239357573,,,,,다산동
동호로17길,주거지 도로,37.5489082,127.0052499,37.5488016,127.005515,37.548854899999995,127.00538245,26.205100960566636,,,,239357573,,,,,다산동
동호로17길,주거지 도로,37.5489082,127.0052499,37.5486178,127.0050211,37.548763,127.0051355,48.11550195554315,,,,239357578,,,,,다산동
동호로17길,주거지 도로,37.5498323,127.0058824,37.5502041,127.0058778,37.5500182,127.0058801,41.37508660459905,,,,239357577,,,,,다산동
동호로17길,주거지 도로,37.5498323,127.0058824,37.5492355,127.0062059,37.5495339,127.00604415,79.35169764746871,,,,239357577,,,,,다산동
동호로17길,주거지 도로,37.5498323,127.0058824,37.5490662,127.0057411,37.549449249999995,127.00581175,106.54351716940162,,,,"[239357579, 239357581]",,,,,다산동
"['동호로17길', '다산로5길']",주거지 도로,37.5498323,127.0058824,37.5497189,127.0066626,37.5497756,127.0062725,84.7577618669084,,,,"[381570312, 788296732, 239357581]",,,,,다산동
"['동호로17길', '다산로5길']",주거지 도로,37.5506974,127.006313,37.5507465,127.0061116,37.55072195,127.0062123,18.628304719759736,,,,239357576,,,,,다산동
동호로17길,주거지 도로,37.5506974,127.006313,37.5514964,127.0064453,37.5510969,127.00637915,97.66981880466636,,,,239357577,,,,,다산동
동호로17길,주거지 도로,37.5506974,127.006313,37.5502041,127.0058778,37.55045075,127.0060954,70.38063895539365,,,,239357577,,,,,다산동
동호로17길,주거지 도로,37.550135,127.0049544,37.5507581,127.0046486,37.55044655,127.0048015,89.84749864583097,,,,239357573,,,,,다산동
동호로17길,주거지 도로,37.550135,127.0049544,37.5497689,127.0051115,37.54995194999999,127.00503295,43.54797740786279,,,,239357573,,,,,다산동
동호로11바길,주거지 도로,37.550135,127.0049544,37.550151,127.0058093,37.550143,127.00538185,83.67882715185632,,,,381570332,,,,,다산동
다산로,주거지 도로,37.5513392,127.0072706,37.5512431,127.0074611,37.55129115,127.00736585,19.905240422627426,,,,381570321,,,,,다산동
동호로11길,주거지 도로,37.5513392,127.0072706,37.5516351,127.0075106,37.55148715,127.0073906,39.118043206279154,,,,420187960,,,,,다산동
동호로11길,주거지 도로,37.5513392,127.0072706,37.5508757,127.0071668,37.55110745,127.0072187,62.06610955797807,,,,420187960,,,,,다산동
동호로11길,주거지 도로,37.5507465,127.0061116,37.5506974,127.006313,37.55072195,127.0062123,18.628304719759736,,,,239357576,,,,,다산동
동호로11마길,주거지 도로,37.5507465,127.0061116,37.550756,127.0058422,37.550751250000005,127.0059769,24.70876231625602,,,,420310509,,,,,다산동
동호로11마길,주거지 도로,37.5507465,127.0061116,37.5514964,127.0064453,37.55112145,127.00627845,91.03721922182656,,,,420310509,,,,,다산동
동호로11마길,주거지 도로,37.5517138,127.0077789,37.5512431,127.0074611,37.551478450000005,127.00762,59.379057650613355,,,,239357580,,,,,다산동
동호로11마길,주거지 도로,37.5508757,127.0071668,37.5512431,127.0074611,37.5510594,127.00731395,48.39515017165309,,,,239357580,,,,,다산동
동호로11길,주거지 도로,37.5508757,127.0071668,37.5507793,127.0076435,37.5508275,127.00740515,44.37105402074146,,,,420187960,,,,,다산동
동호로11길,주거지 도로,37.5508757,127.0071668,37.5513392,127.0072706,37.55110745,127.0072187,62.06610955797807,,,,420187960,,,,,다산동
동호로11자길,주거지 도로,37.5507692,127.0049541,37.5507581,127.0046486,37.55076365,127.00480135,26.96022590820625,,,,381570309,,,,,다산동
동호로11자길,주거지 도로,37.5507692,127.0049541,37.5510224,127.0054029,37.5508958,127.0051785,50.065177434362255,,,,381570309,,,,,다산동
동호로11아길,주거지 도로,37.5507692,127.0049541,37.5508828,127.0049308,37.550826,127.00494245,12.918892296391528,,,,420310508,,,,,다산동
동호로11마길,주거지 도로,37.5507692,127.0049541,37.550756,127.0058422,37.5507626,127.00539815,95.74734769560013,,,,420310509,,,,,다산동
동호로11다길,주거지 도로,37.5525971,127.0077348,37.5518437,127.0071119,37.5522204,127.00742335,100.18234691720954,,,,239357571,,,,,다산동
동호로11나길,주거지 도로,37.5525971,127.0077348,37.5525315,127.0082374,37.5525643,127.0079861,46.04678227689277,,,,420309398,,,,,다산동
동호로11나길,주거지 도로,37.5525971,127.0077348,37.552242,127.0067766,37.55241955,127.0072557,100.87214227038412,,,,420309398,,,,,다산동
동호로11아길,주거지 도로,37.5517164,127.0052804,37.5518671,127.0057081,37.55179175,127.00549425,41.3865516816455,,,,420310508,,,,,다산동
동호로11아길,주거지 도로,37.5517164,127.0052804,37.5513757,127.005101,37.55154605,127.0051907,41.06079252622526,,,,420310508,,,,,다산동
동호로11아길,주거지 도로,37.5517164,127.0052804,37.5519729,127.0051437,37.55184465,127.00521205,37.62248558624545,,,,"[381570325, 788296733]",,,,,다산동
동호로17길,주거지 도로,37.5490662,127.0057411,37.5488016,127.005515,37.548933899999994,127.00562805,36.59769173537924,,,,117914350,,,,,다산동
동호로17길,주거지 도로,37.5490662,127.0057411,37.5492355,127.0062059,37.54915085,127.0059735,45.881022697359725,,,,117914350,,,,,다산동
동호로17길,주거지 도로,37.5490662,127.0057411,37.5498323,127.0058824,37.549449249999995,127.00581175,106.54351716940162,,,,"[239357579, 239357581]",,,,,다산동
동호로17길,주거지 도로,37.5490662,127.0057411,37.5484449,127.0065177,37.54875555,127.0061294,124.49867986335389,,,,381570331,,,,,다산동
동호로17길,주거지 도로,37.5513974,127.0045548,37.5517154,127.0040547,37.5515564,127.00430475,62.649074427661205,,,,239357573,,,,,다산동
동호로17길,주거지 도로,37.5513974,127.0045548,37.5510095,127.0045821,37.55120345,127.00456845,43.25278679648666,,,,239357573,,,,,다산동
동호로11라길,주거지 도로,37.5513974,127.0045548,37.551962,127.0049922,37.5516797,127.0047735,78.28603753905008,,,,381570333,,,,,다산동
와우산로21길,주거지 도로,37.552636,126.924041,37.5524034,126.9216439,37.552519700000005,126.92284245,216.57749730515388,,,,168229932,,,,,서교동
연희로2안길,주거지 도로,37.5605272,126.9273019,37.5605,126.927656,37.5605136,126.92747895,31.358500076072858,,,,370675400,,,,,신촌동
연희로2안길,주거지 도로,37.5605272,126.9273019,37.5603782,126.9272875,37.5604527,126.9272947,16.616617313401655,,,,463789659,,,,,신촌동
연희로2안길,주거지 도로,37.5605272,126.9273019,37.5608596,126.9273606,37.560693400000005,126.92733125,37.321646086687046,,,,463789659,,,,,신촌동
연희로2안길,주거지 도로,37.5596325,126.9272268,37.5603782,126.9272875,37.56000535,126.92725715,83.09061948736525,,,,370675409,,,,,신촌동
연희로2길,주거지 도로,37.5596325,126.9272268,37.5596172,126.9276305,37.55962485,126.92742865,35.62538769826162,,,,463789661,,,,,신촌동
연희로,주거지 도로,37.5596325,126.9272268,37.5596377,126.9270091,37.5596351,126.92711795,19.19819985160517,,,,614919378,,,,,신촌동
연희로2안길,주거지 도로,37.5605,126.927656,37.5605272,126.9273019,37.5605136,126.92747895,31.358500076072858,,,,370675400,,,,,신촌동
연희로2안길,주거지 도로,37.5605,126.927656,37.5597133,126.9276927,37.560106649999994,126.92767435,87.53696717982693,,,,463789660,,,,,신촌동
연희로2안길,주거지 도로,37.5605,126.927656,37.5604681,126.9281468,37.56048405,126.9279014,43.42374026015993,,,,370675400,,,,,신촌동
연희로,주거지 도로,37.5623204,126.9292532,37.5618098,126.9278491,37.5620651,126.92855115,138.59249137792432,,,,239547732,,,,,연희동
연희로,주거지 도로,37.5623204,126.9292532,37.5608543,126.930633,37.56158735,126.9299431,221.2330004921136,,,,463546288,,,,,연희동
연희로,주거지 도로,37.5623204,126.9292532,37.5625598,126.9288366,37.5624401,126.9290449,45.45742675612082,,,,780472213,,,,,연희동
연희로4길,주거지 도로,37.5618098,126.9278491,37.5616585,126.9278903,37.56173415,126.9278697,17.211299265398228,,,,239548914,,,,,연희동
연희로,주거지 도로,37.5618098,126.9278491,37.5620972,126.9273422,37.5619535,126.92759565,56.39205486086323,,,,239547732,,,,,연희동
연희로,주거지 도로,37.5618098,126.9278491,37.5623204,126.9292532,37.5620651,126.92855115,138.59249137792432,,,,239547732,,,,,연희동
연희로4길,주거지 도로,37.5611726,126.928198,37.5612819,126.9281083,37.56122725,126.92815315,14.499117529175868,,,,239548914,,,,,연희동
연희로4길,주거지 도로,37.5611726,126.928198,37.5610741,126.9283724,37.56112335,126.9282852,18.875219443368135,,,,239548914,,,,,연희동
연희로4길,주거지 도로,37.5611726,126.928198,37.5608596,126.9273606,37.5610161,126.9277793,93.66541829367124,,,,"[370675408, 370675410, 370675411]",,,,,신촌동
연희로2안길,주거지 도로,37.5597133,126.9276927,37.559539,126.9281334,37.55962615,126.92791305,43.41266193401909,,,,463789657,,,,,신촌동
연희로2안길,주거지 도로,37.5597133,126.9276927,37.5605,126.927656,37.560106649999994,126.92767435,87.53696717982693,,,,463789660,,,,,신촌동
연희로2안길,주거지 도로,37.5597133,126.9276927,37.5596172,126.9276305,37.559665249999995,126.9276616,12.010305558832547,,,,463789660,,,,,신촌동
신촌로1길,주거지 도로,37.5592562,126.9292251,37.559286,126.9287342,37.5592711,126.92897965,43.3980113017059,,,,239549701,,,,,신촌동
신촌로1길,주거지 도로,37.5592562,126.9292251,37.5596814,126.9290875,37.559468800000005,126.9291563,51.38934777953117,,,,239549701,,,,,신촌동
신촌로3길,주거지 도로,37.5592562,126.9292251,37.5591281,126.9294622,37.55919215,126.92934365,25.95059605481731,,,,463789662,,,,,신촌동
연희로4길,주거지 도로,37.5618225,126.9271694,37.5617052,126.927507,37.56176385,126.9273382,32.4904255644537,,,,239548918,,,,,신촌동
연희로4길,주거지 도로,37.5608718,126.9285576,37.5608002,126.9284127,37.560836,126.92848515,15.050454346641148,,,,370675404,,,,,신촌동
연희로4길,주거지 도로,37.5608718,126.9285576,37.5610741,126.9283724,37.56097295,126.928465,28.92337339121741,,,,239548914,,,,,신촌동
연희로4길,주거지 도로,37.5608718,126.9285576,37.5607357,126.9290353,37.560803750000005,126.92879645,54.2968048130536,,,,370675404,,,,,신촌동
연희로1길,주거지 도로,37.5596489,126.9261553,37.559679,126.9259076,37.55966395,126.92603145,22.231075988134812,,,,239549982,,,,,서교동
연희로1길,주거지 도로,37.5596489,126.9261553,37.5596342,126.9265577,37.559641549999995,126.9263565,35.50781030131106,,,,239549982,,,,,서교동
양화로23길,주거지 도로,37.5596489,126.9261553,37.5586438,126.9256287,37.55914635,126.925892,122.6685307251746,,,,292158910,,,,,서교동
연희로4길,주거지 도로,37.5616585,126.9278903,37.5618098,126.9278491,37.56173415,126.9278697,17.211299265398228,,,,239548914,,,,,연희동
연희로4길,주거지 도로,37.5616585,126.9278903,37.5615254,126.9279685,37.56159195,126.9279294,16.326471136797505,,,,239548914,,,,,연희동
연희로4길,주거지 도로,37.5616585,126.9278903,37.5617052,126.927507,37.56168185,126.92769865,34.182355894369024,,,,239548918,,,,,연희동
연희로1길,주거지 도로,37.5597576,126.9256008,37.5600419,126.9253709,37.55989975,126.92548585,37.55035405416793,,,,239549982,,,,,서교동
양화로23길,주거지 도로,37.5597576,126.9256008,37.5593845,126.9250939,37.55957105,126.92534735,60.972104556046304,,,,370541719,,,,,서교동
연희로1길,주거지 도로,37.5597576,126.9256008,37.559679,126.9259076,37.5597183,126.9257542,28.420541834933097,,,,239549982,,,,,서교동
연희로2길,주거지 도로,37.5604681,126.9281468,37.5603048,126.9281444,37.56038645,126.9281456,18.159389446280173,,,,239548915,,,,,신촌동
연희로2길,주거지 도로,37.5604681,126.9281468,37.5608596,126.9273606,37.56066385,126.9277537,108.5167096224592,,,,"[239548915, 370675406]",,,,,신촌동
연희로2안길,주거지 도로,37.5604681,126.9281468,37.5605,126.927656,37.56048405,126.9279014,43.42374026015993,,,,370675400,,,,,신촌동
연희로4길,주거지 도로,37.5617052,126.927507,37.5616585,126.9278903,37.56168185,126.92769865,34.182355894369024,,,,239548918,,,,,연희동
연희로4길,주거지 도로,37.5617052,126.927507,37.5618225,126.9271694,37.56176385,126.9273382,32.4904255644537,,,,239548918,,,,,신촌동
연희로4길,주거지 도로,37.5617052,126.927507,37.5612819,126.9281083,37.561493549999994,126.92780765,93.16892184626602,,,,370675412,,,,,신촌동
동교로30길,주거지 도로,37.5600372,126.925047,37.5598214,126.9247582,37.55992929999999,126.9249026,34.983452167213706,,,,370541720,,,,,서교동
동교로30길,주거지 도로,37.5600372,126.925047,37.5600419,126.9253709,37.56003955,126.92520895,44.249011795416315,,,,239548917,,,,,서교동
동교로30길,주거지 도로,37.5600372,126.925047,37.5607081,126.92424,37.56037265,126.9246435,107.93898097179466,,,,239548917,,,,,서교동
신촌로1길,주거지 도로,37.5605978,126.9289408,37.5607357,126.9290353,37.56066675,126.92898805,17.450210614771837,,,,463787710,,,,,신촌동
신촌로1안길,주거지 도로,37.5605978,126.9289408,37.5606471,126.928756,37.56062245,126.9288484,17.186950136536936,,,,463789658,,,,,신촌동
신촌로1안길,주거지 도로,37.5605978,126.9289408,37.5604431,126.9293813,37.56052045,126.92916105,42.46791048352108,,,,463789658,,,,,신촌동
신촌로1길,주거지 도로,37.5605978,126.9289408,37.5602429,126.9286435,37.56042035,126.92879215,47.70382545404551,,,,463787710,,,,,신촌동
동교로,3차로,37.5607081,126.92424,37.5605928,126.9241803,37.56065045,126.92421015,13.858725083096438,,,,515585526,,,,,서교동
동교로,3차로,37.5607081,126.92424,37.5608236,126.9242489,37.56076585,126.92424445,12.866969447706865,,,,515585526,,,,,서교동
동교로30길,주거지 도로,37.5607081,126.92424,37.5600372,126.925047,37.56037265,126.9246435,107.93898097179463,,,,239548917,,,,,서교동
성미산로23길,주거지 도로,37.5665032,126.9194498,37.5653752,126.920341,37.5659392,126.9198954,148.00500327869577,,,,463546286,,,,,연남동
성미산로23길,주거지 도로,37.5665032,126.9194498,37.5663757,126.9185708,37.56643945,126.9190103,90.04496204094428,,,,607448302,,,,,연남동
신촌로3길,주거지 도로,37.5608543,126.930633,37.5605832,126.9306936,37.56071875000001,126.9306633,30.61458701938535,,,,370675390,,,,,신촌동
신촌로1길,주거지 도로,37.5608543,126.930633,37.5608543,126.9308974,37.5608543,126.9307652,23.30555014049,,,,370675394,,,,,신촌동
신촌로1길,주거지 도로,37.5608543,126.930633,37.560784,126.930131,37.56081915,126.930382,44.934007360407634,,,,463789665,,,,,신촌동
신촌로1길,주거지 도로,37.5608543,126.930633,37.5623204,126.9292532,37.56158735,126.9299431,221.23300049211355,,,,463546288,,,,,연희동
신촌로1길,주거지 도로,37.5607357,126.9290353,37.5605978,126.9289408,37.56066675,126.92898805,17.450210614771837,,,,463787710,,,,,신촌동
연희로4길,주거지 도로,37.5607357,126.9290353,37.5608718,126.9285576,37.560803750000005,126.92879645,54.2968048130536,,,,370675404,,,,,신촌동
신촌로1길,주거지 도로,37.5607357,126.9290353,37.5608656,126.9292154,37.56080065,126.92912535,22.624425862544285,,,,463787710,,,,,신촌동
신촌로1길,주거지 도로,37.5596814,126.9290875,37.5592562,126.9292251,37.559468800000005,126.9291563,51.38934777953117,,,,239549701,,,,,신촌동
신촌로1길,주거지 도로,37.5596814,126.9290875,37.5604431,126.9293813,37.56006225,126.9292344,96.21504478142704,,,,239549701,,,,,신촌동
"['신촌로1길', '신촌로1안길']",주거지 도로,37.5596814,126.9290875,37.5604431,126.9293813,37.56006225,126.9292344,145.13176092899283,,,,"[463789658, 463787710]",,,,,신촌동
신촌로1길,주거지 도로,37.5596814,126.9290875,37.5602429,126.9286435,37.55996215,126.9288655,96.98848408950217,,,,463787710,,,,,신촌동
신촌로11길,주거지 도로,37.5586141,126.9336446,37.5584737,126.9335158,37.5585439,126.9335802,19.30358624775415,,,,239549324,,,,,신촌동
신촌로11길,주거지 도로,37.5586141,126.9336446,37.5588649,126.934065,37.5587395,126.9338548,47.12191678288521,,,,239549324,,,,,신촌동
연세로7안길,주거지 도로,37.5586141,126.9336446,37.558139,126.9349503,37.55837655,126.93429745,126.64002783703782,,,,324258416,,,,,신촌동
연세로9길,주거지 도로,37.5588649,126.934065,37.5585301,126.9349849,37.5586975,126.93452495,89.2246041093001,,,,324258398,,,,,신촌동
신촌로11길,주거지 도로,37.5588649,126.934065,37.5590192,126.9345322,37.55894205,126.9342986,44.685698277774456,,,,239549324,,,,,신촌동
신촌로11길,주거지 도로,37.5588649,126.934065,37.5586141,126.9336446,37.5587395,126.9338548,47.12191678288521,,,,239549324,,,,,신촌동
신촌로11길,주거지 도로,37.5584737,126.9335158,37.5586141,126.9336446,37.5585439,126.9335802,19.30358624775415,,,,239549324,,,,,신촌동
신촌로11길,주거지 도로,37.5584737,126.9335158,37.5582846,126.9334135,37.55837915,126.93346465,22.879036464659187,,,,239549324,,,,,신촌동
신촌로11길,주거지 도로,37.5584737,126.9335158,37.5586164,126.933189,37.55854505,126.9333524,32.88775431744255,,,,370675382,,,,,신촌동
신촌로11길,주거지 도로,37.5572553,126.9329367,37.5575356,126.9330092,37.55739545,126.93297295,31.81643575648371,,,,239549324,,,,,신촌동
신촌로11길,주거지 도로,37.5572553,126.9329367,37.5571198,126.9329086,37.55718755,126.93292265,15.269185080093296,,,,239549324,,,,,신촌동
신촌로11길,주거지 도로,37.5572553,126.9329367,37.557422,126.932139,37.557338650000005,126.93253785,72.738499915749,,,,239549322,,,,,신촌동
신촌로3길,주거지 도로,37.5591281,126.9294622,37.558975,126.9295722,37.55905155,126.9295172,19.591619561066487,,,,463789662,,,,,신촌동
신촌로3길,주거지 도로,37.5591281,126.9294622,37.5603975,126.9303018,37.5597628,126.929882,159.87531541403206,,,,239549434,,,,,신촌동
신촌로3길,주거지 도로,37.5591281,126.9294622,37.5592562,126.9292251,37.55919215,126.92934365,25.95059605481731,,,,463789662,,,,,신촌동
신촌로9길,주거지 도로,37.5589431,126.9336679,37.5586164,126.933189,37.55877975,126.93342845,55.89171173012341,,,,239549323,,,,,신촌동
신촌로9길,주거지 도로,37.5589431,126.9336679,37.5592557,126.9344082,37.5590994,126.93403805,74.25372423616976,,,,239549323,,,,,신촌동
신촌로9길,주거지 도로,37.5589431,126.9336679,37.5593179,126.9335232,37.5591305,126.93359555,43.870103335062446,,,,239549431,,,,,신촌동
신촌로3나길,주거지 도로,37.5588857,126.930055,37.5591431,126.9301787,37.559014399999995,126.93011685,30.62825367680999,,,,370675427,,,,,신촌동
신촌로3나길,주거지 도로,37.5588857,126.930055,37.5589048,126.9299638,37.55889525,126.9300094,8.314853834209913,,,,463790190,,,,,신촌동
신촌로3나길,주거지 도로,37.5588857,126.930055,37.5588474,126.9301328,37.55886655,126.9300939,8.072638974354557,,,,463790190,,,,,신촌동
신촌로11길,주거지 도로,37.5575356,126.9330092,37.5572553,126.9329367,37.55739545,126.93297295,31.81643575648371,,,,239549324,,,,,신촌동
신촌로11길,주거지 도로,37.5575356,126.9330092,37.5582846,126.9334135,37.5579101,126.93321135,90.5898159630099,,,,239549324,,,,,신촌동
연세로5나길,주거지 도로,37.5575356,126.9330092,37.5570975,126.9342385,37.55731655,126.93362385,118.8110380242244,,,,324258402,,,True,,신촌동
신촌로3길,주거지 도로,37.5603975,126.9303018,37.56044,126.9305485,37.56041875,126.93042515,22.253096504495268,,,,370675416,,,,,신촌동
신촌로3길,주거지 도로,37.5603975,126.9303018,37.5603721,126.9301914,37.5603848,126.9302466,10.132851677747755,,,,370675416,,,,,신촌동
신촌로3길,주거지 도로,37.5603975,126.9303018,37.5591281,126.9294622,37.5597628,126.929882,159.87531541403206,,,,239549434,,,,,신촌동
신촌로11길,주거지 도로,37.5582846,126.9334135,37.5584737,126.9335158,37.55837915,126.93346465,22.879036464659187,,,,239549324,,,,,신촌동
연세로7길,주거지 도로,37.5582846,126.9334135,37.5577056,126.9349282,37.5579951,126.93417085,148.23024532111282,,,,463791588,,,,,신촌동
신촌로11길,주거지 도로,37.5582846,126.9334135,37.5575356,126.9330092,37.5579101,126.93321135,90.58981596300993,,,,239549324,,,,,신촌동
연세로7길,주거지 도로,37.5582846,126.9334135,37.558459,126.9330015,37.5583718,126.9332075,41.17023611235474,,,,463791588,,,,,신촌동
신촌로7안길,주거지 도로,37.5594064,126.9312516,37.5593165,126.9313745,37.55936145,126.93131305,14.740689652432646,,,,239549732,,,,,신촌동
신촌로7안길,주거지 도로,37.5594064,126.9312516,37.560036,126.9305673,37.5597212,126.93090945,119.50770148544586,,,,239549732,,,,,신촌동
신촌로7안길,주거지 도로,37.5594064,126.9312516,37.5594523,126.9307792,37.55942935,126.9310154,51.009481699312616,,,,370675429,,,,,신촌동
신촌로7안길,주거지 도로,37.5603401,126.9306129,37.560036,126.9305673,37.560188049999994,126.9305901,34.05247882349683,,,,239549732,,,,,신촌동
신촌로7안길,주거지 도로,37.5603401,126.9306129,37.56044,126.9305485,37.560390049999995,126.9305807,12.474767410880512,,,,463789666,,,,,신촌동
신촌로7안길,주거지 도로,37.5603401,126.9306129,37.5604156,126.9309728,37.560377849999995,126.93079285,33.194209096150274,,,,463789666,,,,,신촌동
신촌로9길,주거지 도로,37.5585388,126.9328508,37.5584785,126.9329647,37.55850865,126.93290775,12.073119570105948,,,,463790189,,,,,신촌동
신촌로9길,주거지 도로,37.5585388,126.9328508,37.5588517,126.9322195,37.55869525,126.93253515,65.62927661780137,,,,463790189,,,,,신촌동
신촌로7길,주거지 도로,37.5585388,126.9328508,37.5589479,126.9330132,37.55874335,126.932932,68.86420300879847,,,,239549681,,,,,신촌동
신촌로7길,주거지 도로,37.5600323,126.9309551,37.559671,126.9316501,37.55985165,126.9313026,73.25981654546052,,,,239549681,,,,,신촌동
신촌로7길,주거지 도로,37.5592132,126.9325065,37.5593769,126.9326412,37.55929505,126.93257385,21.732768515534037,,,,239549680,,,,,신촌동
신촌로7길,주거지 도로,37.5592132,126.9325065,37.5588517,126.9322195,37.55903245,126.932363,47.49528322089852,,,,239549680,,,,,신촌동
신촌로7길,주거지 도로,37.5592132,126.9325065,37.559671,126.9316501,37.5594421,126.9320783,91.0488678926811,,,,239549681,,,,,신촌동
신촌로7길,주거지 도로,37.5592132,126.9325065,37.5589479,126.9330132,37.55908055,126.93275985,53.5270053374919,,,,239549681,,,,,신촌동
신촌로1안길,주거지 도로,37.5604431,126.9293813,37.5605978,126.9289408,37.56052045,126.92916105,42.46791048352108,,,,463789658,,,,,신촌동
신촌로1길,주거지 도로,37.5604431,126.9293813,37.5596814,126.9290875,37.56006225,126.9292344,96.21504478142704,,,,239549701,,,,,신촌동
"['신촌로1길', '신촌로1안길']",주거지 도로,37.5604431,126.9293813,37.5596814,126.9290875,37.56006225,126.9292344,145.13176092899286,,,,"[463789658, 463787710]",,,,,신촌동
신촌로7안길,주거지 도로,37.5604156,126.9309728,37.5601044,126.9316617,37.56026,126.93131725,69.89125107046806,,,,463789666,,,,,신촌동
신촌로7안길,주거지 도로,37.5604156,126.9309728,37.560568,126.930961,37.5604918,126.9309669,17.48688103952492,,,,370675396,,,,,신촌동
신촌로7안길,주거지 도로,37.5604156,126.9309728,37.5603401,126.9306129,37.560377849999995,126.93079285,33.19420909615027,,,,463789666,,,,,신촌동
동교로38길,주거지 도로,37.5619909,126.9249965,37.5619787,126.9253571,37.5619848,126.9251768,31.813557769891016,,,,463776155,,,,,연남동
동교로38안길,주거지 도로,37.5619909,126.9249965,37.5619787,126.9253571,37.5619848,126.9251768,138.2986016197352,,,,370543556,,,,,연남동
동교로38길,주거지 도로,37.5619909,126.9249965,37.5617923,126.9246799,37.5618916,126.9248382,35.58704100250493,,,,463776155,,,,,연남동
동교로,3차로,37.5610034,126.9242572,37.561239,126.9242764,37.5611212,126.9242668,26.25216917558934,,,,515585526,,,,,연남동
동교로34길,주거지 도로,37.5610034,126.9242572,37.5606756,126.9257506,37.5608395,126.9250039,139.71790719257993,,,,239549980,,,,,연남동
동교로,3차로,37.5610034,126.9242572,37.5608236,126.9242489,37.5609135,126.92425305,20.007937132987415,,,,515585526,,,,,연남동
동교로,3차로,37.5608236,126.9242489,37.5607081,126.92424,37.56076585,126.92424445,12.866969447706865,,,,515585526,,,,,서교동
동교로32길,주거지 도로,37.5608236,126.9242489,37.5604265,126.9256097,37.56062505,126.9249293,129.43421180760032,,,,239549984,,,,,연남동
동교로,3차로,37.5608236,126.9242489,37.5610034,126.9242572,37.5609135,126.92425305,20.007937132987415,,,,515585526,,,,,연남동
동교로38길,생활도로,37.561733,126.9254562,37.5616768,126.9252184,37.561704899999995,126.9253373,22.368335184116127,,,,370539836,,,,,연남동
동교로38길,주거지 도로,37.561733,126.9254562,37.5614844,126.9256319,37.561608699999994,126.92554405,31.69862884154569,,,,463776155,,,,,연남동
동교로38길,주거지 도로,37.561733,126.9254562,37.5619787,126.9253571,37.56185585,126.92540665,28.93110021796299,,,,463776155,,,,,연남동
동교로38길,주거지 도로,37.5619787,126.9253571,37.5619909,126.9249965,37.5619848,126.9251768,31.813557769891016,,,,463776155,,,,,연남동
동교로38안길,주거지 도로,37.5619787,126.9253571,37.5619909,126.9249965,37.5619848,126.9251768,138.2986016197352,,,,370543556,,,,,연남동
동교로38길,주거지 도로,37.5619787,126.9253571,37.561733,126.9254562,37.56185585,126.92540665,28.93110021796299,,,,463776155,,,,,연남동
연희로1길,주거지 도로,37.5604265,126.9256097,37.5606756,126.9257506,37.56055105,126.92568015,30.355664421822727,,,,239549982,,,,,서교동
연희로1길,주거지 도로,37.5604265,126.9256097,37.5600419,126.9253709,37.5602342,126.9254903,47.89139844869485,,,,239549982,,,,,서교동
동교로32길,주거지 도로,37.5604265,126.9256097,37.5608236,126.9242489,37.56062505,126.9249293,129.43421180760032,,,,239549984,,,,,연남동
노해로75길,주거지 도로,37.6549032,127.0571389,37.6545682,127.0572463,37.6547357,127.0571926,38.43153308480341,,,,362677926,,,,,상계6·7동
신내로7나길,주거지 도로,37.6014302,127.0951439,37.6018167,127.0949204,37.601623450000005,127.09503215,47.272566666679694,,,,397273997,,,,,상봉1동
신내로7나길,주거지 도로,37.6014302,127.0951439,37.6016149,127.0920327,37.60152255,127.0935883,293.18912904015457,,,,239707739,,,,,상봉1동
신내로7나길,주거지 도로,37.6014302,127.0951439,37.6013541,127.0967515,37.60139215,127.0959477,183.4113527214119,,,,"[397273997, 397273991]",,,,,신내2동
신내로7나길,주거지 도로,37.6014302,127.0951439,37.6021487,127.096124,37.60178945,127.09563395,139.21193480541217,,,,1055702538,,,,,신내2동
봉화산로56길,3차로,37.6018745,127.0965227,37.60192,127.0965374,37.60189725,127.09653005,5.222486036979347,,,,37401650,,,,,신내1동
신내로7길,주거지 도로,37.6018745,127.0965227,37.6023289,127.0963133,37.602101700000006,127.096418,53.78928408356119,,,,239707741,,,True,,신내1동
신내로7길,주거지 도로,37.6014907,127.0966714,37.6013541,127.0967515,37.6014224,127.09671145,16.74838728501962,,,,1034961577,,,,,신내1동
신내로7길,주거지 도로,37.6014907,127.0966714,37.6018745,127.0965227,37.6016826,127.09659705,44.97256314667263,,,,239707741,,,True,,신내1동
용마산로129길,주거지 도로,37.6070815,127.0979118,37.6071661,127.0984229,37.6071238,127.09816735,45.99520398974375,,,,239708301,,,,,신내1동
용마산로129길,주거지 도로,37.6070815,127.0979118,37.6069685,127.0970827,37.607025,127.09749725,74.1223045891847,,,,239708301,,,,,신내1동
봉화산로54길,주거지 도로,37.6070815,127.0979118,37.6059354,127.098112,37.60650845,127.0980119,129.53074167189635,,,,239708469,,,,,신내1동
봉화산로54길,주거지 도로,37.6070815,127.0979118,37.6076488,127.0980325,37.60736515,127.09797215,63.97076052702857,,,,239708469,,,,,신내1동
용마산로129길,주거지 도로,37.6069685,127.0970827,37.6070815,127.0979118,37.607025,127.09749725,74.1223045891847,,,,239708301,,,,,신내1동
봉화산로52길,주거지 도로,37.6069685,127.0970827,37.6056237,127.0963759,37.6062961,127.0967293,201.5306803039528,,,,239708471,,,,,신내1동
봉화산로52길,주거지 도로,37.6069685,127.0970827,37.6075382,127.0967729,37.60725335,127.0969278,68.98723945412205,,,,239708471,,,,,신내1동
신내로8길,주거지 도로,37.6023843,127.0981532,37.6025776,127.0974955,37.60248095,127.09782435,61.79890446785326,,,,239708977,,,,,신내1동
용마산로129나길,주거지 도로,37.6023843,127.0981532,37.6022497,127.0981785,37.602317,127.09816585,15.141686491756625,,,,1056410824,,,,,신내1동
용마산로129나길,주거지 도로,37.6023843,127.0981532,37.6031785,127.0986035,37.6027814,127.09837835,97.75708077671575,,,,1056410824,,,,,신내1동
용마산로125길,주거지 도로,37.6022497,127.0981785,37.6021747,127.0989142,37.6022122,127.09854635,66.00443492078081,,,,239708297,,,,,신내1동
용마산로129나길,주거지 도로,37.6022497,127.0981785,37.6018726,127.0981686,37.60206115,127.09817355,48.25117100248988,,,,1056410824,,,,,신내1동
용마산로129나길,주거지 도로,37.6022497,127.0981785,37.6023843,127.0981532,37.602317,127.09816585,15.141686491756625,,,,1056410824,,,,,신내1동
용마산로125다길,주거지 도로,37.6021747,127.0989142,37.6018726,127.0981686,37.60202365,127.0985414,73.77596698577466,,,,397273988,,,,,신내1동
용마산로125길,주거지 도로,37.6021747,127.0989142,37.6022497,127.0981785,37.6022122,127.09854635,66.0044349207808,,,,239708297,,,,,신내1동
용마산로125길,주거지 도로,37.6021747,127.0989142,37.6026893,127.1001896,37.602432,127.0995519,126.22094574052755,,,,239708297,,,,,신내1동
용마산로129길,주거지 도로,37.6075745,127.1009678,37.6074506,127.1001278,37.60751255,127.1005478,75.2670825893823,,,,239708301,,,,,신내1동
용마산로129길,주거지 도로,37.603167,127.1000108,37.6026893,127.1001896,37.60292815,127.1001002,57.4421729350059,,,,239708298,,,,,신내1동
용마산로129길,주거지 도로,37.6074506,127.1001278,37.6073643,127.0994412,37.60740745,127.0997845,61.23908491801804,,,,239708301,,,,,신내1동
용마산로129길,주거지 도로,37.6074506,127.1001278,37.6075745,127.1009678,37.60751255,127.1005478,75.2670825893823,,,,239708301,,,,,신내1동
용마산로129가길,주거지 도로,37.6074506,127.1001278,37.6063282,127.1000434,37.6068894,127.1000856,125.02969331420866,,,,239708302,,,,,신내1동
용마산로129가길,주거지 도로,37.6063282,127.1000434,37.6062916,127.0999884,37.6063099,127.1000159,6.327478652647458,,,,239708302,,,,,신내1동
용마산로129가길,주거지 도로,37.6063282,127.1000434,37.6074506,127.1001278,37.6068894,127.1000856,125.02969331420866,,,,239708302,,,,,신내1동
용마산로129가길,주거지 도로,37.6063282,127.1000434,37.605916,127.1008817,37.6061221,127.10046255,92.30257307724884,,,,1024341105,,,,,신내1동
신내로,3차로,37.6045925,127.0954884,37.6053491,127.0954155,37.6049708,127.09545195,84.37585135974419,,,,37401652,,,,,신내2동
신내로,3차로,37.6045925,127.0954884,37.6035907,127.0957264,37.6040916,127.0956074,113.5039238858426,,,,37401652,,,,,신내2동
신내로10길,주거지 도로,37.6045925,127.0954884,37.6045643,127.0963564,37.6045784,127.0959224,76.56165501867666,,,,239708292,,,,,신내1동
신내로14길,주거지 도로,37.605704,127.0997621,37.6057429,127.0992048,37.60572345,127.09948345,49.2838244744269,,,,239708295,,,,,신내1동
용마산로129가길,주거지 도로,37.605704,127.0997621,37.6053037,127.0996097,37.605503850000005,127.0996859,48.235901082727125,,,,239708302,,,,,신내1동
용마산로129가길,주거지 도로,37.605704,127.0997621,37.6062916,127.0999884,37.6059978,127.09987525,78.76044069628625,,,,239708302,,,,,신내1동
용마산로129가길,주거지 도로,37.605704,127.0997621,37.6056944,127.0999929,37.6056992,127.0998775,20.364948986777,,,,397273984,,,,,신내1동
용마산로125길,주거지 도로,37.6026893,127.1001896,37.6021747,127.0989142,37.602432,127.0995519,126.22094574052755,,,,239708297,,,,,신내1동
용마산로125길,주거지 도로,37.6026893,127.1001896,37.6029559,127.1006154,37.6028226,127.1004025,48.02197006656944,,,,239708297,,,,,신내1동
용마산로125길,주거지 도로,37.6026893,127.1001896,37.603167,127.1000108,37.60292815,127.1001002,57.4421729350059,,,,239708298,,,,,신내1동
봉화산로56길,3차로,37.605793,127.098018,37.6059354,127.098112,37.6058642,127.098065,17.873266759106325,,,,37401650,,,,,신내1동
봉화산로56길,3차로,37.605793,127.098018,37.6055618,127.097923,37.6056774,127.0979705,27.03613834084484,,,,37401650,,,,,신내1동
신내로14길,주거지 도로,37.605793,127.098018,37.6057429,127.0992048,37.60576795,127.0986114,104.69576508056444,,,,239708295,,,,,신내1동
신내로14길,주거지 도로,37.605793,127.098018,37.6057849,127.0977432,37.60578895,127.0978806,24.2497362970353,,,,239708295,,,,,신내1동
신내로14길,주거지 도로,37.6057429,127.0992048,37.605704,127.0997621,37.60572345,127.09948345,49.2838244744269,,,,239708295,,,,,신내1동
신내로14길,주거지 도로,37.6057429,127.0992048,37.605793,127.098018,37.60576795,127.0986114,104.69576508056444,,,,239708295,,,,,신내1동
용마산로129나길,주거지 도로,37.6057429,127.0992048,37.605006,127.0988326,37.60537445,127.0990187,91.7087717043527,,,,1056410823,,,,,신내1동
용마산로129나길,주거지 도로,37.6057429,127.0992048,37.6073643,127.0994412,37.6065536,127.099323,209.86354957495467,,,,1056410823,,,,,신내1동
신내로10길,주거지 도로,37.604551,127.0965388,37.6045643,127.0963564,37.60455765,127.0964476,16.136134946031813,,,,239708292,,,,,신내1동
신내로10길,주거지 도로,37.604551,127.0965388,37.6044985,127.0968744,37.60452475,127.0967066,30.166104835147816,,,,239708292,,,,,신내1동
봉화산로52길,주거지 도로,37.604551,127.0965388,37.6050249,127.0964821,37.60478795,127.09651045,52.93154981991592,,,,239708471,,,,,신내1동
봉화산로52길,주거지 도로,37.6075382,127.0967729,37.6069685,127.0970827,37.60725335,127.0969278,68.98723945412205,,,,239708471,,,,,신내1동
봉화산로54가길,주거지 도로,37.6077243,127.0981907,37.6076488,127.0980325,37.60768655,127.0981116,16.269165033590216,,,,397273983,,,,,신내1동
봉화산로54가길,주거지 도로,37.6077243,127.0981907,37.6071661,127.0984229,37.6074452,127.0983068,65.78150260608456,,,,239708470,,,,,신내1동
봉화산로54가길,주거지 도로,37.6077243,127.0981907,37.6076081,127.0992014,37.6076662,127.09869605,94.94317008629145,,,,397273983,,,,,신내1동
신내로14길,주거지 도로,37.6056237,127.0963759,37.6057532,127.0974755,37.60568845,127.0969257,97.93039929879832,,,,239708295,,,,,신내1동
신내로14길,주거지 도로,37.6056237,127.0963759,37.6055073,127.0954044,37.6055655,127.09589015,86.55470608326725,,,,239708295,,,,,신내1동
봉화산로52길,주거지 도로,37.6056237,127.0963759,37.6050783,127.0964712,37.605351,127.09642355,61.22411567876029,,,,239708471,,,,,신내1동
봉화산로52길,주거지 도로,37.6056237,127.0963759,37.6069685,127.0970827,37.6062961,127.0967293,201.5306803039529,,,,239708471,,,,,신내1동
봉화산로52길,주거지 도로,37.6050249,127.0964821,37.6050783,127.0964712,37.6050516,127.09647665,6.014954784261125,,,,239708471,,,,,신내1동
봉화산로52길,주거지 도로,37.6050249,127.0964821,37.604551,127.0965388,37.60478795,127.09651045,52.93154981991592,,,,239708471,,,,,신내1동
신내로12길,주거지 도로,37.6050249,127.0964821,37.6047625,127.09718,37.6048937,127.09683105,71.06765403554977,,,,239708472,,,,,신내1동
신내로12길,주거지 도로,37.6050249,127.0964821,37.6052503,127.095774,37.6051376,127.09612805,74.64754649421548,,,,239708472,,,,,신내1동
신내로12길,주거지 도로,37.6052503,127.095774,37.6050249,127.0964821,37.6051376,127.09612805,74.64754649421549,,,,239708472,,,,,신내1동
봉화산로56길,3차로,37.6076793,127.0997053,37.6073643,127.0994412,37.6075218,127.09957325,42.04866323098248,,,,37401650,,,,,신내1동
봉화산로56길,3차로,37.6076793,127.0997053,37.6082943,127.1002623,37.6079868,127.0999838,84.17519565304147,,,,"[1112491056, 37401650]",,,,,신내1동
봉화산로54가길,주거지 도로,37.6076793,127.0997053,37.6076081,127.0992014,37.6076437,127.09945335,45.14072069306554,,,,397273983,,,,,신내1동
용마산로129길,주거지 도로,37.6071661,127.0984229,37.6070815,127.0979118,37.6071238,127.09816735,45.99520398974375,,,,239708301,,,,,신내1동
용마산로129길,주거지 도로,37.6071661,127.0984229,37.6073643,127.0994412,37.6072652,127.09893205,92.45124930668118,,,,239708301,,,,,신내1동
용마산로129길,주거지 도로,37.6071661,127.0984229,37.6077243,127.0981907,37.6074452,127.0983068,65.78150260608456,,,,239708470,,,,,신내1동
봉화산로54가길,주거지 도로,37.6076488,127.0980325,37.6077243,127.0981907,37.60768655,127.0981116,16.269165033590216,,,,397273983,,,,,신내1동
봉화산로54길,주거지 도로,37.6076488,127.0980325,37.6070815,127.0979118,37.60736515,127.09797215,63.97076052702857,,,,239708469,,,,,신내1동
봉화산로54길,주거지 도로,37.6076488,127.0980325,37.6078594,127.0978686,37.6077541,127.09795055,27.754518605170137,,,,239708469,,,,,신내1동
봉화산로56길,3차로,37.6059354,127.098112,37.6066878,127.0988202,37.6063116,127.0984661,104.36267404071668,,,,37401650,,,,,신내1동
봉화산로56길,3차로,37.6059354,127.098112,37.605793,127.098018,37.6058642,127.098065,17.873266759106325,,,,37401650,,,,,신내1동
봉화산로54길,주거지 도로,37.6059354,127.098112,37.6070815,127.0979118,37.60650845,127.0980119,129.53074167189635,,,,239708469,,,,,신내1동
신내로8길,주거지 도로,37.6031951,127.0964768,37.6027211,127.097014,37.602958099999995,127.0967454,73.0346475762022,,,,239708977,,,,,신내1동
신내로,3차로,37.6032925,127.0958262,37.6035907,127.0957264,37.6034416,127.0957763,34.30901342049976,,,,37401652,,,,,신내2동
"['신내지하차도', '신내로']",3차로,37.6032925,127.0958262,37.5998089,127.0971048,37.6015507,127.0964655,403.4526928371809,yes,,,"[1112332266, 37401652, 239298581]",,,,,신내1동
신내로7길,주거지 도로,37.6032925,127.0958262,37.6024987,127.0959942,37.6028956,127.0959102,90.86093340188692,,,,239707741,,,True,,신내2동
상봉로25길,주거지 도로,37.5952735,127.0930461,37.5950635,127.0921103,37.5951685,127.0925782,85.69140173818595,,,,238157431,,,,,상봉2동
망우로58길,주거지 도로,37.5958644,127.0940825,37.595503,127.0941193,37.5956837,127.0941009,40.31648317910132,,,,238156069,,,,,망우본동
상봉로28길,주거지 도로,37.5958644,127.0940825,37.5954914,127.0931594,37.5956779,127.09362095,91.29396414243892,,,,239710142,,,,,망우본동
망우로58길,주거지 도로,37.5958644,127.0940825,37.5963287,127.0940199,37.59609655,127.0940512,51.92806760729773,,,,238156069,,,,,망우본동
상봉로28길,주거지 도로,37.5958644,127.0940825,37.5960274,127.0950443,37.5959459,127.0945634,86.6546605163818,,,,239710142,,,,,망우본동
봉우재로57길,주거지 도로,37.5960274,127.0950443,37.5957106,127.0951055,37.59586899999999,127.0950749,35.63687063725538,,,,238156179,,,,,망우본동
봉우재로57길,주거지 도로,37.5960274,127.0950443,37.5964405,127.0949434,37.59623395,127.09499385,46.78697285891262,,,,238156179,,,,,망우본동
상봉로28길,주거지 도로,37.5960274,127.0950443,37.5961022,127.0954845,37.59606479999999,127.0952644,39.664949562812104,,,,239710142,,,,,망우본동
상봉로28길,주거지 도로,37.5960274,127.0950443,37.5958644,127.0940825,37.5959459,127.0945634,86.6546605163818,,,,239710142,,,,,망우본동
상봉로28길,주거지 도로,37.59622,127.0961721,37.5959856,127.0964265,37.5961028,127.0962993,34.37590915007495,,,,238156068,,,,,망우본동
상봉로28길,주거지 도로,37.59622,127.0961721,37.5965702,127.0958209,37.5963951,127.0959965,49.73687696316857,,,,238156068,,,,,망우본동
상봉로28길,주거지 도로,37.59622,127.0961721,37.5961022,127.0954845,37.5961611,127.0958283,61.97975730177457,,,,239710142,,,,,망우본동
상봉로28길,주거지 도로,37.59622,127.0961721,37.5968511,127.0967231,37.59653555,127.0964476,86.82581457571249,,,,239710142,,,,,망우본동
봉우재로57길,주거지 도로,37.5964405,127.0949434,37.5960274,127.0950443,37.59623395,127.09499385,46.78697285891262,,,,238156179,,,,,망우본동
봉우재로57길,주거지 도로,37.5964405,127.0949434,37.597208,127.094781,37.59682425,127.0948622,86.53335239675701,,,,238156179,,,,,망우본동
봉우재로57길,주거지 도로,37.5964405,127.0949434,37.5965124,127.0953901,37.59647645,127.09516675,40.15941819632958,,,,782014286,,,,,망우본동
봉우재로57길,주거지 도로,37.5964405,127.0949434,37.5963287,127.0940199,37.5963846,127.09448165,82.30735953039631,,,,1044497857,,,,,망우본동
봉우재로57길,주거지 도로,37.597208,127.094781,37.5974633,127.0947008,37.597335650000005,127.0947409,29.254223651958497,,,,238156179,,,,,망우본동
봉우재로57길,주거지 도로,37.597208,127.094781,37.5964405,127.0949434,37.59682425,127.0948622,86.53335239675701,,,,238156179,,,,,망우본동
봉우재로57길,주거지 도로,37.597208,127.094781,37.5965124,127.0953901,37.5968602,127.09508555,107.50881375025185,,,,1073403174,,,,,망우본동
봉우재로57길,주거지 도로,37.59509,127.0950746,37.5945467,127.0952513,37.59481835,127.09516295,62.38598585322984,,,,238156179,,,,,망우본동
봉우재로57길,주거지 도로,37.59509,127.0950746,37.595175,127.0950448,37.5951325,127.0950597,9.809471195946216,,,,238156179,,,,,망우본동
봉우재로57길,주거지 도로,37.59509,127.0950746,37.5949028,127.0941773,37.5949964,127.09462595,81.75078840678046,,,,239710231,,,,,망우본동
상봉로28길,주거지 도로,37.5961022,127.0954845,37.5960274,127.0950443,37.59606479999999,127.0952644,39.664949562812104,,,,239710142,,,,,망우본동
봉우재로57길,주거지 도로,37.5961022,127.0954845,37.5965124,127.0953901,37.5963073,127.0954373,46.3642778919208,,,,1073403272,,,,,망우본동
상봉로28길,주거지 도로,37.5961022,127.0954845,37.59622,127.0961721,37.5961611,127.0958283,61.97975730177457,,,,239710142,,,,,망우본동
상봉로26길,주거지 도로,37.5959629,127.0963175,37.5959856,127.0964265,37.59597425,127.096372,9.92946110755717,,,,238155597,,,,,망우본동
상봉로26길,주거지 도로,37.5959629,127.0963175,37.5957106,127.0951055,37.59583675,127.0957115,110.40547715131252,,,,238155597,,,,,망우본동
봉우재로57가길,주거지 도로,37.5959629,127.0963175,37.595175,127.0950448,37.59556895,127.09568115,144.32638316137007,,,,239710229,,,,,망우본동
봉우재로55길,주거지 도로,37.5949028,127.0941773,37.5943162,127.094199,37.5946095,127.09418815,65.25504982231392,,,,238156070,,,,,망우본동
봉우재로55길,주거지 도로,37.5949028,127.0941773,37.595503,127.0941193,37.5952029,127.0941483,66.9346352043857,,,,238156070,,,,,망우본동
봉우재로57길,주거지 도로,37.5949028,127.0941773,37.59509,127.0950746,37.5949964,127.09462595,81.75078840678046,,,,239710231,,,,,망우본동
봉우재로57길,주거지 도로,37.5965124,127.0953901,37.5961022,127.0954845,37.5963073,127.0954373,46.3642778919208,,,,1073403272,,,,,망우본동
상봉로28길,주거지 도로,37.5965124,127.0953901,37.5965702,127.0958209,37.5965413,127.0956055,38.49501000444898,,,,238156068,,,,,망우본동
봉우재로57길,주거지 도로,37.5965124,127.0953901,37.5964405,127.0949434,37.59647645,127.09516675,40.15941819632958,,,,782014286,,,,,망우본동
봉우재로57길,주거지 도로,37.5965124,127.0953901,37.597208,127.094781,37.5968602,127.09508555,107.50881375025182,,,,1073403174,,,,,망우본동
봉우재로57길,주거지 도로,37.595175,127.0950448,37.59509,127.0950746,37.5951325,127.0950597,9.809471195946216,,,,238156179,,,,,망우본동
봉우재로57길,주거지 도로,37.595175,127.0950448,37.5957106,127.0951055,37.5954428,127.09507515,60.54818358453559,,,,238156179,,,,,망우본동
봉우재로57가길,주거지 도로,37.595175,127.0950448,37.5959629,127.0963175,37.59556895,127.09568115,144.32638316137007,,,,239710229,,,,,망우본동
봉우재로57가길,주거지 도로,37.5980047,127.0960738,37.5978399,127.0961813,37.59792229999999,127.09612755,20.627682369573307,,,,1046544842,,,,,망우본동
용마산로115나길,주거지 도로,37.5980047,127.0960738,37.5979521,127.0964747,37.5979784,127.09627425,46.18101430242104,,,,239710235,,,,,망우본동
용마산로115길,주거지 도로,37.5980047,127.0960738,37.5982261,127.0959898,37.5981154,127.0960318,25.706850392928136,,,,782014284,,,,,망우본동
용마산로115길,주거지 도로,37.5982261,127.0959898,37.5985619,127.097548,37.598394,127.0967689,142.26586784109685,,,,238154918,,,,,망우본동
용마산로115길,주거지 도로,37.5982261,127.0959898,37.598057,127.0951731,37.598141549999994,127.09558145,74.3786714318083,,,,238154918,,,,,망우본동
용마산로115길,주거지 도로,37.5982261,127.0959898,37.5980047,127.0960738,37.5981154,127.0960318,25.706850392928136,,,,782014284,,,,,망우본동
봉우재로,3차로,37.595306,127.0987097,37.595398,127.0991376,37.595352000000005,127.09892365,39.06310693404378,,,,908654487,,,,,망우3동
봉우재로,3차로,37.595306,127.0987097,37.5950411,127.097508,37.59517355,127.09810885,109.89615999391876,,,,908654487,,,,,망우3동
봉우재로69길,주거지 도로,37.595306,127.0987097,37.5959397,127.0984936,37.59562285,127.09860165,72.99119245611064,,,,239710236,,,,,망우본동
봉우재로65가길,주거지 도로,37.5959397,127.0984936,37.5958567,127.0981262,37.5958982,127.0983099,33.65926967408025,,,,239710237,,,,,망우본동
봉우재로69길,주거지 도로,37.5959397,127.0984936,37.595306,127.0987097,37.59562285,127.09860165,72.99119245611064,,,,239710236,,,,,망우본동
봉우재로69길,주거지 도로,37.5959397,127.0984936,37.5961931,127.0986185,37.5960664,127.09855605,30.249371604898037,,,,1135048105,,,,,망우본동
상봉로26길,주거지 도로,37.595673,127.0973137,37.5950411,127.097508,37.59535705,127.09741085,72.31944541972905,,,,238155597,,,,,망우본동
상봉로26길,주거지 도로,37.595673,127.0973137,37.5959302,127.0971878,37.5958016,127.09725075,30.70488824276627,,,,238155597,,,,,망우본동
봉우재로65가길,주거지 도로,37.595673,127.0973137,37.5958567,127.0981262,37.595764849999995,127.09771995,74.4416039531818,,,,239710237,,,,,망우본동
망우로70길,주거지 도로,37.5937753,127.1052806,37.5962173,127.1034059,37.5949963,127.10434325,386.3366025006858,,,,239710760,,,,,망우3동
망우로70길,주거지 도로,37.5968761,127.1030845,37.5968146,127.1032352,37.59684535,127.10315985,14.934684955460511,,,,1024328330,,,,,망우본동
망우로70길,주거지 도로,37.5968761,127.1030845,37.5970983,127.1029705,37.5969872,127.1030275,26.670922306464657,,,,239710760,,,,,망우본동
망우로70길,주거지 도로,37.5968761,127.1030845,37.5962173,127.1034059,37.596546700000005,127.1032452,78.84508158239146,,,,239710760,,,,,망우본동
용마산로116길,주거지 도로,37.5994359,127.1017942,37.5994908,127.1022349,37.59946335,127.10201455,39.30237431339359,,,,238154916,,,,,망우본동
용마산로116길,주거지 도로,37.5994359,127.1017942,37.599408,127.1016084,37.59942195,127.1017013,16.660263315448724,,,,238154916,,,,,망우본동
망우로70길,주거지 도로,37.5994359,127.1017942,37.5989984,127.102006,37.59921715,127.1019001,52.103649650409366,,,,239710760,,,,,망우본동
용마산로116길,주거지 도로,37.5994359,127.1017942,37.5995844,127.1017407,37.59951015,127.10176745,17.17198226890408,,,,1024328342,,,,,망우본동
용마산로116길,주거지 도로,37.5952642,127.1024958,37.5955383,127.1023778,37.59540125,127.1024368,32.77979483639264,,,,239710757,,,,,망우본동
용마산로116길,주거지 도로,37.5952642,127.1024958,37.5949684,127.1020042,37.5951163,127.10225,57.9871365899896,,,,548167595,,,,,망우본동
용마산로116길,주거지 도로,37.5952642,127.1024958,37.5948223,127.1030324,37.59504325,127.1027641,74.59721041395417,,,,548167595,,,,,망우본동
봉우재로,3차로,37.5954786,127.1000728,37.5955753,127.0999337,37.59552695,127.10000325,16.30365703291506,,,,1068776893,,,,,망우3동
용마공원로,3차로,37.5954786,127.1000728,37.5949166,127.1006408,37.5951976,127.1003568,80.05960300542108,,,,37402068,,,,,망우본동
용마공원로,주거지 도로,37.5955383,127.1023778,37.5952642,127.1024958,37.59540125,127.1024368,32.77979483639264,,,,239710757,,,,,망우본동
용마산로112나길,주거지 도로,37.5955383,127.1023778,37.595651,127.1021524,37.595594649999995,127.1022651,23.482081826510356,,,,239711158,,,,,망우본동
용마산로112나길,주거지 도로,37.5955383,127.1023778,37.5962173,127.1034059,37.5958778,127.10289185,128.0440506358859,,,,"[782014282, 761517524]",,,,,망우본동
망우로70길,주거지 도로,37.5962173,127.1034059,37.5968761,127.1030845,37.596546700000005,127.1032452,78.84508158239146,,,,239710760,,,,,망우본동
망우로70길,주거지 도로,37.5962173,127.1034059,37.5937753,127.1052806,37.5949963,127.10434325,386.3366025006858,,,,239710760,,,,,망우3동
용마산로112나길,주거지 도로,37.5962173,127.1034059,37.5955383,127.1023778,37.5958778,127.10289185,128.0440506358859,,,,"[782014282, 761517524]",,,,,망우본동
망우로70길,주거지 도로,37.5970983,127.1029705,37.597389,127.1027543,37.59724365,127.1028624,37.51906726540062,,,,239710760,,,,,망우본동
망우로70길,주거지 도로,37.5970983,127.1029705,37.5968761,127.1030845,37.5969872,127.1030275,26.670922306464657,,,,239710760,,,,,망우본동
망우로72길,주거지 도로,37.5970983,127.1029705,37.5978505,127.1028494,37.5974744,127.10290995,84.42242342989712,,,,239711213,,,,,망우본동
망우로70길,주거지 도로,37.597389,127.1027543,37.5980753,127.1024511,37.59773215,127.1026027,80.85327251048554,,,,239710760,,,,,망우본동
망우로70길,주거지 도로,37.597389,127.1027543,37.5970983,127.1029705,37.59724365,127.1028624,37.51906726540062,,,,239710760,,,,,망우본동
용마산로112가길,주거지 도로,37.597389,127.1027543,37.5979504,127.1018903,37.5976697,127.1023223,102.1180160068973,,,,239711157,,,,,망우본동
용마공원로5길,주거지 도로,37.5932197,127.1033808,37.5948223,127.1030324,37.594021,127.1032066,258.67599324311794,,,,"[442604875, 239710791]",,,,,망우3동
용마산로112길,주거지 도로,37.5984687,127.1012375,37.5984912,127.1011021,37.59847995,127.1011698,12.188352882633522,,,,239711156,,,,,망우본동
용마산로112길,주거지 도로,37.5984687,127.1012375,37.5985445,127.1018743,37.5985066,127.1015559,56.7319923281439,,,,239711156,,,,,망우본동
용마산로112가길,주거지 도로,37.5984687,127.1012375,37.5980542,127.1017361,37.598261449999995,127.1014868,63.67029874800383,,,,239711157,,,,,망우본동
망우로68길,주거지 도로,37.5989018,127.1011354,37.5993359,127.1011552,37.59911885,127.1011453,48.301294705393545,,,,239711151,,,,,망우본동
용마산로114길,주거지 도로,37.5989018,127.1011354,37.5989321,127.1015169,37.59891695,127.10132615,33.778597588441876,,,,239711154,,,,,망우본동
망우로68길,주거지 도로,37.5989018,127.1011354,37.5984912,127.1011021,37.5986965,127.10111875,45.75169292870872,,,,239711151,,,,,망우본동
용마산로112길,주거지 도로,37.5984912,127.1011021,37.5984687,127.1012375,37.59847995,127.1011698,12.188352882633522,,,,239711156,,,,,망우본동
망우로68길,주거지 도로,37.5984912,127.1011021,37.5979268,127.1010766,37.598209,127.10108935,62.80262460285293,,,,239711151,,,,,망우본동
망우로68길,주거지 도로,37.5984912,127.1011021,37.5989018,127.1011354,37.5986965,127.10111875,45.75169292870872,,,,239711151,,,,,망우본동
용마산로112나길,주거지 도로,37.595651,127.1021524,37.5955383,127.1023778,37.595594649999995,127.1022651,23.482081826510356,,,,239711158,,,,,망우본동
용마산로112나길,주거지 도로,37.595651,127.1021524,37.5965053,127.1012889,37.59607815,127.10172065,126.5111886461555,,,,239711158,,,,,망우본동
용마공원로3길,주거지 도로,37.595651,127.1021524,37.5955357,127.1017062,37.59559335,127.1019293,42.86410708215341,,,,576302921,,,,,망우본동
용마공원로3길,주거지 도로,37.5959783,127.1013318,37.5961364,127.1012263,37.596057349999995,127.10127905,19.88591658195497,,,,239711152,,,,,망우본동
용마공원로3길,주거지 도로,37.5959783,127.1013318,37.5955357,127.1017062,37.595757,127.101519,65.11537409148703,,,,239711152,,,,,망우본동
용마공원로3길,주거지 도로,37.5959783,127.1013318,37.5955617,127.1012834,37.59577,127.1013076,46.519724128380034,,,,576302924,,,,,망우본동
망우로70길,주거지 도로,37.5986024,127.1021799,37.5989984,127.102006,37.5988004,127.10209295,46.62240420297774,,,,239710760,,,,,망우본동
망우로70길,주거지 도로,37.5986024,127.1021799,37.5980753,127.1024511,37.59833885,127.1023155,63.29385308953232,,,,239710760,,,,,망우본동
용마산로112길,주거지 도로,37.5986024,127.1021799,37.5985445,127.1018743,37.59857345,127.1020271,27.682563010980072,,,,239711156,,,,,망우본동
용마산로112길,주거지 도로,37.5986024,127.1021799,37.5986562,127.1026955,37.5986293,127.1024377,45.8261617658898,,,,239711156,,,,,망우본동
망우로70길,주거지 도로,37.5989984,127.102006,37.5994359,127.1017942,37.59921715,127.1019001,52.103649650409366,,,,239710760,,,,,망우본동
망우로70길,주거지 도로,37.5989984,127.102006,37.5986024,127.1021799,37.5988004,127.10209295,46.62240420297774,,,,239710760,,,,,망우본동
용마산로114길,주거지 도로,37.5989984,127.102006,37.5990484,127.1023253,37.5990234,127.10216565,28.674448391027344,,,,239711154,,,,,망우본동
용마산로114길,주거지 도로,37.5989984,127.102006,37.5989567,127.10176,37.59897755,127.101883,22.163055255442835,,,,239711154,,,,,망우본동
용마공원로3길,주거지 도로,37.5955357,127.1017062,37.5954346,127.1016435,37.59548515,127.10167485,12.525754871406193,,,,239711152,,,,,망우본동
용마공원로3길,주거지 도로,37.5955357,127.1017062,37.5959783,127.1013318,37.595757,127.101519,65.11537409148703,,,,239711152,,,,,망우본동
용마공원로3길,주거지 도로,37.5955357,127.1017062,37.595651,127.1021524,37.59559335,127.1019293,42.8641070821534,,,,576302921,,,,,망우본동
용마공원로3길,주거지 도로,37.5955617,127.1012834,37.5954346,127.1016435,37.59549815,127.10146345,34.73175330705867,,,,576302931,,,,,망우본동
용마공원로3길,주거지 도로,37.5955617,127.1012834,37.5955618,127.1009372,37.59556175,127.1011103,30.50159588182104,,,,576302931,,,,,망우본동
용마공원로3길,주거지 도로,37.5955617,127.1012834,37.5959783,127.1013318,37.59577,127.1013076,46.519724128380034,,,,576302924,,,,,망우본동
용마공원로3길,주거지 도로,37.5965053,127.1012889,37.5963884,127.1010582,37.59644685,127.10117355,24.126457205795393,,,,576302925,,,,,망우본동
용마산로112나길,주거지 도로,37.5965053,127.1012889,37.595651,127.1021524,37.59607815,127.10172065,126.5111886461555,,,,239711158,,,,,망우본동
용마산로112나길,주거지 도로,37.5965053,127.1012889,37.5979504,127.1018903,37.59722785,127.1015896,178.88779575390922,,,,"[868085180, 239711158]",,,,,망우본동
망우로74길,주거지 도로,37.5992441,127.1039623,37.5988174,127.1040523,37.59903075,127.1040073,48.10489943740687,,,,239711150,,,,,망우본동
망우로74길,주거지 도로,37.5992441,127.1039623,37.5996927,127.1039017,37.5994684,127.103932,50.16768251043798,,,,239711150,,,,,망우본동
용마산로114길,주거지 도로,37.5992441,127.1039623,37.5992947,127.1043704,37.5992694,127.10416635,36.39103221906842,,,,239711154,,,,,망우본동
용마산로114길,주거지 도로,37.5992441,127.1039623,37.5991989,127.1036369,37.5992215,127.1037996,29.10486841704274,,,,239711154,,,,,망우본동
용마공원로3길,주거지 도로,37.5963884,127.1010582,37.5963931,127.1009722,37.59639075,127.1010152,7.594859340256314,,,,239711152,,,,,망우본동
용마공원로3길,주거지 도로,37.5963884,127.1010582,37.5965053,127.1012889,37.59644685,127.10117355,24.126457205795393,,,,576302925,,,,,망우본동
용마공원로3길,주거지 도로,37.5963884,127.1010582,37.5961364,127.1012263,37.5962624,127.10114225,31.694253798179567,,,,239711152,,,,,망우본동
망우로74길,주거지 도로,37.5988174,127.1040523,37.5983946,127.1041265,37.598606,127.1040894,47.465583440508446,,,,239711150,,,,,망우본동
망우로74길,주거지 도로,37.5988174,127.1040523,37.5987333,127.103969,37.59877535,127.10401065,11.887297099905592,,,,1024328312,,,,,망우본동
망우로74길,주거지 도로,37.5988174,127.1040523,37.5992441,127.1039623,37.59903075,127.1040073,48.10489943740687,,,,239711150,,,,,망우본동
용마산로112길,주거지 도로,37.5988174,127.1040523,37.5988692,127.1045181,37.5988433,127.1042852,41.43927372847527,,,,239711156,,,,,망우본동
용마산로112길,주거지 도로,37.5988174,127.1040523,37.5987735,127.1037183,37.59879545,127.1038853,29.82759970653743,,,,239711156,,,,,망우본동
망우로74길,주거지 도로,37.5980071,127.1041946,37.5983946,127.1041265,37.59820085,127.10416055,43.503792195500786,,,,239711150,,,,,망우본동
망우로72가길,주거지 도로,37.5980071,127.1041946,37.5978505,127.1028494,37.5979288,127.103522,119.78611091737862,,,,1030078770,,,,,망우본동
망우로72가길,주거지 도로,37.5980071,127.1041946,37.5979605,127.1045195,37.597983799999994,127.10435705,31.926636969538325,,,,1030078771,,,,,망우본동
망우로68길,주거지 도로,37.5963931,127.1009722,37.5962587,127.1009683,37.5963259,127.10097025,14.948568724135724,,,,239711151,,,,,망우본동
용마공원로3길,주거지 도로,37.5963931,127.1009722,37.5963884,127.1010582,37.59639075,127.1010152,7.594859340256314,,,,239711152,,,,,망우본동
망우로68길,주거지 도로,37.5963931,127.1009722,37.5973846,127.10104,37.59688885,127.1010061,110.52821176443864,,,,239711151,,,,,망우본동
용마산로114길,주거지 도로,37.5994295,127.1054924,37.5994075,127.1052547,37.5994185,127.10537355,21.08362790849601,,,,239711154,,,,,망우본동
망우로76길,주거지 도로,37.5994295,127.1054924,37.5998419,127.1052401,37.5996357,127.10536625,51.042509116386825,,,,238154917,,,,,망우본동
망우로76길,주거지 도로,37.5994295,127.1054924,37.5989895,127.1055734,37.5992095,127.1055329,49.49569627287697,,,,238154917,,,,,망우본동
용마산로116길,주거지 도로,37.5996927,127.1039017,37.5997369,127.1042909,37.5997148,127.1040963,34.642740868431645,,,,238154916,,,,,망우본동
용마산로116길,주거지 도로,37.5996927,127.1039017,37.5996499,127.1035738,37.5996713,127.10373775,29.278686154209055,,,,238154916,,,,,망우본동
망우로74길,주거지 도로,37.5996927,127.1039017,37.5992441,127.1039623,37.5994684,127.103932,50.16768251043798,,,,239711150,,,,,망우본동
망우로74길,주거지 도로,37.5996927,127.1039017,37.6003333,127.103766,37.600013,127.10383385,72.23147405316413,,,,239711150,,,,,망우본동
용마공원로,3차로,37.5949166,127.1006408,37.5954786,127.1000728,37.5951976,127.1003568,80.05960300542108,,,,37402068,,,,,망우본동
용마공원로,3차로,37.5949166,127.1006408,37.5944674,127.1010791,37.594691999999995,127.10085995,63.135678513697094,,,,37402068,,,,,망우3동
망우로68길,주거지 도로,37.5949166,127.1006408,37.5955618,127.1009372,37.595239199999995,127.100789,76.70137673833798,,,,239711151,,,,,망우본동
용마공원로2길,주거지 도로,37.5949166,127.1006408,37.5937952,127.100006,37.5943559,127.1003234,136.66280638142052,,,,239712486,,,True,,망우3동
용마산로114길,주거지 도로,37.5990802,127.1026233,37.5991169,127.1029525,37.59909855,127.1027879,29.288144230951545,,,,239711154,,,,,망우본동
용마산로114길,주거지 도로,37.5990802,127.1026233,37.5990484,127.1023253,37.5990643,127.1024743,26.49080101856739,,,,239711154,,,,,망우본동
망우로72길,주거지 도로,37.5990802,127.1026233,37.5986562,127.1026955,37.5988682,127.1026594,47.57386743240391,,,,239711213,,,,,망우본동
망우로72길,주거지 도로,37.5990802,127.1026233,37.5995215,127.1025541,37.599300850000006,127.1025887,49.45048757614888,,,,239711213,,,,,망우본동
용마산로112길,주거지 도로,37.5986562,127.1026955,37.5986853,127.1030337,37.59867075,127.1028646,29.97070391986287,,,,239711156,,,,,망우본동
망우로72길,주거지 도로,37.5986562,127.1026955,37.5985182,127.1027131,37.5985872,127.1027043,15.42306308360877,,,,239711213,,,,,망우본동
망우로72길,주거지 도로,37.5986562,127.1026955,37.5990802,127.1026233,37.5988682,127.1026594,47.57386743240391,,,,239711213,,,,,망우본동
용마산로112길,주거지 도로,37.5986562,127.1026955,37.5986024,127.1021799,37.5986293,127.1024377,45.8261617658898,,,,239711156,,,,,망우본동
용마산로112길,주거지 도로,37.5977762,127.1052959,37.5978733,127.1050071,37.59782475,127.1051515,27.6397461802254,,,,782014276,,,,,망우본동
망우로76길,주거지 도로,37.5977762,127.1052959,37.5980497,127.1057821,37.597912949999994,127.105539,56.098008390040235,,,,"[782014276, 239711437]",,,,,망우본동
망우로76길,주거지 도로,37.5977762,127.1052959,37.5979337,127.104527,37.59785495,127.10491145,116.48212421949744,,,,1024328325,,,,,망우본동
망우로74길,주거지 도로,37.5983946,127.1041265,37.5980071,127.1041946,37.59820085,127.10416055,43.503792195500786,,,,239711150,,,,,망우본동
망우로74길,주거지 도로,37.5983946,127.1041265,37.5988174,127.1040523,37.598606,127.1040894,47.465583440508446,,,,239711150,,,,,망우본동
망우로74가길,주거지 도로,37.5983946,127.1041265,37.5984309,127.1044385,37.598412749999994,127.1042825,27.782165244467876,,,,239711432,,,,,망우본동
망우로74가길,주거지 도로,37.5979865,127.1046958,37.5984532,127.1046145,37.59821985,127.10465515,52.38671024704667,,,,239711433,,,,,망우본동
망우로74가길,주거지 도로,37.5979865,127.1046958,37.5978733,127.1050071,37.5979299,127.10485145,30.17646904224031,,,,782014276,,,,,망우본동
망우로74가길,주거지 도로,37.5979865,127.1046958,37.5979337,127.104527,37.597960099999995,127.1046114,15.98844756486206,,,,1024328323,,,,,망우본동
용마산로118길,주거지 도로,37.6009298,127.1092413,37.6009442,127.108789,37.600937,127.10901515,39.87870498200871,,,,239294341,,,,,망우본동
망우로74가길,주거지 도로,37.5985894,127.1057932,37.5985608,127.1055305,37.598575100000005,127.10566185,23.361445353628746,,,,239711432,,,,,망우본동
망우로76길,주거지 도로,37.5985894,127.1057932,37.5989895,127.1055734,37.59878945,127.1056833,48.52077128125998,,,,238154917,,,,,망우본동
망우로76길,주거지 도로,37.5985894,127.1057932,37.5980497,127.1057821,37.59831955,127.10578765,70.90497457654834,,,,"[239711437, 238154917]",,,,,망우본동
망우로78길,주거지 도로,37.5994996,127.1058314,37.5996589,127.1058622,37.599579250000005,127.1058468,17.920004489472184,,,,239711435,,,,,망우본동
망우로74가길,주거지 도로,37.5984532,127.1046145,37.5984309,127.1044385,37.59844205,127.1045265,15.702717688143249,,,,239711432,,,,,망우본동
망우로74가길,주거지 도로,37.5984532,127.1046145,37.5979865,127.1046958,37.59821985,127.10465515,52.38671024704667,,,,239711433,,,,,망우본동
망우로74가길,주거지 도로,37.5984532,127.1046145,37.5984902,127.1049322,37.598471700000005,127.10477335,28.29051548267755,,,,239711432,,,,,망우본동
망우로74가길,주거지 도로,37.5984309,127.1044385,37.5984532,127.1046145,37.59844205,127.1045265,15.702717688143249,,,,239711432,,,,,망우본동
망우로74가길,주거지 도로,37.5984309,127.1044385,37.5983946,127.1041265,37.598412749999994,127.1042825,27.782165244467876,,,,239711432,,,,,망우본동
망우로74가길,주거지 도로,37.5984309,127.1044385,37.5979605,127.1045195,37.5981957,127.104479,52.79071937244034,,,,239711434,,,,,망우본동
망우로74가길,주거지 도로,37.5979337,127.104527,37.5979605,127.1045195,37.5979471,127.10452325,3.052404008676585,,,,239711434,,,,,망우본동
망우로74가길,주거지 도로,37.5979337,127.104527,37.5979865,127.1046958,37.597960099999995,127.1046114,15.98844756486206,,,,1024328323,,,,,망우본동
망우로74가길,주거지 도로,37.5979337,127.104527,37.5977762,127.1052959,37.59785495,127.10491145,116.48212421949742,,,,1024328325,,,,,망우본동
양원역로6가길,주거지 도로,37.6020306,127.110124,37.6016177,127.1101644,37.60182415,127.1101442,46.05019293705548,,,,239711439,,,,,망우본동
망우로87길,주거지 도로,37.6020306,127.110124,37.6022235,127.1109816,37.60212705,127.1105528,78.77620143673664,,,,239711438,,,,,망우본동
양원역로6가길,주거지 도로,37.6020306,127.110124,37.6025584,127.1099008,37.6022945,127.1100124,61.92958001800475,,,,239711439,,,,,망우본동
양원역로6가길,주거지 도로,37.6015574,127.1101582,37.60117,127.109902,37.6013637,127.1100301,48.6318026305968,,,,239711439,,,,,망우본동
양원역로6가길,주거지 도로,37.6015574,127.1101582,37.6016177,127.1101644,37.60158755,127.1101613,6.727273744652425,,,,239711439,,,,,망우본동
망우로87길,주거지 도로,37.6015574,127.1101582,37.6013292,127.1113895,37.6014433,127.11077385,113.32985778761166,,,,239711436,,,,,망우본동
망우로87길,3차로,37.6013292,127.1113895,37.6010986,127.1113333,37.601213900000005,127.1113614,26.183095551310075,,,,182918146,,4,,,망우본동
망우로87길,3차로,37.6013292,127.1113895,37.6018381,127.1113542,37.60158365,127.11137185,56.679374874342486,,,,182918146,,4,,,망우본동
망우로87길,주거지 도로,37.6013292,127.1113895,37.6015574,127.1101582,37.6014433,127.11077385,113.32985778761169,,,,239711436,,,,,망우본동
양원역로6가길,주거지 도로,37.60117,127.109902,37.6015574,127.1101582,37.6013637,127.1100301,48.6318026305968,,,,239711439,,,,,망우본동
양원역로6가길,주거지 도로,37.60117,127.109902,37.6005509,127.1097291,37.60086045,127.10981555,71.38414504943339,,,,239711439,,,,,망우본동
양원역로4길,주거지 도로,37.60117,127.109902,37.6017656,127.108862,37.6014678,127.109382,130.16256322961132,,,,544145378,,,,,망우본동
용마산로106길,주거지 도로,37.5937952,127.100006,37.5935914,127.100588,37.5936933,127.100297,56.062096729402086,,,,576302935,,,,,망우3동
용마산로106길,주거지 도로,37.5937952,127.100006,37.5940394,127.0993084,37.5939173,127.0996572,67.19369640907424,,,,576302935,,,,,망우3동
용마공원로2길,주거지 도로,37.5937952,127.100006,37.5926291,127.0993781,37.59321215,127.09969205,140.97330135913614,,,,239712486,,,True,,망우3동
용마산로102길,주거지 도로,37.5926291,127.0993781,37.5924256,127.0999412,37.59252735,127.09965965,54.53000695896099,,,,239712495,,,,,망우3동
용마산로102길,주거지 도로,37.5926291,127.0993781,37.5927233,127.0991177,37.5926762,127.0992479,25.221131798305915,,,,239712495,,,,,망우3동
용마산로100길,주거지 도로,37.5926291,127.0993781,37.5915111,127.0987753,37.5920701,127.0990767,135.18628575175282,,,,576302938,,,,,망우3동
용마산로100길,주거지 도로,37.5915111,127.0987753,37.5913062,127.0993562,37.59140865,127.09906575,56.02453212526661,,,,239721131,,,,,망우3동
용마산로100길,주거지 도로,37.5915111,127.0987753,37.5926291,127.0993781,37.5920701,127.0990767,135.18628575175282,,,,576302938,,,,,망우3동
용마산로100길,주거지 도로,37.5915111,127.0987753,37.5916181,127.0984662,37.5915646,127.09862075,29.71989137716488,,,,239721131,,,,,망우3동
용마산로96가길,주거지 도로,37.5915111,127.0987753,37.5909499,127.0984539,37.591230499999995,127.0986146,68.52780062892091,,,,576294788,,,,,망우3동
용마산로94길,주거지 도로,37.5891438,127.0974825,37.589043,127.0977801,37.5890934,127.0976313,28.517082746868873,,,,239719103,,,,,면목3·8동
용마산로94길,주거지 도로,37.5891438,127.0974825,37.5892476,127.0971785,37.589195700000005,127.0973305,29.16681712426096,,,,239719103,,,,,면목3·8동
용마산로96가길,주거지 도로,37.5891438,127.0974825,37.5903388,127.0981068,37.5897413,127.09779465,143.81388395881098,,,,576294788,,,,,면목3·8동
용마산로96가길,주거지 도로,37.5891438,127.0974825,37.5877356,127.0967258,37.5884397,127.09710415,170.1891464998411,,,,576294788,,,,,면목3·8동
용마산로84길,주거지 도로,37.5853855,127.0954388,37.5856127,127.0947342,37.5854991,127.0950865,67.02964163818652,,,,239712485,,,,,면목3·8동
용마산로84길,주거지 도로,37.5853855,127.0954388,37.5851605,127.0960374,37.585273,127.0957381,58.37910611340954,,,,239712485,,,,,면목3·8동
용마산로84길,주거지 도로,37.5853855,127.0954388,37.5862977,127.095973,37.5858416,127.0957059,111.82212759396543,,,,814625146,,,,,면목3·8동
용마산로84길,주거지 도로,37.5856127,127.0947342,37.5853855,127.0954388,37.5854991,127.0950865,67.02964163818652,,,,239712485,,,,,면목3·8동
"['용마공원로5길', '용마공원로9길']",주거지 도로,37.5946518,127.1023281,37.5936533,127.1021028,37.59415255,127.10221545,151.01815502274803,,,,"[576302937, 239712489]",,,,,망우3동
용마공원로5길,주거지 도로,37.5946518,127.1023281,37.5948223,127.1030324,37.59473705,127.10268025,64.92522020398064,,,,442604875,,,,,망우3동
용마공원로5길,주거지 도로,37.5946518,127.1023281,37.5945634,127.1017785,37.5946076,127.1020533,49.410185672699285,,,,442604875,,,,,망우3동
"['용마공원로5길', '용마공원로3길']",주거지 도로,37.5946518,127.1023281,37.5949684,127.1020042,37.5948101,127.10216615,54.114251311450815,,,,"[576302928, 782014283]",,,,,망우본동
용마공원로10가길,주거지 도로,37.5923058,127.1012431,37.5926072,127.1011048,37.5924565,127.10117395,35.660660532459985,,,,239716109,,,,,망우3동
용마공원로10가길,주거지 도로,37.5923058,127.1012431,37.5918666,127.1014362,37.5920862,127.10133965,51.71562549486863,,,,239716109,,,,,망우3동
용마공원로10가길,주거지 도로,37.5923058,127.1012431,37.5920221,127.101104,37.59216395,127.10117355,33.84314012770577,,,,814625140,,,,,망우3동
용마산로100길,주거지 도로,37.5909077,127.1005286,37.591005,127.1002491,37.59095635,127.10038885,26.89842844176429,,,,239721131,,,,,망우3동
용마산로100길,주거지 도로,37.5909077,127.1005286,37.5907977,127.1008481,37.5908527,127.10068835,30.693441474284175,,,,239721131,,,,,망우3동
용마산로100길,주거지 도로,37.5909077,127.1005286,37.5897381,127.0999022,37.5903229,127.1002154,141.28044177107958,,,,814625139,,,,,망우3동
용마산로100길,주거지 도로,37.5909077,127.1005286,37.5914279,127.1008128,37.5911678,127.1006707,63.03113972977388,,,,814625140,,,,,망우3동
용마산로94길,주거지 도로,37.5885261,127.0992215,37.5886323,127.0989227,37.5885792,127.0990721,28.85499519172544,,,,239719103,,,,,면목3·8동
용마산로94길,주거지 도로,37.5885261,127.0992215,37.5897538,127.0998585,37.58913995,127.09954,147.60208690479783,,,,781980185,,,,,면목3·8동
용마산로94길,주거지 도로,37.5885261,127.0992215,37.5883032,127.0998419,37.58841465,127.0995317,60.02800963491775,,,,239719103,,,,,면목3·8동
용마산로94길,주거지 도로,37.5885261,127.0992215,37.5878425,127.0996094,37.5881843,127.09941545,106.4699966663194,,,,"[781980180, 781980181]",,,,,면목3·8동
용마산로100길,주거지 도로,37.5906916,127.1011668,37.5912042,127.1014383,37.5909479,127.10130255,61.814954707152424,,,,239712497,,,,,망우3동
용마산로100길,주거지 도로,37.5906916,127.1011668,37.5907977,127.1008481,37.590744650000005,127.10100745,30.45825774938257,,,,239721131,,,,,망우3동
용마산로100길,주거지 도로,37.5906916,127.1011668,37.5905845,127.1014574,37.590638049999995,127.1013121,28.238717346014365,,,,239721131,,,,,망우3동
용마산로96길,주거지 도로,37.5906916,127.1011668,37.5895182,127.1005141,37.5901049,127.10084045,142.58832609188056,,,,702893801,,,,,망우3동
용마산로100길,주거지 도로,37.5915003,127.1015972,37.5912042,127.1014383,37.59135225,127.10151775,35.77794067512863,,,,239712497,,,,,망우3동
용마공원로,주거지 도로,37.5915003,127.1015972,37.5913706,127.1019605,37.59143545,127.10177885,35.1088426226891,,,,239715992,,,,,망우3동
용마공원로10가길,주거지 도로,37.5915003,127.1015972,37.5917929,127.1014686,37.5916466,127.1015329,34.45223996584549,,,,239716109,,,,,망우3동
용마공원로10가길,주거지 도로,37.5930005,127.1009244,37.5926072,127.1011048,37.59280385,127.1010146,46.53186177049219,,,,239716109,,,,,망우3동
용마공원로10길,주거지 도로,37.5930005,127.1009244,37.5922193,127.1005424,37.5926099,127.1007334,93.15808842966617,,,,576302934,,,,,망우3동
용마공원로10길,주거지 도로,37.5930005,127.1009244,37.5934129,127.1011273,37.5932067,127.10102585,49.2182190620037,,,,576302934,,,,,망우3동
용마공원로10길,주거지 도로,37.5934129,127.1011273,37.5935054,127.1014701,37.59345915,127.1012987,31.90622558436734,,,,576302934,,,,,망우3동
용마산로106길,주거지 도로,37.5934129,127.1011273,37.5935914,127.100588,37.59350215,127.10085765,51.4947157575025,,,,576302935,,,,,망우3동
용마공원로10길,주거지 도로,37.5934129,127.1011273,37.5930005,127.1009244,37.5932067,127.10102585,49.2182190620037,,,,576302934,,,,,망우3동
용마공원로4길,주거지 도로,37.5935914,127.100588,37.5944674,127.1010791,37.5940294,127.10083355,106.5846498572549,,,,239712493,,,,,망우3동
용마산로106길,주거지 도로,37.5935914,127.100588,37.5934129,127.1011273,37.59350215,127.10085765,51.4947157575025,,,,576302935,,,,,망우3동
용마산로106길,주거지 도로,37.5935914,127.100588,37.5937952,127.100006,37.5936933,127.100297,56.062096729402086,,,,576302935,,,,,망우3동
용마공원로4길,주거지 도로,37.5935914,127.100588,37.5924256,127.0999412,37.5930085,127.1002646,141.62415903630347,,,,239712493,,,,,망우3동
용마산로102길,주거지 도로,37.5924256,127.0999412,37.5922193,127.1005424,37.59232245,127.1002418,57.72423456717068,,,,239712495,,,,,망우3동
용마산로102길,주거지 도로,37.5924256,127.0999412,37.5926291,127.0993781,37.59252735,127.09965965,54.53000695896099,,,,239712495,,,,,망우3동
용마공원로4길,주거지 도로,37.5924256,127.0999412,37.5935914,127.100588,37.5930085,127.1002646,141.62415903630347,,,,239712493,,,,,망우3동
용마산로102길,주거지 도로,37.5920221,127.101104,37.592118,127.1008378,37.59207005,127.1009709,25.764711152466067,,,,239712495,,,,,망우3동
용마산로102길,주거지 도로,37.5920221,127.101104,37.5923058,127.1012431,37.59216395,127.10117355,33.84314012770577,,,,814625140,,,,,망우3동
용마산로102길,주거지 도로,37.5920221,127.101104,37.5914279,127.1008128,37.591725,127.1009584,70.87888757927404,,,,814625140,,,,,망우3동
용마산로101길,주거지 도로,37.5928811,127.0986812,37.5931167,127.0980093,37.5929989,127.09834525,64.73673689933351,,,,238157844,,,,,망우3동
용마산로102길,주거지 도로,37.5928811,127.0986812,37.5927233,127.0991177,37.5928022,127.09889945,42.272479891593434,,,,239712495,,,,,망우3동
용마산로100길,주거지 도로,37.5913062,127.0993562,37.5915111,127.0987753,37.59140865,127.09906575,56.02453212526661,,,,239721131,,,,,망우3동
용마산로100길,주거지 도로,37.5913062,127.0993562,37.5912039,127.0996707,37.59125505,127.09951345,29.9542533109754,,,,239721131,,,,,망우3동
용마산로96길,주거지 도로,37.5913062,127.0993562,37.59014,127.098717,37.5907231,127.0990366,141.37786095162735,,,,781980182,,,,,망우3동
용마산로94길,주거지 도로,37.5889353,127.0980651,37.5888298,127.0983695,37.58888255,127.0982173,29.274528032555025,,,,239719103,,,,,면목3·8동
용마산로94길,주거지 도로,37.5889353,127.0980651,37.589043,127.0977801,37.58898915,127.0979226,27.821261418161946,,,,239719103,,,,,면목3·8동
용마산로94나길,주거지 도로,37.5889353,127.0980651,37.5875237,127.0973219,37.5882295,127.0976935,170.07558433419558,,,,576302946,,,,,면목3·8동
용마산로94길,주거지 도로,37.5889353,127.0980651,37.59014,127.098717,37.58953765,127.09839105,145.75223087392442,,,,781980183,,,,,면목3·8동
용마산로84길,주거지 도로,37.5851605,127.0960374,37.5853855,127.0954388,37.585273,127.0957381,58.37910611340954,,,,239712485,,,,,면목3·8동
용마산로84길,주거지 도로,37.5851605,127.0960374,37.5856028,127.0962769,37.58538165,127.09615715,53.51820414468853,,,,239712609,,,,,면목3·8동
용마산로84길,주거지 도로,37.5851605,127.0960374,37.5855017,127.0965789,37.585331100000005,127.09630815,82.94851480638219,,,,"[239712485, 470492223]",,,,,면목3·8동
용마산로90길,주거지 도로,37.5875237,127.0973219,37.5876246,127.0970419,37.587574149999995,127.0971819,27.10303957721422,,,,239719098,,,,,면목3·8동
용마산로90길,주거지 도로,37.5875237,127.0973219,37.5874111,127.0976491,37.587467399999994,127.0974855,31.432100753082953,,,,239719098,,,,,면목3·8동
용마산로94나길,주거지 도로,37.5875237,127.0973219,37.5889353,127.0980651,37.5882295,127.0976935,170.07558433419558,,,,576302946,,,,,면목3·8동
용마산로96길,주거지 도로,37.5904447,127.1018632,37.5892801,127.1012128,37.5898624,127.101538,141.61142278358747,,,,239720722,,,,,망우3동
용마산로100길,주거지 도로,37.5904447,127.1018632,37.5905559,127.1015405,37.5905003,127.10170185,31.005336191604236,,,,239721131,,,,,망우3동
용마산로100길,주거지 도로,37.5904447,127.1018632,37.5903482,127.1021327,37.59039645,127.10199795,26.057563499371113,,,,239721131,,,,,망우3동
용마공원로18길,주거지 도로,37.5904447,127.1018632,37.5912564,127.1022802,37.59085055,127.1020717,97.44888958398822,,,,576302944,,,,,망우3동
용마산로94길,주거지 도로,37.5899297,127.099328,37.5887295,127.0986465,37.5893296,127.09898725,146.34323618808105,,,,239712787,,,,,면목3·8동
용마산로96길,주거지 도로,37.5899297,127.099328,37.5900362,127.0990185,37.58998295,127.09917325,29.73053215269561,,,,239717094,,,,,면목3·8동
용마산로96길,주거지 도로,37.5899297,127.099328,37.5898403,127.0995978,37.589884999999995,127.0994629,25.767049563040917,,,,239717094,,,,,면목3·8동
용마산로96길,주거지 도로,37.5899297,127.099328,37.5911036,127.0999587,37.59051665,127.09964335,141.86863145677296,,,,814625137,,,,,망우3동
용마산로94길,주거지 도로,37.5887295,127.0986465,37.5899297,127.099328,37.5893296,127.09898725,146.34323618808105,,,,239712787,,,,,면목3·8동
용마산로94길,주거지 도로,37.5887295,127.0986465,37.5886323,127.0989227,37.5886809,127.0987846,26.628646552917864,,,,239719103,,,,,면목3·8동
용마산로94길,주거지 도로,37.5887295,127.0986465,37.5888298,127.0983695,37.58877965,127.098508,26.834478394487125,,,,239719103,,,,,면목3·8동
용마공원로5가길,주거지 도로,37.5945634,127.1017785,37.5936533,127.1021028,37.59410835,127.10194065,105.15495067523273,,,,239712786,,,,,망우3동
용마공원로5길,주거지 도로,37.5945634,127.1017785,37.5946518,127.1023281,37.5946076,127.1020533,49.410185672699285,,,,442604875,,,,,망우3동
용마공원로5길,주거지 도로,37.5945634,127.1017785,37.5944674,127.1010791,37.5945154,127.1014288,62.538553323459496,,,,442604875,,,,,망우3동
용마산로100길,주거지 도로,37.5911036,127.0999587,37.5912039,127.0996707,37.59115375,127.0998147,27.718219557241195,,,,239721131,,,,,망우3동
용마산로100길,주거지 도로,37.5911036,127.0999587,37.591005,127.1002491,37.5910543,127.1001039,27.836977069492196,,,,239721131,,,,,망우3동
용마산로100길,주거지 도로,37.5911036,127.0999587,37.5899297,127.099328,37.59051665,127.09964335,141.86863145677296,,,,814625137,,,,,망우3동
용마산로102길,주거지 도로,37.5922193,127.1005424,37.592118,127.1008378,37.59216865,127.1006901,28.35998894391291,,,,239712495,,,,,망우3동
용마산로102길,주거지 도로,37.5922193,127.1005424,37.5924256,127.0999412,37.59232245,127.1002418,57.72423456717068,,,,239712495,,,,,망우3동
용마공원로10길,주거지 도로,37.5922193,127.1005424,37.5930005,127.1009244,37.5926099,127.1007334,93.15808842966617,,,,576302934,,,,,망우3동
용마공원로,주거지 도로,37.5912549,127.1035783,37.5911821,127.1030648,37.5912185,127.10332155,45.96249993612273,,,,239714585,,,,,망우3동
용마공원로,주거지 도로,37.5911821,127.1030648,37.5911444,127.1027993,37.591163249999994,127.10293205,23.76562909739829,,,,239714585,,,,,망우3동
용마공원로5가길,주거지 도로,37.5911821,127.1030648,37.5936533,127.1021028,37.5924177,127.1025838,288.03656380771486,,,,239712786,,,,,망우3동
용마공원로,주거지 도로,37.5911821,127.1030648,37.5912549,127.1035783,37.5912185,127.10332155,45.96249993612273,,,,239714585,,,,,망우3동
망우로62길,주거지 도로,37.5973355,127.0981262,37.5971668,127.0983077,37.59725115,127.09821695,24.649174294952346,,,,238155596,,,,,망우본동
망우로62길,주거지 도로,37.5973355,127.0981262,37.5975748,127.0978927,37.59745515,127.09800945,33.633837610100535,,,,238155596,,,,,망우본동
봉우재로71길,주거지 도로,37.5973355,127.0981262,37.5965461,127.097633,37.5969408,127.0978796,99.24546502724913,,,,782014280,,,,,망우본동
봉우재로71길,주거지 도로,37.5964555,127.0978882,37.5965461,127.097633,37.5965008,127.0977606,24.63766372274272,,,,238155595,,,,,망우본동
봉우재로71길,주거지 도로,37.5964555,127.0978882,37.5963729,127.0981224,37.5964142,127.0980053,22.585594580073337,,,,238155595,,,,,망우본동
봉우재로71길,주거지 도로,37.5964555,127.0978882,37.5971668,127.0983077,37.59681114999999,127.09809795,87.56463827789788,,,,1062365426,,,,,망우본동
용마산로,주거지 도로,37.5974042,127.1003021,37.5973846,127.10104,37.5973944,127.10067105,65.04683872627103,,,,239715207,,,,,망우본동
용마산로109길,주거지 도로,37.5974042,127.1003021,37.597413,127.0995288,37.5974086,127.09991545,68.13613605441539,,,,576122807,,,,,망우본동
망우로66길,주거지 도로,37.597413,127.0995288,37.5979528,127.0995528,37.5976829,127.0995408,60.07333871331451,,,,238155594,,,True,,망우본동
용마산로109길,주거지 도로,37.597413,127.0995288,37.5974042,127.1003021,37.5974086,127.09991545,68.13613605441539,,,,576122807,,,,,망우본동
용마산로109길,주거지 도로,37.597413,127.0995288,37.5971668,127.0983077,37.5972899,127.09891825,111.00984170478242,,,,576122807,,,,,망우본동
봉우재로71길,주거지 도로,37.5965461,127.097633,37.5966385,127.0973562,37.5965923,127.0974946,26.462838540974893,,,,238155595,,,,,망우본동
봉우재로71길,주거지 도로,37.5965461,127.097633,37.5964555,127.0978882,37.5965008,127.0977606,24.63766372274272,,,,238155595,,,,,망우본동
봉우재로71길,주거지 도로,37.5965461,127.097633,37.5973355,127.0981262,37.5969408,127.0978796,99.24546502724913,,,,782014280,,,,,망우본동
망우로62길,주거지 도로,37.5971668,127.0983077,37.5973355,127.0981262,37.59725115,127.09821695,24.649174294952346,,,,238155596,,,,,망우본동
망우로62길,주거지 도로,37.5971668,127.0983077,37.5967948,127.0986839,37.5969808,127.0984958,53.005262783976846,,,,238155596,,,,,망우본동
용마산로109길,주거지 도로,37.5971668,127.0983077,37.597413,127.0995288,37.5972899,127.09891825,111.00984170478242,,,,576122807,,,,,망우본동
봉우재로71길,주거지 도로,37.5971668,127.0983077,37.5964555,127.0978882,37.59681114999999,127.09809795,87.5646382778979,,,,1062365426,,,,,망우본동
망우로68길,주거지 도로,37.5973846,127.10104,37.5963931,127.1009722,37.59688885,127.1010061,110.52821176443864,,,,239711151,,,,,망우본동
망우로68길,주거지 도로,37.5973846,127.10104,37.5979268,127.1010766,37.5976557,127.1010583,60.37795560654675,,,,239711151,,,,,망우본동
용마산로,주거지 도로,37.5973846,127.10104,37.5974042,127.1003021,37.5973944,127.10067105,65.04683872627103,,,,239715207,,,,,망우본동
용마공원로,주거지 도로,37.5917929,127.1014686,37.5918649,127.1017814,37.5918289,127.101625,28.699601303823453,,,,239715993,,,,,망우3동
용마공원로10가길,주거지 도로,37.5917929,127.1014686,37.5918666,127.1014362,37.59182975,127.1014524,8.678057219968007,,,,239716109,,,,,망우3동
용마공원로10가길,주거지 도로,37.5917929,127.1014686,37.5915003,127.1015972,37.5916466,127.1015329,34.45223996584549,,,,239716109,,,,,망우3동
용마공원로,주거지 도로,37.5912564,127.1022802,37.5913706,127.1019605,37.5913135,127.10212035,30.898426277045036,,,,239715992,,,,,망우3동
용마공원로,주거지 도로,37.5912564,127.1022802,37.5912664,127.1023588,37.5912614,127.1023195,7.014072523912318,,,,239715992,,,,,망우3동
용마공원로18길,주거지 도로,37.5912564,127.1022802,37.5904447,127.1018632,37.59085055,127.1020717,97.44888958398822,,,,576302944,,,,,망우3동
용마산로96길,주거지 도로,37.5895182,127.1005141,37.5896314,127.1001992,37.5895748,127.10035665,30.467847780047748,,,,239717094,,,,,면목3·8동
용마산로96길,주거지 도로,37.5895182,127.1005141,37.589404,127.1008284,37.5894611,127.10067125,30.4659292547181,,,,239717094,,,,,면목3·8동
용마산로96길,주거지 도로,37.5895182,127.1005141,37.5906916,127.1011668,37.5901049,127.10084045,142.58832609188056,,,,702893801,,,,,망우3동
용마산로94길,주거지 도로,37.5895182,127.1005141,37.5891164,127.1002918,37.589317300000005,127.10040295,48.7831615208085,,,,702893802,,,,,면목3·8동
용마산로96길,주거지 도로,37.5905819,127.0974408,37.5904456,127.0978143,37.59051375,127.09762755,36.23130686998349,,,,239717094,,,,,면목3·8동
용마산로96길,주거지 도로,37.5892801,127.1012128,37.589404,127.1008284,37.58934205,127.1010206,36.56479608169608,,,,239717094,,,,,면목3·8동
용마산로96길,주거지 도로,37.5892801,127.1012128,37.589183,127.1015114,37.58923155,127.1013621,28.439349262770765,,,,239717094,,,,,면목3·8동
용마산로96길,주거지 도로,37.5892801,127.1012128,37.5904447,127.1018632,37.5898624,127.101538,141.61142278358747,,,,239720722,,,,,망우3동
용마산로96길,주거지 도로,37.5892801,127.1012128,37.5887713,127.1017608,37.5890257,127.1014868,96.1376607535366,,,,"[239720722, 781980173]",,,,,면목3·8동
용마산로96길,주거지 도로,37.5897538,127.0998585,37.5898403,127.0995978,37.58979705,127.09972815,24.90293677435132,,,,239717094,,,,,면목3·8동
용마산로96길,주거지 도로,37.5897538,127.0998585,37.5897381,127.0999022,37.589745949999994,127.09988035,4.2277191502947415,,,,239717094,,,,,면목3·8동
용마산로94길,주거지 도로,37.5897538,127.0998585,37.5885261,127.0992215,37.58913995,127.09954,147.60208690479783,,,,781980185,,,,,면목3·8동
용마산로96길,주거지 도로,37.59014,127.098717,37.5900362,127.0990185,37.5900881,127.09886775,28.96435899161996,,,,239717094,,,,,면목3·8동
용마산로96길,주거지 도로,37.59014,127.098717,37.5913062,127.0993562,37.5907231,127.0990366,141.37786095162735,,,,781980182,,,,,망우3동
용마산로94길,주거지 도로,37.59014,127.098717,37.5889353,127.0980651,37.58953765,127.09839105,145.75223087392442,,,,781980183,,,,,면목3·8동
용마산로96길,주거지 도로,37.59014,127.098717,37.5903388,127.0981068,37.5902394,127.0984119,58.13503127484521,,,,239717094,,,,,면목3·8동
용마산로94길,주거지 도로,37.5874228,127.100012,37.5878064,127.1000553,37.587614599999995,127.10003365,42.82472806929622,,,,239719085,,,,,면목3·8동
용마산로94길,주거지 도로,37.5874228,127.100012,37.5874173,127.0998751,37.58742005,127.09994355,12.07824604299289,,,,239719095,,,,,면목3·8동
용마산로94길,주거지 도로,37.5874228,127.100012,37.5873439,127.100006,37.58738335,127.100009,8.789206957157694,,,,239719116,,,,,면목3·8동
용마산로94길,주거지 도로,37.5890008,127.1006154,37.5891164,127.1002918,37.5890586,127.1004536,31.27645621239453,,,,239719099,,,,,면목3·8동
용마산로94길,주거지 도로,37.5890008,127.1006154,37.589404,127.1008284,37.589202400000005,127.1007219,48.603530749900465,,,,814625704,,,,,면목3·8동
용마산로94길,주거지 도로,37.5890008,127.1006154,37.5887811,127.1004994,37.58889095,127.1005574,26.481536141138665,,,,814625704,,,,,면목3·8동
용마산로94길,주거지 도로,37.5884993,127.1011171,37.5884453,127.1013637,37.5884723,127.1012404,22.542903787959403,,,,814625705,,,,,면목3·8동
용마산로94길,주거지 도로,37.5884993,127.1011171,37.5887811,127.1004994,37.5886402,127.10080825,62.8024975018831,,,,814625705,,,,,면목3·8동
용마산로94길,주거지 도로,37.5884993,127.1011171,37.5877995,127.1007484,37.588149400000006,127.10093275,86.7867413528493,,,,516724029,,,,,면목3·8동
용마산로90길,주거지 도로,37.5877356,127.0967258,37.5878399,127.0964138,37.58778775,127.0965698,29.837518805114808,,,,239719098,,,,,면목3·8동
용마산로90길,주거지 도로,37.5877356,127.0967258,37.5876246,127.0970419,37.5876801,127.09688385,30.46488501709079,,,,239719098,,,,,면목3·8동
용마산로96가길,주거지 도로,37.5877356,127.0967258,37.5891438,127.0974825,37.5884397,127.09710415,170.1891464998411,,,,576294788,,,,,면목3·8동
용마산로96가길,주거지 도로,37.5877356,127.0967258,37.5862977,127.095973,37.58701665,127.0963494,173.10206334771146,,,,814625145,,,True,,면목3·8동
용마산로94길,주거지 도로,37.5871667,127.1016092,37.587618,127.1017739,37.58739235,127.10169155,52.23863232927088,,,,239719117,,,,,면목3·8동
용마산로94길,주거지 도로,37.5871667,127.1016092,37.5871836,127.1009856,37.58717515,127.1012974,54.97995084772185,,,,781980178,,,,,면목3·8동
용마산로94길,주거지 도로,37.5871667,127.1016092,37.5869605,127.1009562,37.5870636,127.1012827,77.7099248307843,,,,239719117,,,,,면목3·8동
용마산로94길,주거지 도로,37.588246,127.0998971,37.5883032,127.0998419,37.5882746,127.0998695,8.006925940813131,,,,239719103,,,,,면목3·8동
용마산로94길,주거지 도로,37.588246,127.0998971,37.588078,127.100128,37.588162,127.10001255,28.60756591080848,,,,239719103,,,,,면목3·8동
용마산로94길,주거지 도로,37.588246,127.0998971,37.5880168,127.0997169,37.588131399999995,127.099807,34.37819323615808,,,,239719105,,,,,면목3·8동
용마산로94길,주거지 도로,37.5891164,127.1002918,37.5890008,127.1006154,37.5890586,127.1004536,31.27645621239453,,,,239719099,,,,,면목3·8동
용마산로94길,주거지 도로,37.5891164,127.1002918,37.5895182,127.1005141,37.589317300000005,127.10040295,48.7831615208085,,,,702893802,,,,,면목3·8동
용마산로94길,주거지 도로,37.5891164,127.1002918,37.5883032,127.0998419,37.5887098,127.10006685,98.73160411248948,,,,702893802,,,,,면목3·8동
용마산로94길,주거지 도로,37.5872687,127.0998645,37.5874173,127.0998751,37.587343,127.0998698,16.549965973679548,,,,239719083,,,,,면목3·8동
용마산로94길,주거지 도로,37.5872687,127.0998645,37.5868776,127.0996499,37.58707315,127.0997572,47.898871802249985,,,,239719083,,,,,면목3·8동
용마산로94길,주거지 도로,37.5872687,127.0998645,37.5873439,127.100006,37.5873063,127.09993525,17.10788205230581,,,,239719102,,,,,면목3·8동
용마산로94길,주거지 도로,37.5868776,127.0996499,37.5872687,127.0998645,37.58707315,127.0997572,47.898871802249985,,,,239719083,,,,,면목3·8동
용마산로94길,주거지 도로,37.5880168,127.0997169,37.5878425,127.0996094,37.58792965,127.09966315,21.572123123083653,,,,239719086,,,,,면목3·8동
용마산로94길,주거지 도로,37.5880168,127.0997169,37.5880955,127.0995158,37.58805615,127.09961635,19.76262718057427,,,,239719105,,,,,면목3·8동
용마산로94길,주거지 도로,37.5880168,127.0997169,37.588246,127.0998971,37.588131399999995,127.099807,34.37819323615808,,,,239719105,,,,,면목3·8동
용마산로94길,주거지 도로,37.5879341,127.1004215,37.5871327,127.1003151,37.5875334,127.1003683,89.60356006894185,,,,239719094,,,,,면목3·8동
용마산로94길,주거지 도로,37.5879341,127.1004215,37.5877995,127.1007484,37.5878668,127.10058495,32.46054200529628,,,,239719103,,,,,면목3·8동
용마산로94길,주거지 도로,37.5879341,127.1004215,37.588078,127.100128,37.58800605,127.10027475,30.411012671686237,,,,239719103,,,,,면목3·8동
용마산로94길,주거지 도로,37.5868989,127.1005887,37.5869605,127.1009562,37.5869297,127.10077245,33.098471982706144,,,,239719117,,,,,면목3·8동
용마산로94길,주거지 도로,37.5880955,127.0995158,37.5880168,127.0997169,37.58805615,127.09961635,19.76262718057427,,,,239719105,,,,,면목3·8동
용마산로90길,주거지 도로,37.5874111,127.0976491,37.5875237,127.0973219,37.587467399999994,127.0974855,31.432100753082953,,,,239719098,,,,,면목3·8동
용마산로94길,주거지 도로,37.5871007,127.1009695,37.5869605,127.1009562,37.587030600000006,127.10096285,15.63353708908047,,,,239719112,,,,,면목3·8동
용마산로94길,주거지 도로,37.5871007,127.1009695,37.5871836,127.1009856,37.587142150000005,127.10097755,9.32659546696493,,,,239719112,,,,,면목3·8동
용마산로94길,주거지 도로,37.5871007,127.1009695,37.5871175,127.1006269,37.5871091,127.1007982,30.245592705828027,,,,239719116,,,,,면목3·8동
용마산로94길,주거지 도로,37.5869881,127.0995721,37.5874173,127.0998751,37.5872027,127.0997236,61.62580328757443,,,,239719095,,,,,면목3·8동
용마산로94길,주거지 도로,37.5871327,127.1003151,37.5879341,127.1004215,37.5875334,127.1003683,89.60356006894185,,,,239719094,,,,,면목3·8동
용마산로94길,주거지 도로,37.5871327,127.1003151,37.5871175,127.1006269,37.587125099999994,127.100471,27.52587105272874,,,,239719116,,,,,면목3·8동
용마산로94길,주거지 도로,37.5871327,127.1003151,37.5873439,127.100006,37.5872383,127.10016055,36.67527530406427,,,,239719116,,,,,면목3·8동
용마산로94길,주거지 도로,37.5869605,127.1009562,37.5871007,127.1009695,37.587030600000006,127.10096285,15.63353708908047,,,,239719112,,,,,면목3·8동
용마산로94길,주거지 도로,37.5869605,127.1009562,37.5868989,127.1005887,37.5869297,127.10077245,33.098471982706144,,,,239719117,,,,,면목3·8동
용마산로94길,주거지 도로,37.5869605,127.1009562,37.5871667,127.1016092,37.5870636,127.1012827,77.7099248307843,,,,239719117,,,,,면목3·8동
용마산로94길,주거지 도로,37.5878425,127.0996094,37.5880168,127.0997169,37.58792965,127.09966315,21.572123123083653,,,,239719086,,,,,면목3·8동
용마산로94길,주거지 도로,37.5878425,127.0996094,37.5878064,127.1000553,37.58782445,127.09983235,39.494170048323376,,,,239719091,,,,,면목3·8동
용마산로94길,주거지 도로,37.5878425,127.0996094,37.5874173,127.0998751,37.5876299,127.09974225,52.75941187848468,,,,781980179,,,,,면목3·8동
용마산로94길,주거지 도로,37.5878425,127.0996094,37.5885261,127.0992215,37.5881843,127.09941545,106.4699966663194,,,,"[781980180, 781980181]",,,,,면목3·8동
용마산로90길,주거지 도로,37.587972,127.0960189,37.5878399,127.0964138,37.58790595,127.09621635,37.769208979276975,,,,239719098,,,,,면목3·8동
용마산로89길,주거지 도로,37.587972,127.0960189,37.5882125,127.0953447,37.58809225,127.0956818,65.14744124745063,,,,371643402,,,,,면목3·8동
용마산로94길,주거지 도로,37.5873439,127.100006,37.5874228,127.100012,37.58738335,127.100009,8.789206957157694,,,,239719116,,,,,면목3·8동
용마산로94길,주거지 도로,37.5873439,127.100006,37.5872687,127.0998645,37.5873063,127.09993525,17.10788205230581,,,,239719102,,,,,면목3·8동
용마산로94길,주거지 도로,37.5873439,127.100006,37.5871327,127.1003151,37.5872383,127.10016055,36.67527530406427,,,,239719116,,,,,면목3·8동
용마산로94길,주거지 도로,37.5874173,127.0998751,37.5872687,127.0998645,37.587343,127.0998698,16.549965973679548,,,,239719083,,,,,면목3·8동
용마산로94길,주거지 도로,37.5874173,127.0998751,37.5874228,127.100012,37.58742005,127.09994355,12.07824604299289,,,,239719095,,,,,면목3·8동
용마산로94길,주거지 도로,37.5874173,127.0998751,37.5869881,127.0995721,37.5872027,127.0997236,61.62580328757442,,,,239719095,,,,,면목3·8동
용마산로94길,주거지 도로,37.5874173,127.0998751,37.5878425,127.0996094,37.5876299,127.09974225,52.75941187848468,,,,781980179,,,,,면목3·8동
용마산로94길,주거지 도로,37.5878064,127.1000553,37.588078,127.100128,37.5879422,127.10009165,30.872476021440736,,,,239719085,,,,,면목3·8동
용마산로94길,주거지 도로,37.5878064,127.1000553,37.5874228,127.100012,37.587614599999995,127.10003365,42.82472806929622,,,,239719085,,,,,면목3·8동
용마산로94길,주거지 도로,37.5878064,127.1000553,37.5878425,127.0996094,37.58782445,127.09983235,39.494170048323376,,,,239719091,,,,,면목3·8동
용마산로72길,주거지 도로,37.5835891,127.0953916,37.5822716,127.0951385,37.58293035,127.09526505,148.18748088716282,,,,239719823,,,,,면목3·8동
용마산로72길,주거지 도로,37.5835891,127.0953916,37.5835472,127.0957981,37.58356815,127.09559485,36.12176444976489,,,,239719826,,,,,면목3·8동
용마산로72길,주거지 도로,37.5835891,127.0953916,37.5836114,127.095188,37.58360025,127.0952898,18.11139978772394,,,,239719826,,,,,면목3·8동
용마산로84길,주거지 도로,37.5861101,127.0965511,37.5856028,127.0962769,37.585856449999994,127.096414,61.365883899934666,,,,239712609,,,,,면목3·8동
용마산로86길,주거지 도로,37.5861101,127.0965511,37.5862977,127.095973,37.5862039,127.09626205,55.04508163116907,,,,239719824,,,,,면목3·8동
용마산로86길,주거지 도로,37.5861101,127.0965511,37.5875237,127.0973219,37.5868169,127.0969365,171.23132264269805,,,,781980187,,,True,,면목3·8동
용마산로86길,주거지 도로,37.5861101,127.0965511,37.5859873,127.0969723,37.5860487,127.0967617,39.62892431744259,,,,239719824,,,,,면목3·8동
용마산로70길,주거지 도로,37.5818273,127.0944008,37.5822716,127.0951385,37.58204945,127.09476965,83.8309530123744,,,,239719822,,,,,면목3·8동
용마산로70길,주거지 도로,37.5818273,127.0944008,37.5818642,127.0934044,37.58184575,127.0939026,87.89879127189847,,,,239719822,,,,,면목3·8동
용마산로,주거지 도로,37.5818273,127.0944008,37.5815261,127.0933571,37.5816767,127.09387895,103.3950478019822,,,,239719825,,,,,면목3·8동
용마산로72길,주거지 도로,37.5834229,127.0958463,37.5835472,127.0957981,37.58348505,127.0958222,65.5426572963606,,,,239719826,,,,,면목3·8동
용마산로86길,주거지 도로,37.5859873,127.0969723,37.5861101,127.0965511,37.5860487,127.0967617,39.62892431744259,,,,239719824,,,,,면목3·8동
용마산로86길,주거지 도로,37.5865357,127.0952396,37.5862977,127.095973,37.5864167,127.0956063,69.83228961691991,,,,239719824,,,,,면목3·8동
용마산로72길,주거지 도로,37.5822716,127.0951385,37.5835891,127.0953916,37.58293035,127.09526505,148.18748088716282,,,,239719823,,,,,면목3·8동
용마산로70길,주거지 도로,37.5822716,127.0951385,37.5818109,127.0962748,37.58204125,127.09570665,118.17908857328923,,,,239719822,,,,,면목3·8동
용마산로70길,주거지 도로,37.5822716,127.0951385,37.5818273,127.0944008,37.58204945,127.09476965,83.8309530123744,,,,239719822,,,,,면목3·8동
용마산로70길,주거지 도로,37.5855017,127.0965789,37.5856028,127.0962769,37.58555225,127.0964279,28.888106328481506,,,,781980188,,,,,면목3·8동
용마산로84길,주거지 도로,37.5855017,127.0965789,37.5841322,127.0975433,37.58481695,127.0970611,182.30973116644856,,,,470492223,,,,,면목3·8동
용마산로84길,주거지 도로,37.5855017,127.0965789,37.5851605,127.0960374,37.585331100000005,127.09630815,82.94851480638219,,,,"[239712485, 470492223]",,,,,면목3·8동
용마산로84길,주거지 도로,37.5856028,127.0962769,37.5861101,127.0965511,37.585856449999994,127.096414,61.365883899934666,,,,239712609,,,,,면목3·8동
용마산로84길,주거지 도로,37.5856028,127.0962769,37.5851605,127.0960374,37.58538165,127.09615715,53.51820414468853,,,,239712609,,,,,면목3·8동
용마산로84길,주거지 도로,37.5856028,127.0962769,37.5855017,127.0965789,37.58555225,127.0964279,28.888106328481506,,,,781980188,,,,,면목3·8동
용마산로84길,주거지 도로,37.5841322,127.0975433,37.5855017,127.0965789,37.58481695,127.0970611,182.30973116644856,,,,470492223,,,,,면목3·8동
용마산로84길,주거지 도로,37.5884453,127.1013637,37.5884993,127.1011171,37.5884723,127.1012404,22.542903787959403,,,,814625705,,,,,면목3·8동
용마산로94다길,주거지 도로,37.5884453,127.1013637,37.5887713,127.1017608,37.5886083,127.10156225,62.05898844018233,,,,"[239712785, 781980174]",,,,,면목3·8동
용마산로94길,주거지 도로,37.5884453,127.1013637,37.587618,127.1017739,37.58803165,127.1015688,201.79952660738792,,,,"[781980176, 814625705, 239719115, 1252259741]",,,,,면목3·8동
용마산로96길,주거지 도로,37.5902609,127.1023762,37.5891054,127.1017502,37.58968315,127.1020632,139.82480018529526,,,,239720723,,,,,망우3동
용마산로100길,주거지 도로,37.5902609,127.1023762,37.5903482,127.1021327,37.59030455,127.10225445,23.54871722088564,,,,239721131,,,,,망우3동
용마산로100길,주거지 도로,37.5902609,127.1023762,37.5901393,127.1027137,37.5902001,127.10254495,32.666942064795386,,,,239721131,,,,,망우3동
용마공원로20길,주거지 도로,37.5902609,127.1023762,37.5911444,127.1027993,37.59070265,127.10258775,105.07619307958196,,,,576302943,,,,,망우3동
용마산로100길,주거지 도로,37.5901393,127.1027137,37.5902609,127.1023762,37.5902001,127.10254495,32.666942064795386,,,,239721131,,,,,망우3동
용마산로100길,주거지 도로,37.5901393,127.1027137,37.5900893,127.1028528,37.5901143,127.10278325,13.458242931013876,,,,239721131,,,,,망우3동
"['용마산로96길', '용마산로100길']",주거지 도로,37.5901393,127.1027137,37.5890567,127.1018985,37.589597999999995,127.1023061,154.1063775573923,,,,"[239720724, 781980172, 239717094]",,,,,망우3동
용마산로96길,주거지 도로,37.5891054,127.1017502,37.589183,127.1015114,37.5891442,127.1016308,22.74160453992968,,,,239717094,,,,,면목3·8동
용마산로96길,주거지 도로,37.5891054,127.1017502,37.5890567,127.1018985,37.58908105,127.10182435,14.144601293428275,,,,239717094,,,,,면목3·8동
용마산로96길,주거지 도로,37.5891054,127.1017502,37.5902609,127.1023762,37.58968315,127.1020632,139.82480018529526,,,,239720723,,,,,망우3동
용마산로96길,주거지 도로,37.5890567,127.1018985,37.5891054,127.1017502,37.58908105,127.10182435,14.144601293428275,,,,239717094,,,,,면목3·8동
용마산로96길,주거지 도로,37.5890567,127.1018985,37.5887713,127.1017608,37.588914,127.10182965,33.975355763800586,,,,781980175,,,,,면목3·8동
"['용마산로96길', '용마산로100길']",주거지 도로,37.5890567,127.1018985,37.5901393,127.1027137,37.589597999999995,127.1023061,154.10637755739234,,,,"[781980172, 239720724, 239717094]",,,,,망우3동
용마산로96길,주거지 도로,37.5887713,127.1017608,37.5890567,127.1018985,37.588914,127.10182965,33.975355763800586,,,,781980175,,,,,면목3·8동
용마산로94다길,주거지 도로,37.5887713,127.1017608,37.5884453,127.1013637,37.5886083,127.10156225,62.058988440182326,,,,"[239712785, 781980174]",,,,,면목3·8동
용마산로96길,주거지 도로,37.5887713,127.1017608,37.5892801,127.1012128,37.5890257,127.1014868,96.1376607535366,,,,"[239720722, 781980173]",,,,,면목3·8동
용마산로100길,주거지 도로,37.5905845,127.1014574,37.5906916,127.1011668,37.590638049999995,127.1013121,28.238717346014365,,,,239721131,,,,,망우3동
용마산로100길,주거지 도로,37.5905845,127.1014574,37.5905559,127.1015405,37.5905702,127.10149895,7.982744677953522,,,,239721131,,,,,망우3동
용마산로96길,주거지 도로,37.5905845,127.1014574,37.589404,127.1008284,37.58999425,127.1011429,142.48598746954713,,,,239721455,,,,,망우3동
용마산로100길,주거지 도로,37.5915343,127.1005191,37.591005,127.1002491,37.59126965,127.1003841,63.48160605792003,,,,239721454,,,,,망우3동
용마산로100길,주거지 도로,37.5915343,127.1005191,37.5916354,127.1002348,37.59158485,127.10037695,27.45625347566738,,,,239721457,,,,,망우3동
용마산로100길,주거지 도로,37.5915343,127.1005191,37.592118,127.1008378,37.59182615,127.10067845,70.71844000427417,,,,814625141,,,,,망우3동
용마산로100길,주거지 도로,37.5915343,127.1005191,37.5914279,127.1008128,37.5914811,127.10066595,28.45396326440836,,,,239721457,,,,,망우3동
용마산로100길,주거지 도로,37.5912042,127.1014383,37.5915003,127.1015972,37.59135225,127.10151775,35.77794067512863,,,,239712497,,,,,망우3동
용마산로100길,주거지 도로,37.5912042,127.1014383,37.5906916,127.1011668,37.5909479,127.10130255,61.814954707152424,,,,239712497,,,,,망우3동
용마산로100길,주거지 도로,37.5912042,127.1014383,37.5913208,127.1011123,37.5912625,127.1012753,31.514166925897772,,,,239721457,,,,,망우3동
용마산로100길,주거지 도로,37.591005,127.1002491,37.5911036,127.0999587,37.5910543,127.1001039,27.836977069492196,,,,239721131,,,,,망우3동
용마산로100길,주거지 도로,37.591005,127.1002491,37.5909077,127.1005286,37.59095635,127.10038885,26.89842844176429,,,,239721131,,,,,망우3동
용마산로100길,주거지 도로,37.591005,127.1002491,37.5915343,127.1005191,37.59126965,127.1003841,63.48160605792003,,,,239721454,,,,,망우3동
용마산로100길,주거지 도로,37.591005,127.1002491,37.5898403,127.0995978,37.59042265,127.09992345,141.65352336631574,,,,814625138,,,,,망우3동
용마산로100길,주거지 도로,37.5916354,127.1002348,37.5915343,127.1005191,37.59158485,127.10037695,27.45625347566738,,,,239721457,,,,,망우3동
용마산로96길,주거지 도로,37.5896314,127.1001992,37.5897381,127.0999022,37.58968475,127.1000507,28.73291518052665,,,,239717094,,,,,면목3·8동
용마산로96길,주거지 도로,37.5896314,127.1001992,37.5895182,127.1005141,37.5895748,127.10035665,30.467847780047748,,,,239717094,,,,,면목3·8동
용마산로96길,주거지 도로,37.5896314,127.1001992,37.5888411,127.0997553,37.58923625,127.09997725,96.1886270200624,,,,576302940,,,,,면목3·8동
용마산로96나길,주거지 도로,37.5896314,127.1001992,37.5907977,127.1008481,37.59021455,127.10052365,141.73082781544065,,,,576302941,,,,,망우3동
용마산로100길,주거지 도로,37.5913208,127.1011123,37.5907977,127.1008481,37.59105925,127.1009802,62.65132313477505,,,,239721456,,,,,망우3동
용마산로100길,주거지 도로,37.5913208,127.1011123,37.5914279,127.1008128,37.591374349999995,127.10096255,28.951400099072742,,,,239721457,,,,,망우3동
용마산로100길,주거지 도로,37.5913208,127.1011123,37.5912042,127.1014383,37.5912625,127.1012753,31.514166925897772,,,,239721457,,,,,망우3동
용마산로100길,주거지 도로,37.5913208,127.1011123,37.5918666,127.1014362,37.5915937,127.10127425,67.06526515830421,,,,814625142,,,,,망우3동
용마산로100길,주거지 도로,37.5907977,127.1008481,37.5909077,127.1005286,37.5908527,127.10068835,30.693441474284175,,,,239721131,,,,,망우3동
용마산로100길,주거지 도로,37.5907977,127.1008481,37.5906916,127.1011668,37.590744650000005,127.10100745,30.45825774938257,,,,239721131,,,,,망우3동
용마산로100길,주거지 도로,37.5907977,127.1008481,37.5913208,127.1011123,37.59105925,127.1009802,62.65132313477505,,,,239721456,,,,,망우3동
용마산로96나길,주거지 도로,37.5907977,127.1008481,37.5896314,127.1001992,37.59021455,127.10052365,141.73082781544065,,,,576302941,,,,,망우3동
용마산로96길,주거지 도로,37.589404,127.1008284,37.5895182,127.1005141,37.5894611,127.10067125,30.4659292547181,,,,239717094,,,,,면목3·8동
용마산로96길,주거지 도로,37.589404,127.1008284,37.5892801,127.1012128,37.58934205,127.1010206,36.56479608169608,,,,239717094,,,,,면목3·8동
용마산로96길,주거지 도로,37.589404,127.1008284,37.5905845,127.1014574,37.58999425,127.1011429,142.48598746954713,,,,239721455,,,,,망우3동
용마산로96길,주거지 도로,37.589404,127.1008284,37.5890008,127.1006154,37.589202400000005,127.1007219,48.603530749900465,,,,814625704,,,,,면목3·8동
용마산로94길,주거지 도로,37.5900444,127.0983009,37.589043,127.0977801,37.58954369999999,127.0980405,121.3951182758999,,,,239723761,,,,,면목3·8동
용마산로96길,주거지 도로,37.5900362,127.0990185,37.59014,127.098717,37.5900881,127.09886775,28.96435899161996,,,,239717094,,,,,면목3·8동
용마산로96길,주거지 도로,37.5900362,127.0990185,37.5899297,127.099328,37.58998295,127.09917325,29.73053215269561,,,,239717094,,,,,면목3·8동
용마산로96길,주거지 도로,37.5900362,127.0990185,37.5912039,127.0996707,37.59062005,127.0993446,141.9905862439265,,,,239723762,,,,,망우3동
용마산로94길,주거지 도로,37.5900362,127.0990185,37.5888298,127.0983695,37.589433,127.098694,145.82562512619833,,,,781980186,,,,,면목3·8동
용마산로94길,주거지 도로,37.589043,127.0977801,37.5889353,127.0980651,37.58898915,127.0979226,27.821261418161946,,,,239719103,,,,,면목3·8동
용마산로94길,주거지 도로,37.589043,127.0977801,37.5891438,127.0974825,37.5890934,127.0976313,28.517082746868873,,,,239719103,,,,,면목3·8동
용마산로94길,주거지 도로,37.589043,127.0977801,37.5876246,127.0970419,37.5883338,127.097411,170.60517360620605,,,,814625144,,,,,면목3·8동
용마산로94길,주거지 도로,37.589043,127.0977801,37.5900444,127.0983009,37.58954369999999,127.0980405,121.3951182758999,,,,239723761,,,,,면목3·8동
용마산로94길,주거지 도로,37.5888298,127.0983695,37.5887295,127.0986465,37.58877965,127.098508,26.834478394487125,,,,239719103,,,,,면목3·8동
용마산로94길,주거지 도로,37.5888298,127.0983695,37.5889353,127.0980651,37.58888255,127.0982173,29.274528032555025,,,,239719103,,,,,면목3·8동
용마산로94길,주거지 도로,37.5888298,127.0983695,37.5900362,127.0990185,37.589433,127.098694,145.82562512619833,,,,781980186,,,,,면목3·8동
용마산로100길,주거지 도로,37.5912039,127.0996707,37.5913062,127.0993562,37.59125505,127.09951345,29.9542533109754,,,,239721131,,,,,망우3동
용마산로100길,주거지 도로,37.5912039,127.0996707,37.5911036,127.0999587,37.59115375,127.0998147,27.718219557241195,,,,239721131,,,,,망우3동
용마산로96길,주거지 도로,37.5912039,127.0996707,37.5900362,127.0990185,37.59062005,127.0993446,141.9905862439265,,,,239723762,,,,,망우3동
상봉로12길,주거지 도로,37.5905478,127.0943496,37.5904082,127.0936572,37.590478,127.0940034,62.951217513440334,,,,238157439,,,,,망우3동
상봉로12길,주거지 도로,37.5905478,127.0943496,37.5906609,127.0948755,37.59060435000001,127.09461255,48.01327007177329,,,,238157439,,,,,망우3동
상봉로12가길,주거지 도로,37.5905478,127.0943496,37.592136,127.0941386,37.5913419,127.0942441,177.77087005581575,,,,239724895,,,,,망우3동
상봉로16길,주거지 도로,37.592136,127.0941386,37.5922105,127.0947142,37.59217325,127.0944264,51.387077315524664,,,,238157445,,,,,망우3동
상봉로16길,주거지 도로,37.592136,127.0941386,37.5920984,127.0938475,37.5921172,127.09399305,25.98678640903098,,,,238157445,,,,,망우3동
상봉로12가길,주거지 도로,37.592136,127.0941386,37.5905478,127.0943496,37.5913419,127.0942441,177.77087005581575,,,,239724895,,,,,망우3동
봉우재로64길,주거지 도로,37.5912284,127.0964104,37.5916034,127.0966066,37.5914159,127.0965085,45.139509186346466,,,,238157847,,,,,망우3동
봉우재로64길,주거지 도로,37.5912284,127.0964104,37.5909936,127.096287,37.591111,127.0963487,28.282051881615093,,,,238157847,,,,,망우3동
겸재로61가길,주거지 도로,37.5912284,127.0964104,37.5911964,127.0948084,37.5912124,127.0956094,144.67586679519587,,,,239724893,,,,,망우3동
상봉로19길,주거지 도로,37.592578,127.0916683,37.5932564,127.0916122,37.5929172,127.09164025,75.59650836124295,,,,239728050,,,,,면목본동
상봉로17길,주거지 도로,37.592578,127.0916683,37.5925507,127.0912847,37.59256435,127.0914765,33.93409457809625,,,,360112622,,,,,면목본동
상봉로17길,주거지 도로,37.592578,127.0916683,37.592605,127.0920473,37.5925915,127.0918578,33.527428800626836,,,,360112622,,,,,면목본동
봉우재로48길,주거지 도로,37.5929081,127.0920172,37.5933307,127.0919556,37.593119400000006,127.0919864,47.303430592433834,,,,239728040,,,,,면목본동
봉우재로48길,주거지 도로,37.5929081,127.0920172,37.5929484,127.0927984,37.59292825,127.0924078,68.97497571631126,,,,239728048,,,,,면목본동
봉우재로48길,주거지 도로,37.5929081,127.0920172,37.592605,127.0920473,37.59275655,127.09203225,33.823129218798414,,,,239728040,,,,,면목본동
상봉로17길,주거지 도로,37.5925507,127.0912847,37.592578,127.0916683,37.59256435,127.0914765,33.93409457809625,,,,360112622,,,,,면목본동
상봉로15마길,주거지 도로,37.5925507,127.0912847,37.5931962,127.0913342,37.59287345,127.09130945,73.94157245081007,,,,239728042,,,,,면목본동
상봉로15마길,주거지 도로,37.5925507,127.0912847,37.5917288,127.0912321,37.59213975,127.0912584,91.93652250908376,,,,239728042,,,,,면목본동
상봉로17길,주거지 도로,37.5925507,127.0912847,37.5926121,127.0896674,37.5925814,127.09047605,146.0542534887946,,,,360112622,,,,,면목본동
봉우재로,3차로,37.5932526,127.0891274,37.5933751,127.0897179,37.59331385,127.08942265,53.78054997305317,,,,516724051,,,,,면목본동
"['봉우재로40길', '상봉로19길']",주거지 도로,37.5932526,127.0891274,37.5928726,127.089838,37.5930626,127.0894827,108.18636724789856,,,,"[360113075, 239728047]",,,,,면목본동
봉우재로,3차로,37.5932526,127.0891274,37.5931458,127.0886131,37.5931992,127.08887025,46.843641472366066,,,,516724051,,,,,면목본동
상봉로19길,주거지 도로,37.5934969,127.0927242,37.5929484,127.0927984,37.59322265,127.0927613,61.33987834029206,,,,239728044,,,,,면목본동
상봉로19길,주거지 도로,37.5934969,127.0927242,37.5936123,127.0932233,37.5935546,127.09297375,45.80785755437205,,,,360113075,,,,,면목본동
상봉로19길,주거지 도로,37.5934969,127.0927242,37.5933307,127.0919556,37.5934138,127.0923399,70.19509226112869,,,,360113075,,,,,면목본동
상봉로15길,주거지 도로,37.5919634,127.0929318,37.5920363,127.09339,37.59199984999999,127.0931609,41.17694285991939,,,,238157438,,,,,면목본동
상봉로17길,주거지 도로,37.5919634,127.0929318,37.5926618,127.0928372,37.5923126,127.0928845,78.10465790134187,,,,781980162,,,,,면목본동
상봉로15길,주거지 도로,37.5919634,127.0929318,37.5918258,127.0920954,37.5918946,127.0925136,75.26538688622608,,,,238157438,,,,,면목본동
면목로84길,주거지 도로,37.5919329,127.0897908,37.5918846,127.0900405,37.59190875,127.08991565,22.64669641780415,,,,360113076,,,,,면목본동
면목로84길,주거지 도로,37.5919329,127.0897908,37.5926121,127.0896674,37.5922725,127.0897291,77.90367061052699,,,,239728038,,,,,면목본동
면목로84길,주거지 도로,37.5919329,127.0897908,37.5919888,127.0892516,37.59196085000001,127.0895212,48.38379216774382,,,,360113076,,,,,면목본동
면목로84길,주거지 도로,37.5926121,127.0896674,37.5928726,127.089838,37.592742349999995,127.0897527,32.634059147233216,,,,239728038,,,,,면목본동
면목로84길,주거지 도로,37.5926121,127.0896674,37.5919329,127.0897908,37.5922725,127.0897291,77.903670610527,,,,239728038,,,,,면목본동
상봉로17길,주거지 도로,37.5926121,127.0896674,37.5925507,127.0912847,37.5925814,127.09047605,146.0542534887946,,,,360112622,,,,,면목본동
상봉로19길,주거지 도로,37.5926618,127.0928372,37.5929484,127.0927984,37.5928051,127.0928178,32.05134239970654,,,,239728044,,,,,면목본동
상봉로17길,주거지 도로,37.5926618,127.0928372,37.592605,127.0920473,37.5926334,127.09244225,69.88206043527263,,,,360112622,,,,,면목본동
상봉로17길,주거지 도로,37.5926618,127.0928372,37.5926918,127.0933281,37.5926768,127.09308265,43.380364784880655,,,,360112622,,,,,면목본동
상봉로17길,주거지 도로,37.5926618,127.0928372,37.5919634,127.0929318,37.5923126,127.0928845,78.10465790134187,,,,781980162,,,,,면목본동
면목로84길,주거지 도로,37.5928726,127.089838,37.5926121,127.0896674,37.592742349999995,127.0897527,32.634059147233216,,,,239728038,,,,,면목본동
상봉로19길,주거지 도로,37.5928726,127.089838,37.5931962,127.0913342,37.5930344,127.0905861,136.64828841287175,,,,360113075,,,,,면목본동
"['봉우재로40길', '상봉로19길']",주거지 도로,37.5928726,127.089838,37.5932526,127.0891274,37.5930626,127.0894827,108.18636724789856,,,,"[360113075, 239728047]",,,,,면목본동
상봉로19길,주거지 도로,37.5932564,127.0916122,37.592578,127.0916683,37.5929172,127.09164025,75.59650836124295,,,,239728050,,,,,면목본동
상봉로19길,주거지 도로,37.5932564,127.0916122,37.5933307,127.0919556,37.59329355,127.0917839,31.363548825533,,,,360113075,,,,,면목본동
상봉로19길,주거지 도로,37.5932564,127.0916122,37.5931962,127.0913342,37.5932263,127.0914732,25.39190521400826,,,,360113075,,,,,면목본동
상봉로19길,주거지 도로,37.5931962,127.0913342,37.5932564,127.0916122,37.5932263,127.0914732,25.39190521400826,,,,360113075,,,,,면목본동
상봉로19길,주거지 도로,37.5931962,127.0913342,37.5928726,127.089838,37.5930344,127.0905861,136.64828841287175,,,,360113075,,,,,면목본동
상봉로15마길,주거지 도로,37.5931962,127.0913342,37.5925507,127.0912847,37.59287345,127.09130945,73.94157245081007,,,,239728042,,,,,면목본동
봉우재로48길,주거지 도로,37.5933307,127.0919556,37.5929081,127.0920172,37.593119400000006,127.0919864,47.303430592433834,,,,239728040,,,,,면목본동
상봉로19길,주거지 도로,37.5933307,127.0919556,37.5934969,127.0927242,37.5934138,127.0923399,70.19509226112869,,,,360113075,,,,,면목본동
상봉로19길,주거지 도로,37.5933307,127.0919556,37.5932564,127.0916122,37.59329355,127.0917839,31.363548825533,,,,360113075,,,,,면목본동
봉우재로48길,주거지 도로,37.5933307,127.0919556,37.5938137,127.0918311,37.5935722,127.09189335,55.11739538279612,,,,239728040,,,,,면목본동
봉우재로,3차로,37.5938137,127.0918311,37.5939049,127.092257,37.5938593,127.09204405,38.87049908846358,,,,516724051,,,,,면목본동
봉우재로,3차로,37.5938137,127.0918311,37.5935082,127.0903591,37.59366095,127.0910951,134.067424464322,,,,516724051,,,,,면목본동
봉우재로48길,주거지 도로,37.5938137,127.0918311,37.5933307,127.0919556,37.5935722,127.09189335,55.11739538279612,,,,239728040,,,,,면목본동
상봉로19길,주거지 도로,37.5929484,127.0927984,37.5934969,127.0927242,37.59322265,127.0927613,61.33987834029206,,,,239728044,,,,,면목본동
상봉로19길,주거지 도로,37.5929484,127.0927984,37.5926618,127.0928372,37.5928051,127.0928178,32.05134239970654,,,,239728044,,,,,면목본동
봉우재로48길,주거지 도로,37.5929484,127.0927984,37.5929081,127.0920172,37.59292825,127.0924078,68.97497571631126,,,,239728048,,,,,면목본동
상봉로20길,주거지 도로,37.5948173,127.0989354,37.5946658,127.0981993,37.59474155,127.09856735,67.00624488232319,,,,238157440,,,,,망우3동
봉우재로70길,주거지 도로,37.5948173,127.0989354,37.595398,127.0991376,37.59510765,127.0990365,68.88284634116266,,,,238157444,,,True,,망우3동
봉우재로70길,주거지 도로,37.5914319,127.0908694,37.5917522,127.0908864,37.59159205,127.0908779,35.64726792410885,,,,781980166,,,,,면목본동
상봉로15라길,주거지 도로,37.5914319,127.0908694,37.5913434,127.0909311,37.59138765,127.09090025,11.242518695024014,,,,1154325166,,,,,면목본동
상봉로15라길,주거지 도로,37.5914319,127.0908694,37.5913803,127.0905019,37.5914061,127.09068565,32.88451017581806,,,,239728542,,,,,면목본동
상봉로15라길,주거지 도로,37.5913803,127.0905019,37.5915068,127.089908,37.591443549999994,127.09020495,58.33467114459669,,,,239728542,,,,,면목본동
상봉로15라길,주거지 도로,37.5913803,127.0905019,37.5914319,127.0908694,37.5914061,127.09068565,32.88451017581806,,,,239728542,,,,,면목본동
겸재로49길,주거지 도로,37.5913803,127.0905019,37.5911481,127.0899923,37.5912642,127.0902471,61.90171155025951,,,,1154325161,,,,,면목본동
상봉로15길,주거지 도로,37.5917522,127.0908864,37.5917288,127.0912321,37.5917405,127.09105925,30.570040111143616,,,,238157438,,,,,면목본동
상봉로15길,주거지 도로,37.5917522,127.0908864,37.5914319,127.0908694,37.59159205,127.0908779,35.64726792410885,,,,781980166,,,,,면목본동
상봉로15길,주거지 도로,37.5917522,127.0908864,37.5918846,127.0900405,37.5918184,127.09046345,75.99179306354084,,,,238157438,,,,,면목본동
면목로84가길,주거지 도로,37.5905611,127.0877047,37.5907565,127.0880772,37.5906588,127.08789095,39.5070374315596,,,,239728541,,,,,면목본동
면목로80길,주거지 도로,37.5905611,127.0877047,37.5906193,127.0870044,37.5905902,127.08735455,62.05572918127848,,,,239729432,,,,,면목본동
면목로80길,주거지 도로,37.5905611,127.0877047,37.59049,127.087874,37.59052555,127.08778935,20.5380865454973,,,,239729432,,,,,면목본동
면목로84가길,주거지 도로,37.5913185,127.088644,37.5910098,127.088683,37.59116415,127.0886635,34.49748994777761,,,,239728541,,,,,면목본동
면목로84가길,주거지 도로,37.5913185,127.088644,37.5912082,127.0889823,37.59126335,127.08881315,32.231980046688896,,,,781980168,,,,,면목본동
면목로84가길,주거지 도로,37.5913185,127.088644,37.5919616,127.088583,37.591640049999995,127.0886135,71.7112514115115,,,,239728541,,,,,면목본동
면목로84가길,주거지 도로,37.5910098,127.088683,37.5913185,127.088644,37.59116415,127.0886635,34.49748994777761,,,,239728541,,,,,면목본동
면목로84가길,주거지 도로,37.5910098,127.088683,37.5908509,127.0882921,37.59093035,127.08848755,38.70969407833133,,,,239728541,,,,,면목본동
면목로84나길,주거지 도로,37.5910098,127.088683,37.5910152,127.0889554,37.591012500000005,127.0888192,24.32472684177594,,,,1154418045,,,,,면목본동
겸재로29길,주거지 도로,37.5910913,127.0860083,37.5905164,127.0856007,37.59080385,127.0858045,73.32337905135832,,,,238158411,,,,,면목본동
겸재로29길,주거지 도로,37.5910913,127.0860083,37.5912092,127.0857562,37.59115025,127.08588225,25.792575765212472,,,,781980171,,,,,면목본동
겸재로29길,주거지 도로,37.5910913,127.0860083,37.5916133,127.0863137,37.5913523,127.086161,64.63758749718482,,,,238158411,,,,,면목본동
면목로79길,주거지 도로,37.5910913,127.0860083,37.5902257,127.0864278,37.5906585,127.08621805,110.18048409005306,,,,239728891,,,,,면목본동
면목로79길,주거지 도로,37.5902257,127.0864278,37.5902056,127.086295,37.59021565,127.0863614,11.9125913800771,,,,239728893,,,,,면목본동
면목로79길,주거지 도로,37.5902257,127.0864278,37.5910913,127.0860083,37.5906585,127.08621805,110.18048409005306,,,,239728891,,,,,면목본동
면목로79길,주거지 도로,37.5902257,127.0864278,37.5903239,127.087079,37.5902748,127.0867534,58.40715836267573,,,,239728893,,,,,면목본동
면목로73길,주거지 도로,37.5885937,127.0856285,37.5886711,127.0859873,37.588632399999995,127.0858079,32.76519129371058,,,,239728892,,,,,면목본동
면목로73길,주거지 도로,37.5885937,127.0856285,37.5884207,127.0848711,37.588507199999995,127.0852498,69.45345947046098,,,,239728892,,,,,면목본동
겸재로29길,주거지 도로,37.5885937,127.0856285,37.5890419,127.0850942,37.5888178,127.08536135,80.23709076334504,,,,239728894,,,,,면목본동
겸재로29길,주거지 도로,37.5890419,127.0850942,37.5884207,127.0848711,37.5887313,127.08498265,71.81712806037264,,,,238158411,,,,,면목본동
겸재로29길,주거지 도로,37.5890419,127.0850942,37.5900836,127.0854866,37.58956275,127.0852904,120.88413661395457,,,,238158411,,,,,면목본동
겸재로29길,주거지 도로,37.5890419,127.0850942,37.5885937,127.0856285,37.5888178,127.08536135,80.23709076334504,,,,239728894,,,,,면목본동
면목로79길,주거지 도로,37.5900836,127.0854866,37.5901009,127.0856164,37.59009225,127.0855515,11.597389658265376,,,,239728893,,,,,면목본동
겸재로29길,주거지 도로,37.5900836,127.0854866,37.5890419,127.0850942,37.58956275,127.0852904,120.88413661395457,,,,238158411,,,,,면목본동
겸재로29길,주거지 도로,37.5900836,127.0854866,37.5905164,127.0856007,37.5903,127.08554365,49.16409649109911,,,,238158411,,,,,면목본동
겸재로29길,주거지 도로,37.5912092,127.0857562,37.5910913,127.0860083,37.59115025,127.08588225,25.792575765212472,,,,781980171,,,,,면목본동
면목로79길,주거지 도로,37.5903239,127.087079,37.5902257,127.0864278,37.5902748,127.0867534,58.40715836267573,,,,239728893,,,,,면목본동
면목로79길,주거지 도로,37.5901009,127.0856164,37.5900836,127.0854866,37.59009225,127.0855515,11.597389658265376,,,,239728893,,,,,면목본동
면목로79길,주거지 도로,37.5901009,127.0856164,37.5902056,127.086295,37.59015325,127.0859557,60.91500377825149,,,,239728893,,,,,면목본동
겸재로35길,주거지 도로,37.5901009,127.0856164,37.5886711,127.0859873,37.589386000000005,127.08580185,162.31108460045297,,,,239728951,,,,,면목본동
면목로73길,주거지 도로,37.5888165,127.0866407,37.5886711,127.0859873,37.5887438,127.086314,59.79948735962387,,,,239728892,,,,,면목본동
면목로73가길,주거지 도로,37.5888165,127.0866407,37.5902056,127.086295,37.58951105,127.08646785,157.43583228382943,,,,239728950,,,,,면목본동
면목로73길,주거지 도로,37.5888165,127.0866407,37.5889895,127.0874139,37.588903,127.0870273,70.79186668864011,,,,239728892,,,,,면목본동
면목로79길,주거지 도로,37.5902056,127.086295,37.5902257,127.0864278,37.59021565,127.0863614,11.9125913800771,,,,239728893,,,,,면목본동
면목로73가길,주거지 도로,37.5902056,127.086295,37.5888165,127.0866407,37.58951105,127.08646785,157.43583228382943,,,,239728950,,,,,면목본동
면목로79길,주거지 도로,37.5902056,127.086295,37.5901009,127.0856164,37.59015325,127.0859557,60.91500377825149,,,,239728893,,,,,면목본동
면목로73길,주거지 도로,37.5886711,127.0859873,37.5885937,127.0856285,37.588632399999995,127.0858079,32.76519129371058,,,,239728892,,,,,면목본동
면목로73길,주거지 도로,37.5886711,127.0859873,37.5888165,127.0866407,37.5887438,127.086314,59.79948735962387,,,,239728892,,,,,면목본동
겸재로35길,주거지 도로,37.5886711,127.0859873,37.5901009,127.0856164,37.589386000000005,127.08580185,162.31108460045297,,,,239728951,,,,,면목본동
겸재로35길,주거지 도로,37.5886711,127.0859873,37.5880576,127.0861674,37.58836435,127.08607735,70.03961582332467,,,,1118141823,,,,,면목본동
상봉로15길,주거지 도로,37.5918258,127.0920954,37.5917541,127.0915348,37.591789950000006,127.0918151,50.03289210540875,,,,238157438,,,,,면목본동
상봉로15나길,주거지 도로,37.5918258,127.0920954,37.5914286,127.0921254,37.591627200000005,127.0921104,44.24571256283674,,,,239729428,,,,,면목본동
상봉로15길,주거지 도로,37.5918258,127.0920954,37.5919634,127.0929318,37.5918946,127.0925136,75.26538688622608,,,,238157438,,,,,면목본동
면목로74길,주거지 도로,37.5891686,127.088207,37.5889895,127.0874139,37.589079049999995,127.08781045,72.66368477524861,,,,238158405,,,,,면목본동
면목로74길,주거지 도로,37.5891686,127.088207,37.5896474,127.0903266,37.589408,127.0892668,194.20104639938737,,,,238158405,,,,,면목본동
면목로74길,주거지 도로,37.5891686,127.088207,37.589687,127.0880842,37.5894278,127.0881456,58.65023779233937,,,,781980170,,,,,면목본동
면목로84나길,주거지 도로,37.5912128,127.0891993,37.5912082,127.0889823,37.5912105,127.0890908,19.126519715232263,,,,239729423,,,,,면목본동
면목로78길,주거지 도로,37.59049,127.087874,37.59022,127.0879452,37.590355,127.0879096,30.67110917667848,,,,781980169,,,,,면목본동
면목로80길,주거지 도로,37.59049,127.087874,37.5905611,127.0877047,37.59052555,127.08778935,20.5380865454973,,,,239729432,,,,,면목본동
면목로80길,주거지 도로,37.59049,127.087874,37.5904913,127.0882557,37.59049065,127.08806485,33.636841692668995,,,,239729432,,,,,면목본동
면목로78길,주거지 도로,37.5907399,127.0889997,37.5907991,127.0889801,37.5907695,127.0889899,6.805507814726782,,,,1154325155,,,,,면목본동
면목로78길,주거지 도로,37.5907399,127.0889997,37.5904784,127.0890869,37.590609150000006,127.0890433,30.075456063918992,,,,1154325155,,,,,면목본동
면목로80길,주거지 도로,37.5907399,127.0889997,37.5905502,127.0884387,37.590645050000006,127.0887192,53.74224649386237,,,,239729432,,,,,면목본동
면목로78길,주거지 도로,37.5900819,127.0871358,37.59022,127.0879452,37.59015095,127.0875405,72.95106150457606,,,,1154325186,,,,,면목본동
면목로84나길,주거지 도로,37.5912082,127.0889823,37.5912128,127.0891993,37.5912105,127.0890908,19.126519715232263,,,,239729423,,,,,면목본동
면목로84나길,주거지 도로,37.5912082,127.0889823,37.5913185,127.088644,37.59126335,127.08881315,32.231980046688896,,,,781980168,,,,,면목본동
면목로84나길,주거지 도로,37.5912082,127.0889823,37.5914587,127.0891262,37.59133344999999,127.08905425,31.403501923749467,,,,1154325156,,,,,면목본동
면목로84나길,주거지 도로,37.5912082,127.0889823,37.5910152,127.0889554,37.5911117,127.08896885,21.74418923714235,,,,1154325156,,,,,면목본동
면목로80길,주거지 도로,37.5906193,127.0870044,37.5905611,127.0877047,37.5905902,127.08735455,62.05572918127848,,,,239729432,,,,,면목본동
면목로78길,주거지 도로,37.59022,127.0879452,37.59049,127.087874,37.590355,127.0879096,30.67110917667848,,,,781980169,,,,,면목본동
면목로78길,주거지 도로,37.59022,127.0879452,37.589687,127.0880842,37.5899535,127.0880147,60.5192022225153,,,,239729426,,,,,면목본동
면목로78길,주거지 도로,37.59022,127.0879452,37.5903054,127.088323,37.5902627,127.0881341,34.61602952632455,,,,239729429,,,True,,면목본동
면목로78길,주거지 도로,37.59022,127.0879452,37.5900819,127.0871358,37.59015095,127.0875405,72.95106150457606,,,,1154325186,,,,,면목본동
면목로84가길,주거지 도로,37.5904913,127.0882557,37.5903054,127.088323,37.59039835,127.08828935,21.50487700751279,,,,1154418049,,,,,면목본동
면목로80길,주거지 도로,37.5904913,127.0882557,37.59049,127.087874,37.59049065,127.08806485,33.636841692668995,,,,239729432,,,,,면목본동
면목로80길,주거지 도로,37.5904913,127.0882557,37.5905267,127.0883693,37.590509,127.0883125,10.775254971683802,,,,239729432,,,,,면목본동
면목로84가길,주거지 도로,37.5904913,127.0882557,37.5907565,127.0880772,37.5906239,127.08816645,33.47021584415434,,,,1154418049,,,,,면목본동
겸재로49길,주거지 도로,37.5906772,127.0899488,37.5910526,127.0898254,37.5908649,127.0898871,43.135408658802255,,,,238158407,,,,,면목본동
겸재로49길,주거지 도로,37.5906772,127.0899488,37.590143,127.0901432,37.5904101,127.090046,61.82069225466697,,,,238158407,,,,,면목본동
면목로78길,주거지 도로,37.5906772,127.0899488,37.5907475,127.0902744,37.59071235,127.0901116,29.73444096874592,,,,239729429,,,True,,면목본동
상봉로15나길,주거지 도로,37.5911671,127.0921452,37.5914286,127.0921254,37.59129785,127.0921353,29.129801368533705,,,,239729428,,,,,면목본동
상봉로15나길,주거지 도로,37.5911671,127.0921452,37.5905972,127.0922111,37.59088215,127.09217815,63.63553478193574,,,,239729428,,,,,면목본동
상봉로11길,주거지 도로,37.5900957,127.092311,37.5899109,127.091493,37.5900033,127.091902,74.94650523075263,,,,238158408,,,,,면목본동
상봉로11길,주거지 도로,37.5900957,127.092311,37.5903782,127.093566,37.590236950000005,127.0929385,114.95364571563164,,,,238158408,,,,,면목본동
상봉로15나길,주거지 도로,37.5900957,127.092311,37.5905972,127.0922111,37.59034645,127.09226105,56.74090132365866,,,,239729428,,,,,면목본동
올림픽로35길,3차로,37.5200917,127.1139765,37.5200482,127.1136976,37.52006995,127.11383705,25.068186422917144,,,,867830209,,,,,잠실4동
올림픽로35길,3차로,37.5200917,127.1139765,37.5201358,127.114296,37.52011375,127.11413625,28.601241800184983,,,,867830209,,,,,잠실4동
올림픽로35길,생활도로,37.5233302,127.1178659,37.5233549,127.1162956,37.523342549999995,127.11708075,139.2091208395404,,,,239950022,,,,,오륜동
성내로14길,주거지 도로,37.5250298,127.1253817,37.5252346,127.1255235,37.5251322,127.1254526,25.980228162672983,,,,418992341,,,,,오륜동
성내로6길,3차로,37.5285935,127.1224931,37.5292898,127.1229805,37.52894165,127.1227368,88.5548258171825,,,,37399464,,,,,성내1동
성내로6길,3차로,37.5285935,127.1224931,37.528251,127.1222508,37.52842225,127.12237195,43.66871774238906,,,,37399464,,,,,성내1동
성안로3길,주거지 도로,37.5285935,127.1224931,37.5283433,127.123071,37.5284684,127.12278205,58.06072697224156,,,,239950604,,,,,성내1동
올림픽로48길,주거지 도로,37.5285935,127.1224931,37.5288468,127.1219421,37.52872015,127.1222176,56.162129601620286,,,,382453975,,,,,성내1동
올림픽로48길,주거지 도로,37.5152601,127.1339901,37.5151653,127.133673,37.5152127,127.13383155,29.8885051388118,,yes,,688650648,,,,,오륜동
올림픽로48길,주거지 도로,37.5152601,127.1339901,37.5158601,127.1343839,37.5155601,127.134187,75.21648106037206,,,,688650649,,,,,오륜동
올림픽로48길,주거지 도로,37.5152601,127.1339901,37.5131408,127.1355888,37.51420045,127.13478945,280.89734043871107,,,,474044259,,,,,오륜동
선릉로86길,주거지 도로,37.5040288,127.049817,37.5031201,127.0502551,37.50357445,127.05003605,108.18256143209425,,,,239952229,,,,,대치4동
선릉로86길,주거지 도로,37.5031201,127.0502551,37.5029598,127.0497407,37.50303995,127.0499979,48.75228214329148,,,,61308649,,,,,대치4동
선릉로86길,주거지 도로,37.5031201,127.0502551,37.5035345,127.0515452,37.503327299999995,127.05090015,122.77901411764768,,,,61308649,,,,,대치4동
선릉로86길,주거지 도로,37.5031201,127.0502551,37.5040288,127.049817,37.50357445,127.05003605,108.18256143209425,,,,239952229,,,,,대치4동
테헤란로27길,주거지 도로,37.50516,127.0365296,37.5039245,127.0371121,37.50454225,127.03682085,146.67625654144808,,,,239953382,,,,,역삼1동
논현로102길,주거지 도로,37.50516,127.0365296,37.5051031,127.0363406,37.50513155,127.0364351,17.83205060732751,,,,392691744,,,,,역삼1동
논현로102길,주거지 도로,37.50516,127.0365296,37.5052858,127.0366939,37.5052229,127.03661175,20.18196368645417,,,,392691744,,,,,역삼1동
테헤란로25길,주거지 도로,37.5032214,127.034856,37.5037225,127.034624,37.503471950000005,127.03474,59.35936827281212,,,,417750356,,,,,역삼1동
논현로97길,주거지 도로,37.5032214,127.034856,37.5029816,127.0340644,37.5031015,127.0344602,74.74745900232367,,,,417746802,,,,,역삼1동
논현로97길,주거지 도로,37.5032214,127.034856,37.5034744,127.0357109,37.5033479,127.03528345,80.64481756747305,,,,417746802,,,,,역삼1동
테헤란로25길,주거지 도로,37.5032214,127.034856,37.5023713,127.035254,37.50279635,127.035055,100.83644065005616,,,,417750356,,,,,역삼1동
봉은사로30길,주거지 도로,37.5049959,127.0359613,37.50559,127.0356774,37.50529295,127.03581935,70.64848823539869,,,,239953463,,,,,역삼1동
봉은사로30길,주거지 도로,37.5049959,127.0359613,37.5037358,127.0365393,37.50436585,127.0362503,149.10523020371227,,,,239953463,,,,,역삼1동
논현로102길,주거지 도로,37.5049959,127.0359613,37.5051031,127.0363406,37.5050495,127.03615095,35.518395548582,,,,392691744,,,,,역삼1동
논현로102길,주거지 도로,37.5049959,127.0359613,37.5047393,127.0351014,37.5048676,127.03553135,81.0417592313357,,,,417746801,,,,,역삼1동
논현로98길,주거지 도로,37.5041298,127.0378107,37.5039245,127.0371121,37.50402715,127.0374614,65.71744331831289,,,,239953383,,,,,역삼1동
논현로98길,주거지 도로,37.5041298,127.0378107,37.5034915,127.0381038,37.503810650000005,127.03795725,75.53930420458488,,,,117786462,,,,,역삼1동
논현로98길,주거지 도로,37.5041298,127.0378107,37.5046337,127.0383634,37.50438175,127.03808705,74.30968348817169,,,,239953383,,,,,역삼1동
테헤란로27길,주거지 도로,37.5039245,127.0371121,37.50516,127.0365296,37.50454225,127.03682085,146.67625654144808,,,,239953382,,,,,역삼1동
논현로98길,주거지 도로,37.5039245,127.0371121,37.5037358,127.0365393,37.50383015,127.0368257,54.71155960872144,,,,239953383,,,,,역삼1동
논현로98길,주거지 도로,37.5039245,127.0371121,37.5041298,127.0378107,37.50402715,127.0374614,65.71744331831289,,,,239953383,,,,,역삼1동
테헤란로27길,주거지 도로,37.5039245,127.0371121,37.5032648,127.0374374,37.50359465,127.03727475,78.78748623902985,,,,239953461,,,,,역삼1동
테헤란로25길,3차로,37.5011212,127.0352706,37.5016661,127.0353544,37.50139365,127.0353125,64.70186100084152,,,,210332897,,,,,역삼1동
테헤란로25길,3차로,37.5011212,127.0352706,37.5005054,127.0355884,37.5008133,127.0354295,73.9946036771328,,,,210332897,,,,,역삼1동
테헤란로21길,주거지 도로,37.5008441,127.0343489,37.5002125,127.0346502,37.5005283,127.03449955,75.09222353544166,,,,239953388,,,,,역삼1동
강남대로94길,주거지 도로,37.5008441,127.0343489,37.5011212,127.0352706,37.50098265,127.03480975,86.95172895351389,,,,239953385,,,True,,역삼1동
테헤란로19길,주거지 도로,37.5006318,127.0336239,37.5010518,127.0334177,37.5008418,127.0335208,50.11937635618848,,,,417750348,,,,,역삼1동
강남대로94길,주거지 도로,37.5006318,127.0336239,37.5007727,127.0341172,37.50070225,127.03387055,46.33934122072317,,,,239953385,,,True,,역삼1동
테헤란로19길,주거지 도로,37.5006318,127.0336239,37.4999818,127.0339114,37.5003068,127.03376765,76.59916280975892,,,,417750348,,,,,역삼1동
테헤란로21길,주거지 도로,37.5002125,127.0346502,37.5008441,127.0343489,37.5005283,127.03449955,75.09222353544166,,,,239953388,,,,,역삼1동
봉은사로30길,주거지 도로,37.5076427,127.0349627,37.5068812,127.0353251,37.50726195,127.0351439,90.51226325573656,,,,239953463,,,,,역삼1동
봉은사로29길,주거지 도로,37.5076427,127.0349627,37.5082323,127.0346951,37.5079375,127.0348289,69.68041881085284,,,,379526749,,,,,논현2동
테헤란로25길,3차로,37.5016661,127.0353544,37.5018948,127.0354709,37.50178045,127.03541265,27.428423032931,,,,210332897,,,,,역삼1동
테헤란로25길,3차로,37.5016661,127.0353544,37.5011212,127.0352706,37.50139365,127.0353125,64.70186100084152,,,,210332897,,,,,역삼1동
테헤란로25길,주거지 도로,37.5016661,127.0353544,37.501674,127.0343575,37.50167005,127.03485595,90.4888948210112,,,,239953379,,,True,,역삼1동
테헤란로21길,주거지 도로,37.5016581,127.034244,37.5020435,127.0341007,37.5018508,127.03417235,44.68014041512843,,,,239953389,,,,,역삼1동
테헤란로21길,주거지 도로,37.5016581,127.034244,37.501674,127.0343575,37.50166605,127.03430075,10.16730475391116,,,,802770126,,,,,역삼1동
테헤란로21길,주거지 도로,37.5016581,127.034244,37.5015744,127.0339969,37.50161625,127.03412045,23.91886998723185,,,,417750359,,,True,,역삼1동
논현로95길,주거지 도로,37.5015744,127.0339969,37.5017976,127.0335161,37.50168600000001,127.0337565,49.14161179343145,,,,239953790,,,,,역삼1동
논현로95길,주거지 도로,37.5015744,127.0339969,37.5011658,127.0340582,37.5013701,127.03402755,45.75498659145561,,,,802770122,,,True,,역삼1동
강남대로94길,주거지 도로,37.5007727,127.0341172,37.5008441,127.0343489,37.5008084,127.03423305,21.92743631714569,,,,239953385,,,True,,역삼1동
논현로95길,주거지 도로,37.5020435,127.0341007,37.501923,127.0336899,37.501983249999995,127.0338953,38.6363545779751,,,,239953380,,,,,역삼1동
논현로95길,주거지 도로,37.5020435,127.0341007,37.5021458,127.0344481,37.50209465,127.0342744,32.688787224434336,,,,239953380,,,,,역삼1동
테헤란로21길,주거지 도로,37.5020435,127.0341007,37.5016581,127.034244,37.5018508,127.03417235,44.68014041512843,,,,239953389,,,,,역삼1동
논현로94길,3차로,37.5024086,127.037175,37.5026135,127.0377267,37.50251105,127.03745085,53.73683709765422,,,,210332895,,,,,역삼1동
논현로94길,3차로,37.5024086,127.037175,37.5021483,127.0363132,37.502278450000006,127.0367441,81.34659758400149,,,,921278929,,,,,역삼1동
봉은사로30길,주거지 도로,37.5024086,127.037175,37.5037358,127.0365393,37.503072200000005,127.03685715,157.87322841452828,,,,239953463,,,,,역삼1동
논현로106길,주거지 도로,37.5072962,127.0389606,37.5069697,127.0379107,37.50713295,127.03843565,99.47216128398786,,,,239953464,,,,,역삼1동
테헤란로39길,주거지 도로,37.5072962,127.0389606,37.5067331,127.0395045,37.50701465,127.03923255,78.88137922650316,,,,392691742,,,,,역삼1동
테헤란로39길,주거지 도로,37.5072962,127.0389606,37.5075682,127.0386953,37.5074322,127.03882795,38.24134522576492,,,,392691742,,,,,역삼1동
논현로106길,주거지 도로,37.5067572,127.0372101,37.5069697,127.0379107,37.50686345,127.0375604,66.16238771110872,,,,239953464,,,,,역삼1동
논현로106길,주거지 도로,37.5067572,127.0372101,37.506212,127.0353847,37.5064846,127.0362974,172.07434875377817,,,,239953464,,,,,역삼1동
봉은사로34길,주거지 도로,37.5067572,127.0372101,37.5072998,127.0367083,37.5070285,127.0369592,74.8332839084427,,,,417746809,,,,,역삼1동
봉은사로34길,주거지 도로,37.5067572,127.0372101,37.5062205,127.0377221,37.50648885,127.0374661,74.87947174683688,,,,417746809,,,,,역삼1동
봉은사로30길,주거지 도로,37.506212,127.0353847,37.5063838,127.0353009,37.5062979,127.0353428,20.48359674403746,,,,239953463,,,,,역삼1동
봉은사로30길,주거지 도로,37.506212,127.0353847,37.50559,127.0356774,37.505900999999994,127.03553105,73.82541835163588,,,,239953463,,,,,역삼1동
논현로106길,주거지 도로,37.506212,127.0353847,37.5067572,127.0372101,37.5064846,127.0362974,172.07434875377817,,,,239953464,,,,,역삼1동
봉은사로30길,주거지 도로,37.5063838,127.0353009,37.506212,127.0353847,37.5062979,127.0353428,20.48359674403746,,,,239953463,,,,,역삼1동
봉은사로30길,주거지 도로,37.5063838,127.0353009,37.5068812,127.0353251,37.5066325,127.035313,55.416392088918265,,,,239953463,,,,,역삼1동
논현로106길,주거지 도로,37.5063838,127.0353009,37.506131,127.0344638,37.5062574,127.03488235,79.01748582699088,,,,417746803,,,,,역삼1동
논현로105길,주거지 도로,37.506131,127.0344638,37.5059464,127.0338621,37.506038700000005,127.03416295,56.90685240243335,,,,117790044,,,,,역삼1동
논현로106길,주거지 도로,37.506131,127.0344638,37.5063838,127.0353009,37.5062574,127.03488235,79.01748582699088,,,,417746803,,,,,역삼1동
논현로98길,주거지 도로,37.5037358,127.0365393,37.5039245,127.0371121,37.50383015,127.0368257,54.71155960872144,,,,239953383,,,,,역삼1동
봉은사로30길,주거지 도로,37.5037358,127.0365393,37.5049959,127.0359613,37.50436585,127.0362503,149.10523020371227,,,,239953463,,,,,역삼1동
논현로98길,주거지 도로,37.5037358,127.0365393,37.5034744,127.0357109,37.5036051,127.0361251,78.643965695866,,,,239953383,,,,,역삼1동
봉은사로30길,주거지 도로,37.5037358,127.0365393,37.5024086,127.037175,37.503072200000005,127.03685715,157.87322841452828,,,,239953463,,,,,역삼1동
논현로95길,주거지 도로,37.5017976,127.0335161,37.5015461,127.0331763,37.50167185,127.0333462,40.99513496523498,,,,239953380,,,,,역삼1동
논현로95길,주거지 도로,37.5017976,127.0335161,37.5015744,127.0339969,37.50168600000001,127.0337565,49.14161179343145,,,,239953790,,,,,역삼1동
논현로95길,주거지 도로,37.5017976,127.0335161,37.501923,127.0336899,37.5018603,127.033603,20.733067855523306,,,,239953380,,,,,역삼1동
논현로95길,주거지 도로,37.501923,127.0336899,37.5020435,127.0341007,37.501983249999995,127.0338953,38.6363545779751,,,,239953380,,,,,역삼1동
논현로95길,주거지 도로,37.501923,127.0336899,37.5017976,127.0335161,37.5018603,127.033603,20.733067855523306,,,,239953380,,,,,역삼1동
논현로97길,주거지 도로,37.501923,127.0336899,37.5028573,127.0336458,37.50239015,127.03366785,103.96263984152948,,,,239953792,,,,,역삼1동
논현로97길,주거지 도로,37.5028573,127.0336458,37.5029816,127.0340644,37.50291945,127.0338551,39.4281450212991,,,,417746802,,,,,역삼1동
논현로97길,주거지 도로,37.5028573,127.0336458,37.501923,127.0336899,37.50239015,127.03366785,103.96263984152948,,,,239953792,,,,,역삼1동
논현로97길,주거지 도로,37.5028573,127.0336458,37.5026909,127.0331025,37.5027741,127.03337415,51.37417954553547,,,,417746802,,,,,역삼1동
테헤란로19길,주거지 도로,37.5020418,127.0329371,37.5018558,127.0323614,37.5019488,127.03264925,54.83514471551299,,,,239953789,,,,,역삼1동
테헤란로19길,주거지 도로,37.5020418,127.0329371,37.5015461,127.0331763,37.50179395,127.0330567,59.036630000434755,,,,239953791,,,,,역삼1동
테헤란로19길,주거지 도로,37.5020418,127.0329371,37.5026909,127.0331025,37.50236635,127.0330198,73.6501984419344,,,,239953791,,,,,역삼1동
논현로97길,주거지 도로,37.5027839,127.0302988,37.5029617,127.0304591,37.5028728,127.03037895,24.306990768838695,,,,117790036,,,,,역삼1동
논현로97길,주거지 도로,37.5027839,127.0302988,37.5023812,127.0314373,37.50258255,127.03086805,145.4699709232714,,,,117790036,,,,,역삼1동
테헤란로7길,주거지 도로,37.5027839,127.0302988,37.500074,127.0305525,37.50142895,127.03042565,332.1557913963821,,,,417750336,,,,,역삼1동
테헤란로5길,주거지 도로,37.5022566,127.029425,37.5025809,127.0292689,37.50241875,127.02934695,38.60030473250164,,,,117790031,,,,,역삼1동
강남대로100길,주거지 도로,37.5022566,127.029425,37.5020193,127.0286363,37.502137950000005,127.02903065,74.41033506791263,,,,239954005,,,,,역삼1동
테헤란로5길,주거지 도로,37.5022566,127.029425,37.5019193,127.0295244,37.50208795,127.0294747,39.032639615624205,,,,117790031,,,,,역삼1동
강남대로100길,주거지 도로,37.5020193,127.0286363,37.5016863,127.0275058,37.5018528,127.02807105,106.37909290112944,,,,239954005,,,,,역삼1동
강남대로100길,주거지 도로,37.5020193,127.0286363,37.5022566,127.029425,37.502137950000005,127.02903065,74.41033506791263,,,,239954005,,,,,역삼1동
강남대로100길,주거지 도로,37.5020193,127.0286363,37.5016814,127.028792,37.50185035,127.02871415,40.004601943644275,,,,239954007,,,,,역삼1동
강남대로92길,주거지 도로,37.4987722,127.0281278,37.4992073,127.0296209,37.49898975,127.02887435,140.3228469804737,,,,129731857,,,,,역삼1동
강남대로92길,주거지 도로,37.4987722,127.0281278,37.4986596,127.0277664,37.4987159,127.0279471,34.252551350585286,,,,129731857,,,,,역삼1동
테헤란로1길,주거지 도로,37.4987722,127.0281278,37.4984336,127.0282953,37.498602899999995,127.02821155,40.4465130762029,,,,256787796,30.0,,,,역삼1동
테헤란로1길,주거지 도로,37.4987722,127.0281278,37.4992816,127.0278926,37.4990269,127.0280102,60.32786346842136,,,,256787796,30.0,,,,역삼1동
봉은사로18길,주거지 도로,37.5007993,127.0279062,37.5013373,127.0276545,37.5010683,127.02778035,63.8830368864047,,,,117790062,,,,,역삼1동
강남대로98길,주거지 도로,37.5007993,127.0279062,37.5006152,127.0272634,37.50070725,127.0275848,60.28742163378254,,,,129733424,50.0,,True,,역삼1동
봉은사로18길,주거지 도로,37.5013373,127.0276545,37.5016863,127.0275058,37.5015118,127.02758015,40.96414579908801,,,,117790062,,,,,역삼1동
테헤란로5길,주거지 도로,37.5013373,127.0276545,37.5016814,127.028792,37.501509350000006,127.02822325,107.39216354547028,,,,239954009,,,,,역삼1동
봉은사로18길,주거지 도로,37.5013373,127.0276545,37.5007993,127.0279062,37.5010683,127.02778035,63.8830368864047,,,,117790062,,,,,역삼1동
테헤란로13길,주거지 도로,37.5020151,127.0316132,37.5016637,127.0317807,37.5018394,127.03169695,41.77443478852141,,,,117790039,,,,,역삼1동
테헤란로13길,주거지 도로,37.5020151,127.0316132,37.5023812,127.0314373,37.50219815,127.03152525,43.56650215934804,,,,117790039,,,,,역삼1동
테헤란로13길,주거지 도로,37.5020151,127.0316132,37.5018456,127.0311061,37.50193035,127.03135965,49.05944133473379,,,,805827765,,,,,역삼1동
테헤란로13길,주거지 도로,37.4996292,127.0327485,37.5006072,127.0322757,37.5001182,127.0325121,116.47961056316528,,,,117790039,,,,,역삼1동
테헤란로13길,주거지 도로,37.5006072,127.0322757,37.5012825,127.0319623,37.50094485,127.032119,80.0179118974534,,,,117790039,,,,,역삼1동
테헤란로13길,주거지 도로,37.5006072,127.0322757,37.4996292,127.0327485,37.5001182,127.0325121,116.47961056316524,,,,117790039,,,,,역삼1동
강남대로94길,주거지 도로,37.5006072,127.0322757,37.5006318,127.0336239,37.5006195,127.0329498,125.21013885654536,,,,129731859,,,True,,역삼1동
테헤란로19길,주거지 도로,37.5010518,127.0334177,37.5006318,127.0336239,37.5008418,127.0335208,50.11937635618848,,,,417750348,,,,,역삼1동
테헤란로19길,주거지 도로,37.5010518,127.0334177,37.5015461,127.0331763,37.50129895,127.033297,58.944869347070835,,,,417750348,,,,,역삼1동
테헤란로19길,주거지 도로,37.5010518,127.0334177,37.5011658,127.0340582,37.5011088,127.03373795,58.37279152624103,,,,239954001,,,,,역삼1동
논현로95길,주거지 도로,37.5011658,127.0340582,37.5007727,127.0341172,37.50096925,127.0340877,44.01956612403869,,,,802770122,,,True,,역삼1동
논현로95길,주거지 도로,37.5011658,127.0340582,37.5010518,127.0334177,37.5011088,127.03373795,58.37279152624103,,,,239954001,,,,,역삼1동
봉은사로2길,주거지 도로,37.5041435,127.0255837,37.5039955,127.0256513,37.5040695,127.0256175,17.503934704430048,,,,117790041,,,True,,역삼1동
강남대로110길,주거지 도로,37.5041435,127.0255837,37.5039452,127.024893,37.50404435,127.02523835,64.79575700990787,,,,239954074,,,True,,역삼1동
봉은사로6길,주거지 도로,37.5032021,127.0273538,37.5037347,127.0270998,37.5034684,127.0272268,63.31932474803956,,,,26163000,,,,,역삼1동
강남대로106길,주거지 도로,37.5032021,127.0273538,37.5031198,127.0270831,37.50316095,127.02721845,25.572830051122903,,,,379463134,,,,,역삼1동
봉은사로6길,주거지 도로,37.5032021,127.0273538,37.5027424,127.027595,37.50297225,127.0274744,55.367852087685506,,,,26163000,,,,,역삼1동
강남대로106길,주거지 도로,37.5032021,127.0273538,37.503442,127.0282061,37.50332205,127.02777995,79.77610115394046,,,,379463134,,,,,역삼1동
봉은사로4길,주거지 도로,37.5030185,127.0267428,37.5038781,127.0263579,37.5034483,127.02655035,101.43462229296244,,,,117790045,,,,,역삼1동
강남대로106길,주거지 도로,37.5030185,127.0267428,37.5031198,127.0270831,37.50306915,127.02691295,32.062750031589445,,,,379463134,,,,,역삼1동
강남대로106길,주거지 도로,37.5030185,127.0267428,37.5028453,127.0261846,37.5029319,127.0264637,52.87309448973789,,,,379463134,,,,,역삼1동
봉은사로4길,주거지 도로,37.5030185,127.0267428,37.5022177,127.027138,37.50261810000001,127.0269404,95.63402519608542,,,,117790045,,,,,역삼1동
강남대로102길,주거지 도로,37.503442,127.0282061,37.5027424,127.027595,37.5030922,127.02790055,94.64455003525438,,,,417750337,,,,,역삼1동
강남대로102길,주거지 도로,37.503442,127.0282061,37.503966,127.0286256,37.503704,127.02841585,69.02417746443166,,,,417750337,,,,,역삼1동
강남대로106길,주거지 도로,37.503442,127.0282061,37.5032021,127.0273538,37.50332205,127.02777995,79.77610115394046,,,,379463134,,,,,역삼1동
논현로99길,주거지 도로,37.5037225,127.034624,37.5034661,127.0337318,37.5035943,127.0341779,83.70824847965535,,,,117790055,,,,,역삼1동
테헤란로25길,주거지 도로,37.5037225,127.034624,37.5032214,127.034856,37.503471950000005,127.03474,59.35936827281212,,,,417750356,,,,,역삼1동
테헤란로25길,주거지 도로,37.5037225,127.034624,37.5044899,127.0342794,37.5041062,127.0344517,90.58383073787464,,,,417750356,,,,,역삼1동
봉은사로10길,주거지 도로,37.5056403,127.0281601,37.5055387,127.0282047,37.5055895,127.0281824,11.96283862866161,,,,239954368,,,,,역삼1동
봉은사로20길,주거지 도로,37.5050969,127.0314926,37.5051979,127.0313027,37.5051474,127.03139765,20.167625879889744,,,,239954365,,,,,역삼1동
봉은사로20길,주거지 도로,37.5050969,127.0314926,37.5047624,127.0321125,37.504929649999994,127.03180255,66.13306391231889,,,,239954365,,,,,역삼1동
봉은사로22길,주거지 도로,37.5050969,127.0314926,37.5058072,127.0318183,37.50545205,127.03165545,93.2347502585877,,,,239954364,,,,,역삼1동
봉은사로26길,주거지 도로,37.5056531,127.0337153,37.5058946,127.0336066,37.50577385,127.03366095,28.5141158215414,,,,239954371,,,,,역삼1동
봉은사로26길,주거지 도로,37.5056531,127.0337153,37.50463,127.0328319,37.505141550000005,127.0332736,137.89330827127822,,,,239954366,,,,,역삼1동
봉은사로26길,주거지 도로,37.5056531,127.0337153,37.5044899,127.0342794,37.5050715,127.03399735,138.58464937931845,,,,239954371,,,,,역삼1동
논현로105길,주거지 도로,37.5051387,127.0295473,37.5051497,127.0296182,37.5051442,127.02958275,6.372638780129194,,,,117790044,,,,,역삼1동
논현로105길,주거지 도로,37.5051387,127.0295473,37.5048358,127.0285127,37.50498725,127.02903,97.2799121356982,,,,117790044,,,,,역삼1동
논현로105길,주거지 도로,37.5051387,127.0295473,37.505839,127.0292018,37.505488850000006,127.02937455,83.62149875599069,,,,239954370,,,,,역삼1동
논현로105길,주거지 도로,37.5048358,127.0285127,37.5051387,127.0295473,37.50498725,127.02903,97.2799121356982,,,,117790044,,,,,역삼1동
봉은사로10길,주거지 도로,37.5048358,127.0285127,37.5055387,127.0282047,37.505187250000006,127.0283587,82.7465086407197,,,,239954368,,,,,역삼1동
논현로105길,주거지 도로,37.5048358,127.0285127,37.5043264,127.026822,37.5045811,127.02766735,159.5335530342357,,,,117790044,,,,,역삼1동
봉은사로26길,주거지 도로,37.5044613,127.0326862,37.50463,127.0328319,37.50454565,127.03275905,22.73918444221179,,,,239954366,,,,,역삼1동
봉은사로20길,주거지 도로,37.5044613,127.0326862,37.5047624,127.0321125,37.50461185,127.03239935,60.67974361606757,,,,239954365,,,,,역삼1동
봉은사로20길,주거지 도로,37.5044613,127.0326862,37.5040323,127.0334798,37.5042468,127.033083,84.74365088368002,,,,239954365,,,,,역삼1동
논현로105길,주거지 도로,37.5058558,127.0327958,37.5058754,127.0333245,37.5058656,127.03306015,46.68755577190835,,,,117790044,,,,,역삼1동
논현로105길,주거지 도로,37.5058558,127.0327958,37.5058072,127.0318183,37.5058315,127.03230705,86.39455528659022,,,,117790044,,,,,역삼1동
봉은사로24길,주거지 도로,37.5058558,127.0327958,37.5068513,127.0323071,37.50635355,127.03255145,118.79232048749805,,,,417750339,,,,,역삼1동
봉은사로24길,주거지 도로,37.5058558,127.0327958,37.5047624,127.0321125,37.5053091,127.03245415,142.93633020108274,,,,239954369,,,,,역삼1동
봉은사로18길,주거지 도로,37.5062216,127.03045,37.5060425,127.0304396,37.506132050000005,127.0304448,19.93615777030482,,,,417750363,,,,,역삼1동
봉은사로20길,주거지 도로,37.5047624,127.0321125,37.5050969,127.0314926,37.504929649999994,127.03180255,66.13306391231889,,,,239954365,,,,,역삼1동
봉은사로20길,주거지 도로,37.5047624,127.0321125,37.5044613,127.0326862,37.50461185,127.03239935,60.67974361606757,,,,239954365,,,,,역삼1동
봉은사로24길,주거지 도로,37.5047624,127.0321125,37.5058558,127.0327958,37.5053091,127.03245415,142.93633020108274,,,,239954369,,,,,역삼1동
봉은사로24길,주거지 도로,37.5047624,127.0321125,37.5042758,127.031707,37.5045191,127.03190975,64.86219997163688,,,,239954369,,,,,역삼1동
사평대로57길,주거지 도로,37.504189,127.0236103,37.5045728,127.0234403,37.5043809,127.0235253,45.23470683727352,,,,239954464,,,,,반포1동
강남대로83길,주거지 도로,37.5064314,127.022603,37.5069245,127.0231778,37.50667795,127.0228904,74.68007827856651,,,,239954459,,,,,반포1동
강남대로83길,주거지 도로,37.5064314,127.022603,37.5059275,127.0220695,37.50617945,127.02233625,73.17190034941204,,,,239954459,,,,,반포1동
사평대로57길,주거지 도로,37.5064314,127.022603,37.505124,127.0232241,37.5057777,127.02291355,155.45688680932668,,,,239954464,,,,,반포1동
사평대로57길,주거지 도로,37.5064314,127.022603,37.5074187,127.0221136,37.50692505,127.0223583,118.1052476822408,,,,379470599,,,,,반포1동
주흥길,주거지 도로,37.5063843,127.019971,37.5065599,127.0200827,37.5064721,127.02002685,21.87099377279748,,,,523257331,,,,,반포1동
주흥길,주거지 도로,37.5063843,127.019971,37.505999,127.0204844,37.506191650000005,127.0202277,62.34163844863253,,,,379470589,,,,,반포1동
주흥길,주거지 도로,37.5063843,127.019971,37.5053657,127.0193326,37.505875,127.0196518,131.64385027448031,,,,523257331,,,,,반포1동
사평대로57길,주거지 도로,37.505124,127.0232241,37.5045728,127.0234403,37.5048484,127.0233322,64.18930699342364,,,,239954464,,,,,반포1동
강남대로79길,주거지 도로,37.505124,127.0232241,37.5056626,127.0237845,37.5053933,127.0235043,77.65576045824596,,,,417731485,,,,,반포1동
사평대로57길,주거지 도로,37.505124,127.0232241,37.5064314,127.022603,37.5057777,127.02291355,155.45688680932668,,,,239954464,,,,,반포1동
강남대로79길,주거지 도로,37.505124,127.0232241,37.5046056,127.0226942,37.5048648,127.02295915,74.26733155832976,,,,417731485,,,,,반포1동
사평대로55길,주거지 도로,37.5081641,127.0209998,37.5084056,127.0218367,37.50828485,127.02141825,78.55315783314455,,,,239962777,,,,,반포1동
사평대로55길,주거지 도로,37.5081641,127.0209998,37.508459,127.020854,37.50831155,127.0209269,35.2231893369927,,,,239962779,,,,,반포1동
사평대로55길,주거지 도로,37.5081641,127.0209998,37.5076441,127.0212502,37.507904100000005,127.021125,61.89639378213118,,,,239962779,,,,,반포1동
강남대로79길,주거지 도로,37.5056626,127.0237845,37.505124,127.0232241,37.5053933,127.0235043,77.65576045824596,,,,417731485,,,,,반포1동
주흥길,주거지 도로,37.5067395,127.0200983,37.5069939,127.0200283,37.5068667,127.0200633,28.954076599160977,,,,703247063,,,,,반포1동
주흥길,주거지 도로,37.5067395,127.0200983,37.5065599,127.0200827,37.5066497,127.0200905,20.6926907713855,,,,523257331,,,,,반포1동
사평대로53길,주거지 도로,37.5067395,127.0200983,37.5071221,127.0207298,37.5069308,127.02041405,72.85386553274333,,,,703247062,,,,,반포1동
강남대로,주거지 도로,37.5101355,127.0200649,37.5102807,127.0205885,37.5102081,127.0203267,48.924934413626886,,,,239954463,,,,,반포1동
사평대로55길,주거지 도로,37.5101355,127.0200649,37.5105888,127.0198484,37.51036215,127.01995665,53.90089692173273,,,,239962779,,,,,반포1동
사평대로55길,주거지 도로,37.5101355,127.0200649,37.5097803,127.0202331,37.5099579,127.020149,42.191035075124525,,,,239962779,,,,,반포1동
강남대로83길,주거지 도로,37.5044468,127.0204901,37.5046844,127.0207417,37.5045656,127.0206159,34.5049151641151,,,,239954459,,,,,반포1동
주흥길,주거지 도로,37.5044468,127.0204901,37.5049036,127.0196785,37.504675199999994,127.0200843,87.78096214233085,,,,523257331,,,,,반포1동
주흥길,주거지 도로,37.5044468,127.0204901,37.5040719,127.020835,37.50425935,127.02066255,53.679963315606955,,,,239962364,,,,,반포1동
주흥3길,주거지 도로,37.5044468,127.0204901,37.5041513,127.0191777,37.50429905,127.0198339,120.34271375693858,,,,523257330,,,,,반포1동
주흥10길,주거지 도로,37.5076441,127.0212502,37.5074405,127.0205664,37.5075423,127.0209083,64.42547038880727,,,,239962366,,,,,반포1동
사평대로55길,주거지 도로,37.5076441,127.0212502,37.5081641,127.0209998,37.507904100000005,127.021125,61.89639378213118,,,,239962779,,,,,반포1동
사평대로55길,주거지 도로,37.5076441,127.0212502,37.5074828,127.0213238,37.50756345,127.021287,19.074571212634375,,,,239962779,,,,,반포1동
강남대로83길,주거지 도로,37.5069245,127.0231778,37.5064314,127.022603,37.50667795,127.0228904,74.68007827856651,,,,239954459,,,,,반포1동
강남대로,주거지 도로,37.5105351,127.0214082,37.5102807,127.0205885,37.5104079,127.02099835,77.63828428566215,,,,239954463,,,,,반포1동
주흥16길,주거지 도로,37.5093288,127.0187259,37.5094735,127.0192016,37.50940115,127.01896375,44.93872138402581,,,,239962135,,,,,반포1동
주흥길,주거지 도로,37.5093288,127.0187259,37.5090173,127.0190779,37.50917305,127.0189019,46.68249131944567,,,,239963000,,,,,반포1동
주흥길,주거지 도로,37.5093288,127.0187259,37.5096548,127.0181907,37.5094918,127.0184583,59.53451570050399,,,,239965862,,,,,반포1동
주흥15길,주거지 도로,37.5093288,127.0187259,37.5090539,127.0184074,37.509191349999995,127.01856665,41.51658881161954,,,,417731513,,,,,반포1동
주흥16길,주거지 도로,37.5097803,127.0202331,37.5096448,127.0197652,37.50971255,127.01999915,43.93560848925488,,,,239962135,,,,,반포1동
사평대로55길,주거지 도로,37.5097803,127.0202331,37.5101355,127.0200649,37.5099579,127.020149,42.191035075124525,,,,239962779,,,,,반포1동
사평대로55길,주거지 도로,37.5097803,127.0202331,37.5091645,127.0205327,37.5094724,127.0203829,73.39643783914994,,,,239962779,,,,,반포1동
주흥11길,주거지 도로,37.507918,127.0188832,37.508125,127.0195257,37.5080215,127.01920445,61.169158235286304,,,,417731511,,,,,반포1동
주흥9길,주거지 도로,37.507918,127.0188832,37.5068163,127.0193426,37.50736714999999,127.0191129,129.26858964606893,,,,417731507,,,,,반포1동
주흥11길,주거지 도로,37.507918,127.0188832,37.5071703,127.0180051,37.50754415,127.01844415,113.62993151871804,,,,417731511,,,,,반포1동
주흥11길,주거지 도로,37.507918,127.0188832,37.5083655,127.0183416,37.50814174999999,127.0186124,69.14451251518025,,,,703247065,,,,,반포1동
주흥11길,주거지 도로,37.5071703,127.0180051,37.5078325,127.0177021,37.507501399999995,127.0178536,78.3339721201604,,,,417731519,,,,,반포1동
주흥11길,주거지 도로,37.5071703,127.0180051,37.5067219,127.0174545,37.5069461,127.0177298,69.60484670823539,,,,417731511,,,,,반포1동
주흥11길,주거지 도로,37.5071703,127.0180051,37.507918,127.0188832,37.50754415,127.01844415,113.62993151871804,,,,417731511,,,,,반포1동
사평대로53길,주거지 도로,37.508305,127.0201558,37.508125,127.0195257,37.508215,127.01984075,59.07347676247532,,,,239962781,,,,,반포1동
사평대로53길,주거지 도로,37.508305,127.0201558,37.5086565,127.0199774,37.50848075,127.0200666,42.13393445438587,,,,417731492,,,,,반포1동
사평대로53길,주거지 도로,37.508305,127.0201558,37.508459,127.020854,37.508382,127.0205049,65.03631278565243,,,,239962782,,,,,반포1동
사평대로53길,주거지 도로,37.508305,127.0201558,37.5074405,127.0205664,37.50787275,127.0203611,102.72473144459072,,,,417731492,,,,,반포1동
주흥10길,주거지 도로,37.5074405,127.0205664,37.5072624,127.020369,37.50735145,127.0204677,26.37008004063424,,,,239962365,,,,,반포1동
주흥10길,주거지 도로,37.5074405,127.0205664,37.5076441,127.0212502,37.5075423,127.0209083,64.42547038880727,,,,239962366,,,,,반포1동
사평대로53길,주거지 도로,37.5074405,127.0205664,37.5071221,127.0207298,37.5072813,127.0206481,38.22592642417284,,,,417731492,,,,,반포1동
사평대로53길,주거지 도로,37.5074405,127.0205664,37.508305,127.0201558,37.50787275,127.0203611,102.72473144459072,,,,417731492,,,,,반포1동
주흥길,주거지 도로,37.5069939,127.0200283,37.5067395,127.0200983,37.5068667,127.0200633,28.954076599160977,,,,703247063,,,,,반포1동
주흥10길,주거지 도로,37.5069939,127.0200283,37.5072624,127.020369,37.50712815,127.02019865,42.44539980782905,,,,239962365,,,,,반포1동
주흥길,주거지 도로,37.5069939,127.0200283,37.508125,127.0195257,37.50755945,127.019777,133.3576427764444,,,,239963000,,,,,반포1동
주흥9길,주거지 도로,37.5069939,127.0200283,37.5068163,127.0193426,37.5069051,127.01968545,63.62706935233972,,,,417731504,,,,,반포1동
사평대로53길,주거지 도로,37.5044111,127.0220042,37.5054239,127.021528,37.5049175,127.0217661,120.19741071346756,,,,239962778,,,,,반포1동
강남대로79길,주거지 도로,37.5044111,127.0220042,37.5046056,127.0226942,37.504508349999995,127.0223492,64.59428910605118,,,,239962780,,,,,반포1동
강남대로79길,주거지 도로,37.5044111,127.0220042,37.5042389,127.0214385,37.504324999999994,127.02172135,53.44898332363736,,,,239962780,,,,,반포1동
강남대로79길,주거지 도로,37.5042389,127.0214385,37.5049835,127.0210586,37.5046112,127.02124855,89.3206545240051,,,,239962776,,,,,반포1동
강남대로79길,주거지 도로,37.5042389,127.0214385,37.5044111,127.0220042,37.504324999999994,127.02172135,53.44898332363736,,,,239962780,,,,,반포1동
강남대로79길,주거지 도로,37.5042389,127.0214385,37.5040719,127.020835,37.5041554,127.02113675,56.38173483325509,,,,239962780,,,,,반포1동
사평대로55길,주거지 도로,37.5084056,127.0218367,37.5081641,127.0209998,37.50828485,127.02141825,78.55315783314455,,,,239962777,,,,,반포1동
사평대로57길,주거지 도로,37.5084056,127.0218367,37.5083641,127.0218989,37.50838485,127.0218678,7.169097965613972,,,,417731528,,,,,반포1동
사평대로57길,주거지 도로,37.5084056,127.0218367,37.5086371,127.0213935,37.50852135,127.0216151,50.33362808782515,,,,417731528,,,,,반포1동
사평대로55길,주거지 도로,37.5085919,127.020793,37.5086371,127.0213935,37.5086145,127.02109325,53.206109711077545,,,,239962775,,,,,반포1동
사평대로55길,주거지 도로,37.5085919,127.020793,37.508459,127.020854,37.50852545,127.0208235,15.726895841651457,,,,239962779,,,,,반포1동
사평대로55길,주거지 도로,37.5085919,127.020793,37.5091645,127.0205327,37.5088782,127.02066285,67.69411797675487,,,,239962779,,,,,반포1동
사평대로55길,주거지 도로,37.508459,127.020854,37.5085919,127.020793,37.50852545,127.0208235,15.726895841651457,,,,239962779,,,,,반포1동
사평대로55길,주거지 도로,37.508459,127.020854,37.5081641,127.0209998,37.50831155,127.0209269,35.2231893369927,,,,239962779,,,,,반포1동
사평대로55길,주거지 도로,37.508459,127.020854,37.508305,127.0201558,37.508382,127.0205049,65.03631278565243,,,,239962782,,,,,반포1동
강남대로83길,주거지 도로,37.5049835,127.0210586,37.505227,127.0213181,37.50510525,127.02118835,35.45555089694811,,,,239954459,,,,,반포1동
강남대로79길,주거지 도로,37.5049835,127.0210586,37.5042389,127.0214385,37.5046112,127.02124855,89.3206545240051,,,,239962776,,,,,반포1동
강남대로83길,주거지 도로,37.5049835,127.0210586,37.5046844,127.0207417,37.504833950000005,127.02090015,43.44619098331363,,,,239954459,,,,,반포1동
강남대로83길,주거지 도로,37.5049835,127.0210586,37.5053167,127.0203991,37.5051501,127.02072885,69.38405772929062,,,,379470602,,,,,반포1동
사평대로57길,주거지 도로,37.5080178,127.0218343,37.5074187,127.0221136,37.50771825,127.02197395,71.02658940871012,,,,379470599,,,,,반포1동
사평대로57길,주거지 도로,37.5080178,127.0218343,37.5083641,127.0218989,37.50819095,127.0218666,38.92617976330355,,,,417731522,,,,,반포1동
사평대로55길,주거지 도로,37.5080178,127.0218343,37.5074828,127.0213238,37.5077503,127.02157905,75.12469595951282,,,,417731525,,,,,반포1동
사평대로55길,주거지 도로,37.5066396,127.0209704,37.5068584,127.0216284,37.506749,127.0212994,62.934437154396086,,,,239962772,,,,,반포1동
사평대로53길,주거지 도로,37.5066396,127.0209704,37.5061942,127.0211747,37.506416900000005,127.02107255,52.70309708932793,,,,239962778,,,,,반포1동
사평대로53길,주거지 도로,37.5066396,127.0209704,37.5071221,127.0207298,37.50688085,127.0208501,57.69675131351602,,,,239962778,,,,,반포1동
사평대로55길,주거지 도로,37.5074828,127.0213238,37.5076441,127.0212502,37.50756345,127.021287,19.074571212634375,,,,239962779,,,,,반포1동
사평대로55길,주거지 도로,37.5074828,127.0213238,37.5072262,127.021449,37.5073545,127.0213864,30.59535019670914,,,,239962779,,,,,반포1동
사평대로55길,주거지 도로,37.5074828,127.0213238,37.5080178,127.0218343,37.5077503,127.02157905,75.12469595951282,,,,417731525,,,,,반포1동
사평대로55길,주거지 도로,37.5068584,127.0216284,37.5066396,127.0209704,37.506749,127.0212994,62.934437154396086,,,,239962772,,,,,반포1동
사평대로55길,주거지 도로,37.5068584,127.0216284,37.5072262,127.021449,37.507042299999995,127.0215387,43.85235262208107,,,,239962779,,,,,반포1동
사평대로55길,주거지 도로,37.5068584,127.0216284,37.506272,127.0219063,37.5065652,127.02176735,69.66038911786094,,,,239962779,,,,,반포1동
강남대로,주거지 도로,37.5085253,127.0224081,37.5083641,127.0218989,37.5084447,127.0221535,48.35960313351757,,,,239962774,,,,,반포1동
강남대로79길,주거지 도로,37.5040719,127.020835,37.5042389,127.0214385,37.5041554,127.02113675,56.38173483325509,,,,239962780,,,,,반포1동
주흥1길,주거지 도로,37.5040719,127.020835,37.5036176,127.0193423,37.50384475,127.02008865,141.03223476633246,,,,379463125,,,,,반포1동
주흥길,주거지 도로,37.5040719,127.020835,37.5044468,127.0204901,37.50425935,127.02066255,53.679963315606955,,,,239962364,,,,,반포1동
주흥길,주거지 도로,37.5040719,127.020835,37.5034452,127.0211197,37.50375855,127.02097735,74.09074238202656,,,,239962364,,,,,반포1동
강남대로83길,주거지 도로,37.5054239,127.021528,37.5059275,127.0220695,37.5056757,127.02179875,73.60255996569933,,,,239954459,,,,,반포1동
강남대로83길,주거지 도로,37.5054239,127.021528,37.505227,127.0213181,37.50532545,127.02142305,28.673714220119564,,,,239954459,,,,,반포1동
사평대로53길,주거지 도로,37.5054239,127.021528,37.5044111,127.0220042,37.5049175,127.0217661,120.19741071346756,,,,239962778,,,,,반포1동
사평대로53길,주거지 도로,37.5054239,127.021528,37.5055761,127.0214582,37.5055,127.0214931,18.00910598915574,,,,239962778,,,,,반포1동
강남대로83길,주거지 도로,37.5059275,127.0220695,37.5064314,127.022603,37.50617945,127.02233625,73.17190034941204,,,,239954459,,,,,반포1동
강남대로83길,주거지 도로,37.5059275,127.0220695,37.5054239,127.021528,37.5056757,127.02179875,73.60255996569933,,,,239954459,,,,,반포1동
사평대로55길,주거지 도로,37.5059275,127.0220695,37.506272,127.0219063,37.50609975,127.0219879,40.92241277402117,,,,239962779,,,,,반포1동
사평대로55길,주거지 도로,37.5059275,127.0220695,37.5046056,127.0226942,37.50526655,127.02238185,156.9846824695833,,,,239962779,,,,,반포1동
주흥길,주거지 도로,37.5090173,127.0190779,37.5084792,127.0193479,37.50874825,127.0192129,64.39960133106412,,,,239963000,,,,,반포1동
주흥13길,주거지 도로,37.5090173,127.0190779,37.5085627,127.0185643,37.50879,127.0188211,67.8791875072377,,,,239963001,,,,,반포1동
주흥길,주거지 도로,37.5090173,127.0190779,37.5093288,127.0187259,37.50917305,127.0189019,46.68249131944567,,,,239963000,,,,,반포1동
주흥길,주거지 도로,37.5090173,127.0190779,37.5091945,127.0197257,37.509105899999994,127.0194018,60.441854507275565,,,,703247061,,,,,반포1동
사평대로53길,주거지 도로,37.5091945,127.0197257,37.5089519,127.0198436,37.5090732,127.01978465,28.911081890328663,,,,417731492,,,,,반포1동
사평대로53길,주거지 도로,37.5091945,127.0197257,37.5095881,127.0196083,37.5093913,127.019667,44.97477274968266,,,,417731492,,,,,반포1동
주흥길,주거지 도로,37.5091945,127.0197257,37.5090173,127.0190779,37.509105899999994,127.0194018,60.441854507275565,,,,703247061,,,,,반포1동
주흥11길,주거지 도로,37.5078325,127.0177021,37.5071703,127.0180051,37.507501399999995,127.0178536,78.3339721201604,,,,417731519,,,,,반포1동
주흥13길,주거지 도로,37.5078325,127.0177021,37.5083655,127.0183416,37.508099,127.01802185,81.8222061809529,,,,239963001,,,,,반포1동
주흥13길,주거지 도로,37.5078325,127.0177021,37.5074502,127.0172291,37.50764135,127.0174656,59.5637960164828,,,,239963001,,,,,반포1동
주흥16길,주거지 도로,37.5095881,127.0196083,37.5094735,127.0192016,37.5095308,127.01940495,38.06933762239124,,,,239962135,,,,,반포1동
주흥16길,주거지 도로,37.5095881,127.0196083,37.5096448,127.0197652,37.50961645,127.01968675,15.207917482386105,,,,239962135,,,,,반포1동
사평대로53길,주거지 도로,37.5095881,127.0196083,37.5101954,127.0185706,37.50989175,127.01908945,118.07014874553974,,,,239966723,,,,,반포1동
사평대로53길,주거지 도로,37.5095881,127.0196083,37.5091945,127.0197257,37.5093913,127.019667,44.97477274968266,,,,417731492,,,,,반포1동
주흥17길,주거지 도로,37.5089809,127.0166164,37.509268,127.0176083,37.50912445,127.01711235,98.21558101486036,,,,239965863,,,,,반포1동
신반포로40길,주거지 도로,37.5089809,127.0166164,37.5083357,127.016839,37.5086583,127.0167277,74.66203865109783,,,,282209701,,,,,반포1동
신반포로40길,주거지 도로,37.5089809,127.0166164,37.5095333,127.0164088,37.5092571,127.0165126,64.09556765905792,,,,282209701,,,,,반포1동
주흥16길,주거지 도로,37.5094735,127.0192016,37.5093288,127.0187259,37.50940115,127.01896375,44.93872138402581,,,,239962135,,,,,반포1동
주흥16길,주거지 도로,37.5094735,127.0192016,37.5095881,127.0196083,37.5095308,127.01940495,38.06933762239124,,,,239962135,,,,,반포1동
신반포로42길,주거지 도로,37.5094735,127.0192016,37.5099336,127.0181722,37.50970355,127.0186869,106.47631540278704,,,,239965861,,,,,반포1동
주흥길,주거지 도로,37.5096548,127.0181907,37.5099336,127.0181722,37.5097942,127.01818145,31.04410592426067,,,,239965862,,,,,반포1동
주흥길,주거지 도로,37.5096548,127.0181907,37.5093288,127.0187259,37.5094918,127.0184583,59.53451570050399,,,,239965862,,,,,반포1동
주흥17길,주거지 도로,37.5096548,127.0181907,37.5094507,127.0179139,37.50955275,127.0180523,33.943379409234204,,,,239965863,,,,,반포1동
주흥길,주거지 도로,37.5099336,127.0181722,37.5100596,127.018117,37.509996599999994,127.0181446,14.832491590991047,,,,239965862,,,,,반포1동
주흥길,주거지 도로,37.5099336,127.0181722,37.5096548,127.0181907,37.5097942,127.01818145,31.04410592426067,,,,239965862,,,,,반포1동
신반포로42길,주거지 도로,37.5099336,127.0181722,37.5094735,127.0192016,37.50970355,127.0186869,106.47631540278704,,,,239965861,,,,,반포1동
주흥길,주거지 도로,37.5100596,127.018117,37.5099336,127.0181722,37.509996599999994,127.0181446,14.832491590991047,,,,239965862,,,,,반포1동
주흥16길,주거지 도로,37.5096448,127.0197652,37.5095881,127.0196083,37.50961645,127.01968675,15.207917482386105,,,,239962135,,,,,반포1동
주흥16길,주거지 도로,37.5096448,127.0197652,37.5097803,127.0202331,37.50971255,127.01999915,43.93560848925488,,,,239962135,,,,,반포1동
신반포로,주거지 도로,37.5096448,127.0197652,37.5104545,127.0193863,37.51004965,127.01957575,96.03748061262488,,,,239966722,,,,,반포1동
신반포로,주거지 도로,37.5104545,127.0193863,37.5096448,127.0197652,37.51004965,127.01957575,96.03748061262488,,,,239966722,,,,,반포1동
신반포로41길,주거지 도로,37.5102989,127.0167226,37.5108811,127.0165667,37.51059,127.01664465,66.18211251838554,,,,234847821,,,,,잠원동
신반포로41길,주거지 도로,37.5102989,127.0167226,37.5098108,127.0169315,37.51005485,127.01682705,57.31684814646994,,,,234847821,,,,,잠원동
신반포로41길,주거지 도로,37.5102989,127.0167226,37.510151,127.0161668,37.51022495,127.0164447,51.709222332309416,,,,282209699,,,,,잠원동
신반포로43길,주거지 도로,37.5102989,127.0167226,37.5106366,127.0178284,37.51046775,127.0172755,104.51530209881592,,,,417636978,,,,,잠원동
사평대로53길,주거지 도로,37.5101954,127.0185706,37.5095881,127.0196083,37.50989175,127.01908945,118.07014874553974,,,,239966723,,,,,반포1동
화곡로54길,주거지 도로,37.5504743,126.8501003,37.5500063,126.8510219,37.5502403,126.8505611,96.48320359929124,,,,517242916,,,,,화곡6동
화곡로54길,주거지 도로,37.5504743,126.8501003,37.5509735,126.848916,37.550723899999994,126.84950815,118.79194754063984,,,,240073091,,,,,화곡6동
공항대로46길,주거지 도로,37.5504743,126.8501003,37.5518379,126.8506322,37.5511561,126.85036625,170.62827288729562,,,,629498824,,,,,화곡6동
목동중앙본로,3차로,37.5427679,126.8695332,37.5432249,126.8700416,37.5429964,126.8697874,67.7743700592865,,,,37399934,,,,,목2동
목동중앙본로,3차로,37.5427679,126.8695332,37.5413978,126.8690137,37.54208285,126.86927345,160.96605001338872,,,,37399934,,,,,목2동
목동중앙본로24길,주거지 도로,37.5427679,126.8695332,37.5421807,126.8710082,37.5424743,126.8702707,145.81694427088354,,,,240226082,,,,,목2동
"['목동중앙본로20길', '목동중앙본로18가길', '목동중앙본로18길']",주거지 도로,37.5421263,126.8706841,37.5411534,126.8703159,37.54163985,126.8705,130.52356792677642,,,,"[797804283, 240226228, 278166847]",,,,,목2동
목동중앙북로16길,주거지 도로,37.5425972,126.8740226,37.5426962,126.8740155,37.542646700000006,126.87401905,11.026097035616049,,,,465023912,,,,,목2동
목동중앙북로,주거지 도로,37.5463722,126.8774476,37.5465041,126.8780135,37.54643815,126.87773055,52.002068492462925,,,,240226840,,,,,목2동
목동중앙북로,주거지 도로,37.5463722,126.8774476,37.5463416,126.876618,37.5463569,126.8770328,73.21846052043078,,,,240226840,,,,,목2동
목동중앙북로,주거지 도로,37.5463722,126.8774476,37.5470274,126.877397,37.5466998,126.8774223,72.99146644100517,,,,471381315,,,,,목2동
목동중앙북로,주거지 도로,37.5463722,126.8774476,37.5459305,126.8776619,37.54615135,126.87755475,52.62341411426887,,,,471381315,,,,,목2동
목동중앙본로,주거지 도로,37.5465691,126.8731156,37.54677,126.87192,37.54666955,126.8725178,107.74747524769816,,,,240226846,,,,,목2동
목동중앙북로,주거지 도로,37.5465691,126.8731156,37.5463176,126.873238,37.54644335,126.8731768,29.975311363772512,,,,240226848,,,,,목2동
목동중앙북로,주거지 도로,37.5465691,126.8731156,37.546921,126.8731779,37.54674505,126.87314675,39.51314938336285,,,,240226848,,,,,목2동
목동중앙북로,주거지 도로,37.5463176,126.873238,37.5462355,126.873747,37.54627655,126.8734925,45.793787508692134,,,,240226840,,,,,목2동
목동중앙북로,주거지 도로,37.5463176,126.873238,37.5465009,126.8721004,37.54640925,126.8726692,102.3433570257235,,,,240226840,,,,,목2동
목동중앙북로,주거지 도로,37.5463176,126.873238,37.5465691,126.8731156,37.54644335,126.8731768,29.975311363772512,,,,240226848,,,,,목2동
목동중앙북로14길,주거지 도로,37.5463176,126.873238,37.5459727,126.8732585,37.54614515,126.87324825,38.39374669520532,,,,240226852,,,,,목2동
목동중앙북로,주거지 도로,37.546921,126.8731779,37.5465691,126.8731156,37.54674505,126.87314675,39.51314938336285,,,,240226848,,,,,목2동
목동중앙본로32길,주거지 도로,37.5452952,126.8726264,37.5453118,126.8732977,37.5453035,126.87296205,59.212894579731454,,,,240226853,,,,,목2동
목동중앙본로30길,주거지 도로,37.5452952,126.8726264,37.5460228,126.872309,37.545659,126.8724677,85.6081309714799,,,,240226851,,,,,목2동
목동중앙본로30길,주거지 도로,37.5452952,126.8726264,37.5442624,126.8724721,37.5447788,126.87254925,117.5621137827629,,,,240226851,,,,,목2동
목동중앙본로32길,주거지 도로,37.5452952,126.8726264,37.5452711,126.8716525,37.54528315,126.87213945,85.90420730246501,,,,240226853,,,,,목2동
목동중앙북로,주거지 도로,37.5465009,126.8721004,37.5463176,126.873238,37.54640925,126.8726692,102.3433570257235,,,,240226840,,,,,목2동
목동중앙북로,주거지 도로,37.5465009,126.8721004,37.54658,126.87161,37.546540449999995,126.8718552,44.12023257539593,,,,240226840,,,,,목2동
목동중앙본로30길,주거지 도로,37.5465009,126.8721004,37.5460228,126.872309,37.54626185,126.8722047,56.253478178416735,,,,240226851,,,,,목2동
목동중앙본로30가길,주거지 도로,37.5452711,126.8716525,37.5441441,126.8711454,37.544707599999995,126.87139895,133.05308676872752,,,,278160179,,,,,목2동
목동중앙본로32길,주거지 도로,37.5452711,126.8716525,37.5452952,126.8726264,37.54528315,126.87213945,85.90420730246501,,,,240226853,,,,,목2동
목동중앙본로32길,주거지 도로,37.5452711,126.8716525,37.5454184,126.8711232,37.54534475,126.87138785,49.45624005364813,,,,240226853,,,,,목2동
목동중앙본로30가길,주거지 도로,37.5452711,126.8716525,37.5460228,126.872309,37.545646950000005,126.87198075,111.68597444222074,,,,278160179,,,,,목2동
목동중앙본로32길,주거지 도로,37.5453246,126.873816,37.5453118,126.8732977,37.5453182,126.87355685,45.717262962839776,,,,240226853,,,,,목2동
목동중앙북로16길,주거지 도로,37.5453246,126.873816,37.5448455,126.8738523,37.54508505,126.87383415,53.36960665155706,,,,465023912,,,,,목2동
목동중앙북로16길,주거지 도로,37.5453246,126.873816,37.5462355,126.873747,37.545780050000005,126.8737815,101.47011414078744,,,,465023912,,,,,목2동
목동중앙본로31길,주거지 도로,37.5459888,126.8690984,37.5455522,126.8706494,37.5457705,126.8698739,145.10306749729605,,,,240226854,,,,,목2동
목동중앙북로10길,주거지 도로,37.5459888,126.8690984,37.5448909,126.8686199,37.54543985,126.86885915,129.49604537305134,,,,276663539,,,,,목2동
목동중앙북로10길,주거지 도로,37.5459888,126.8690984,37.5464833,126.8695791,37.546236050000005,126.86933875,69.42254990558895,,,,276663539,,,,,목2동
목동중앙본로29길,주거지 도로,37.544438,126.8701588,37.54429,126.87063,37.544364,126.8703944,44.68401113414439,,,,276663536,,,,,목2동
목동중앙북로12길,주거지 도로,37.544438,126.8701588,37.5455522,126.8706494,37.5449951,126.8704041,131.22671602726092,,,,240226855,,,,,목2동
목동중앙본로29길,주거지 도로,37.544438,126.8701588,37.5448909,126.8686199,37.54466445,126.86938935,144.74209238695147,,,,276663536,,,,,목2동
목동중앙북로12길,주거지 도로,37.5467147,126.8711611,37.5455522,126.8706494,37.54613345,126.87090525,136.9102408788028,,,,240226855,,,,,목2동
목동중앙북로,3차로,37.5467147,126.8711611,37.5470061,126.8700874,37.5468604,126.87062425,100.0512500900928,,,,278159477,,,,,목2동
목동중앙북로,3차로,37.5467147,126.8711611,37.5467,126.87168,37.546707350000005,126.87142055,46.03906565349475,,,,278159477,,,,,목2동
목동중앙북로,주거지 도로,37.5476157,126.87068,37.5470061,126.8700874,37.5473109,126.8703837,85.5815575774502,,,,240226856,,,,,목2동
목동중앙북로,주거지 도로,37.5476157,126.87068,37.5477714,126.8708389,37.547693550000005,126.87075945,22.270764103801906,,,,240226856,,,,,염창동
경인로35길,주거지 도로,37.5033911,126.8513251,37.5027595,126.8516983,37.503075300000006,126.8515117,77.56400209097436,,,,465798600,,,,,고척2동
경인로33길,3차로,37.5028887,126.8500145,37.501673,126.8506125,37.50228085,126.8503135,145.1081826920294,,,,240327208,,,,,고척2동
고척로,주거지 도로,37.5028887,126.8500145,37.5035869,126.8501363,37.5032378,126.8500754,82.54088905445458,,,,250092760,,,,,고척2동
경인로33길,3차로,37.4978559,126.8523632,37.4979691,126.8524264,37.4979125,126.8523948,13.766828527581769,,,,520732840,,,,,개봉1동
고척로52길,주거지 도로,37.5037829,126.8564483,37.5044297,126.8561095,37.5041063,126.8562789,77.88335353336787,,,,240327643,60.0,,,,고척2동
고척로52길,주거지 도로,37.5037829,126.8564483,37.5036569,126.8564655,37.5037199,126.8564569,14.09754710949636,,,,240327643,60.0,,,,고척2동
경서로11길,주거지 도로,37.5037829,126.8564483,37.5042089,126.8574903,37.5039959,126.8569693,103.8553891543934,,,,249663043,,,,,고척1동
고척로51길,주거지 도로,37.505092,126.8557626,37.505688,126.8553939,37.50539,126.85557825,73.822598020967,,,,249858015,,,,,고척2동
고척로52길,주거지 도로,37.505092,126.8557626,37.5044297,126.8561095,37.50476085,126.85593605,79.74901242852425,,,,240327643,60.0,,,,고척2동
고척로52길,주거지 도로,37.5036569,126.8564655,37.5035319,126.8564305,37.5035944,126.856448,14.238161379512054,,,,465798228,,,,,고척2동
고척로52길,주거지 도로,37.5036569,126.8564655,37.5037829,126.8564483,37.5037199,126.8564569,14.09754710949636,,,,240327643,60.0,,,,고척2동
경서로7길,주거지 도로,37.5036569,126.8564655,37.5032382,126.8574095,37.50344755,126.8569375,97.68494925567704,,,,240327644,60.0,,,,고척1동
경서로7길,주거지 도로,37.5019821,126.8591157,37.5027791,126.8581095,37.502380599999995,126.8586126,125.44501755844315,,,,240327644,60.0,,,,고척1동
중앙로5길,주거지 도로,37.5019821,126.8591157,37.5008282,126.8623343,37.50140515,126.860725,320.10005488576854,,,,249663044,,,,,고척1동
경서로7길,주거지 도로,37.5032382,126.8574095,37.5034089,126.8576736,37.50332355,126.85754155,30.050488778287576,,,,250073615,,,,,고척1동
경서로7길,주거지 도로,37.5032382,126.8574095,37.5036569,126.8564655,37.50344755,126.8569375,97.68494925567704,,,,240327644,60.0,,,,고척1동
경서로7길,주거지 도로,37.5032382,126.8574095,37.5027791,126.8581095,37.50300865,126.8577595,80.1305212183099,,,,240327644,60.0,,,,고척1동
공릉로2가길,주거지 도로,37.6120729,127.0786316,37.6132513,127.0787316,37.6126621,127.0786816,131.35961021662314,,,,240662297,,,,,묵1동
공릉로2길,주거지 도로,37.6120729,127.0786316,37.6120999,127.0795598,37.612086399999995,127.0790957,81.81504682805124,,,,372722744,,,,,묵1동
공릉로2길,주거지 도로,37.6120729,127.0786316,37.6120493,127.0778172,37.612061100000005,127.0782244,71.78394229615284,,,,372722744,,,,,묵1동
공릉로2가길,주거지 도로,37.6132513,127.0787316,37.6140928,127.0788149,37.613672050000005,127.07877325,93.91520431476212,,,,240662297,,,,,묵1동
공릉로2가길,주거지 도로,37.6132513,127.0787316,37.6120729,127.0786316,37.6126621,127.0786816,131.35961021662314,,,,240662297,,,,,묵1동
공릉로4길,주거지 도로,37.6132513,127.0787316,37.6132019,127.0794893,37.6132266,127.07911045,66.97231806731969,,,,372722743,,,,,묵1동
공릉로4길,주거지 도로,37.6132513,127.0787316,37.6132711,127.0779649,37.6132612,127.07834825,67.93496588448876,,,,372722743,,,,,묵1동
목동중앙북로16가길,주거지 도로,37.5448455,126.8738523,37.5447088,126.874078,37.54477715,126.87396515,25.040100259252597,,,,240764643,,,,,목2동
목동중앙북로16길,주거지 도로,37.5448455,126.8738523,37.5440958,126.8739091,37.54447065,126.8738807,83.51323063349226,,,,465023912,,,,,목2동
목동중앙북로16길,주거지 도로,37.5448455,126.8738523,37.5453246,126.873816,37.54508505,126.87383415,53.36960665155706,,,,465023912,,,,,목2동
목동중앙북로16가길,주거지 도로,37.5434839,126.8761007,37.5438139,126.8755558,37.5436489,126.87582825,60.45201607548518,,,,471381318,,,,,목2동
목동중앙북로24길,주거지 도로,37.5431959,126.8739794,37.5438139,126.8755558,37.5435049,126.8747676,171.3742702079645,,,,240764644,,,True,,목2동
목동중앙본로28길,주거지 도로,37.5431959,126.8739794,37.5431568,126.8729495,37.54317635,126.87346445,90.90614624825952,,,,278160064,,,,,목2동
목동중앙북로16길,주거지 도로,37.5431959,126.8739794,37.5426962,126.8740155,37.54294605,126.87399745,55.65526691327435,,,,465023912,,,,,목2동
목동중앙북로16길,주거지 도로,37.5431959,126.8739794,37.5440958,126.8739091,37.54364585,126.87394425,100.25622657661008,,,,465023912,,,,,목2동
목동중앙북로,주거지 도로,37.5463082,126.8757147,37.546285,126.8750874,37.5462966,126.87540105,55.364323778956184,,,,240226840,,,,,목2동
목동중앙북로,주거지 도로,37.5463082,126.8757147,37.5463416,126.876618,37.5463249,126.87616635,79.72349820530079,,,,240226840,,,,,목2동
목동중앙북로20길,주거지 도로,37.5463082,126.8757147,37.5450492,126.8758003,37.5456787,126.8757575,140.19787593966092,,,,240764645,,,,,목2동
목동중앙북로,주거지 도로,37.5463082,126.8757147,37.5469433,126.8758935,37.54662575,126.8758041,74.53648396716356,,,,471381316,,,,,목2동
목동중앙북로18길,주거지 도로,37.5450492,126.8758003,37.545032,126.8751578,37.5450406,126.87547905,56.67748853092457,,,,797804284,,,,,목2동
목동중앙북로20길,주거지 도로,37.5450492,126.8758003,37.5446865,126.8764293,37.54486785,126.8761148,68.5697966512727,,,,240764645,,,,,목2동
목동중앙북로20길,주거지 도로,37.5450492,126.8758003,37.5463082,126.8757147,37.5456787,126.8757575,140.19787593966092,,,,240764645,,,,,목2동
목동중앙북로20길,주거지 도로,37.5444707,126.8768034,37.5446865,126.8764293,37.544578599999994,126.87661635,40.787656150499515,,,,240764645,,,,,목2동
목동중앙북로,주거지 도로,37.5450109,126.8743733,37.5447088,126.874078,37.54485985,126.87422565,42.49984229886439,,,,471365918,,,,,목2동
목동중앙북로18길,주거지 도로,37.5450109,126.8743733,37.545032,126.8751578,37.54502145,126.87476555,69.204263690119,,,,240764646,,,,,목2동
목동중앙북로,주거지 도로,37.5450109,126.8743733,37.5462624,126.8744745,37.545636650000006,126.8744239,140.05942684141183,,,,240764647,,,,,목2동
목동중앙북로,주거지 도로,37.5462624,126.8744745,37.5462355,126.873747,37.546248950000006,126.87411075,64.20779919348332,,,,240226840,,,,,목2동
목동중앙북로,주거지 도로,37.5462624,126.8744745,37.546285,126.8750874,37.5462737,126.87478095,54.09307475052338,,,,240226840,,,,,목2동
목동중앙북로,주거지 도로,37.5462624,126.8744745,37.5450109,126.8743733,37.545636650000006,126.8744239,140.05942684141183,,,,240764647,,,,,목2동
목동중앙북로,주거지 도로,37.546285,126.8750874,37.5463082,126.8757147,37.5462966,126.87540105,55.364323778956184,,,,240226840,,,,,목2동
목동중앙북로,주거지 도로,37.546285,126.8750874,37.5468939,126.8750307,37.54658945,126.87505905,67.89096555495811,,,,465026401,,,,,목2동
목동중앙북로,주거지 도로,37.546285,126.8750874,37.5462624,126.8744745,37.5462737,126.87478095,54.09307475052338,,,,240226840,,,,,목2동
목동중앙북로18길,주거지 도로,37.546285,126.8750874,37.545032,126.8751578,37.5456585,126.8751226,139.46561710454424,,,,240764650,,,,,목2동
목동중앙북로20길,주거지 도로,37.5446865,126.8764293,37.5444707,126.8768034,37.544578599999994,126.87661635,40.787656150499515,,,,240764645,,,,,목2동
목동중앙북로24길,주거지 도로,37.5446865,126.8764293,37.5442668,126.8760092,37.54447665,126.87621925,59.57986249241603,,,,471381317,,,,,목2동
목동중앙북로20길,주거지 도로,37.5446865,126.8764293,37.5450492,126.8758003,37.54486785,126.8761148,68.5697966512727,,,,240764645,,,,,목2동
목동중앙북로24길,주거지 도로,37.5446865,126.8764293,37.5450748,126.8768548,37.54488065,126.87664205,57.19737553112827,,,,471381317,,,,,목2동
공항대로46길,주거지 도로,37.5552862,126.8539601,37.5547483,126.8536521,37.55501725,126.8538061,65.6857797515387,,,,241059245,,,,,화곡6동
공항대로46길,주거지 도로,37.5541986,126.8521265,37.554397,126.8528024,37.5542978,126.85246445,63.535534435560166,,,,241059427,,,,,화곡6동
공항대로46길,3차로,37.5541986,126.8521265,37.5536992,126.8518807,37.553948899999995,126.8520036,59.60853410037468,,,,629498814,,,,,화곡6동
화곡로,주거지 도로,37.5541986,126.8521265,37.5551605,126.8525524,37.55467955,126.85233945,114.59306801559148,,,,465221983,,,,,화곡6동
화곡로60길,주거지 도로,37.5539168,126.8512239,37.5536992,126.8518807,37.553808,126.8515523,62.751568681200546,,,,241059429,,,,,화곡6동
화곡로59길,주거지 도로,37.5539168,126.8512239,37.5541766,126.8506214,37.5540467,126.85092265,60.46035653012754,,,,278176144,,,,,화곡6동
화곡로60길,주거지 도로,37.5531359,126.8535151,37.5532753,126.8531061,37.5532056,126.8533106,39.24580519141276,,,,241059429,,,,,화곡6동
까치산로,3차로,37.5531359,126.8535151,37.55329,126.8536,37.55321295,126.85355755,18.69834926746822,,,,517242915,,2,,,화곡6동
까치산로,3차로,37.5531359,126.8535151,37.5531072,126.8535006,37.55312155,126.85350785,3.437771874521227,,,,517242915,,2,,,화곡6동
화곡로54길,주거지 도로,37.5500063,126.8510219,37.5497488,126.8515288,37.549877550000005,126.85127535,53.073427903194336,,,,517242916,,,,,화곡6동
화곡로54길,주거지 도로,37.5500063,126.8510219,37.5504743,126.8501003,37.5502403,126.8505611,96.48320359929124,,,,517242916,,,,,화곡6동
화곡로44나길,주거지 도로,37.5500063,126.8510219,37.5495016,126.8505406,37.54975395,126.85078125,70.42262007757384,,,,241060390,,,,,화곡6동
화곡로44나길,주거지 도로,37.5489006,126.8498596,37.5492008,126.8501997,37.5490507,126.85002965,44.86923707019982,,,,241060390,,,,,화곡6동
화곡로50길,주거지 도로,37.5489006,126.8498596,37.5495848,126.8485322,37.5492427,126.8491959,139.57885865302765,,,,278178001,,,True,,화곡6동
화곡로50길,주거지 도로,37.5489006,126.8498596,37.54862,126.85029,37.5487603,126.8500748,49.1248865269055,,,,623396342,,,,,화곡6동
화곡로44나길,주거지 도로,37.5489006,126.8498596,37.5482951,126.8491647,37.54859785,126.84951215,91.02848136438008,,,,241060390,,,,,화곡6동
공항대로46길,주거지 도로,37.5546401,126.8535901,37.554397,126.8528024,37.55451855,126.85319625,74.51379316118349,,,,241059427,,,,,화곡6동
공항대로46길,주거지 도로,37.5546401,126.8535901,37.5547483,126.8536521,37.5546942,126.8536211,13.214516977359557,,,,517242917,,,,,화곡6동
공항대로46길,주거지 도로,37.5546401,126.8535901,37.5533144,126.8529915,37.55397725,126.8532908,157.85874311167944,,,,278187207,,,,,화곡6동
화곡로58길,3차로,37.5527889,126.8526735,37.5527639,126.8528184,37.5527764,126.85274595,13.07259038997976,,,,237765259,30.0,,,,화곡6동
화곡로58길,3차로,37.5527889,126.8526735,37.5528318,126.8524819,37.55281035,126.8525777,17.5511125687069,,,,237765259,30.0,,,,화곡6동
화곡로58길,주거지 도로,37.5527889,126.8526735,37.5517807,126.8521252,37.5522848,126.85239935,122.08305619073778,,,,241458212,,,,,화곡6동
화곡로56길,주거지 도로,37.5511237,126.8517678,37.5507583,126.8522178,37.550940999999995,126.8519928,56.78560386369759,,,,237765268,,,,,화곡6동
화곡로56길,주거지 도로,37.5511237,126.8517678,37.5517807,126.8521252,37.5514522,126.8519465,79.55972489614976,,,,465224212,,,,,화곡6동
화곡로56길,주거지 도로,37.5511237,126.8517678,37.5518379,126.8506322,37.5514808,126.8512,129.41217443838465,,,,237765268,,,,,화곡6동
까치산로27길,주거지 도로,37.5521997,126.8508917,37.55196,126.8515974,37.55207985,126.85124455,67.68050573904243,,,,241458214,,,,,화곡6동
공항대로46길,3차로,37.5521997,126.8508917,37.5518379,126.8506322,37.5520188,126.85076195,46.27970447206733,,,,629498814,,,,,화곡6동
공항대로46길,3차로,37.5521997,126.8508917,37.553042,126.8515421,37.55262085,126.8512169,109.8893399481846,,,,629498814,,,,,화곡6동
용마산로,주거지 도로,37.5751124,127.0890559,37.5754914,127.0883107,37.5753019,127.0886833,78.03181023595903,,,,241751437,,,,,면목7동
용마산로36길,주거지 도로,37.5708155,127.0871844,37.570813,127.0868313,37.57081425,127.08700785,31.121096132820323,,,,241752649,,,,,중곡4동
용마산로36길,주거지 도로,37.5708155,127.0871844,37.570831,127.0881849,37.57082325,127.08768465,88.19415972006611,,,,241752649,,,,,중곡4동
용마산로36길,주거지 도로,37.5708155,127.0871844,37.5716986,127.087155,37.57125705,127.0871697,98.23055812773316,,,,241752653,,,,,면목4동
용마산로36길,주거지 도로,37.5708155,127.0871844,37.5700687,127.0872083,37.5704421,127.08719635,83.06719952170604,,,,241752653,,,,,중곡4동
용마산로40길,주거지 도로,37.5716986,127.087155,37.5717605,127.0878676,37.57172955,127.0875113,63.17903865172296,,,,238271433,,,,,면목4동
용마산로36길,주거지 도로,37.5716986,127.087155,37.5708155,127.0871844,37.57125705,127.0871697,98.23055812773316,,,,241752653,,,,,면목4동
용마산로40길,주거지 도로,37.5716986,127.087155,37.5716688,127.0868234,37.571683699999994,127.0869892,29.411904779297913,,,,238271433,,,,,면목4동
용마산로40길,주거지 도로,37.5717605,127.0878676,37.5716986,127.087155,37.57172955,127.0875113,63.17903865172296,,,,238271433,,,,,면목4동
용마산로40길,주거지 도로,37.5717605,127.0878676,37.5717739,127.0879105,37.5717672,127.08788905,4.063878556731157,,,,238271433,,,,,면목4동
용마산로36길,주거지 도로,37.5717605,127.0878676,37.570831,127.0881849,37.57129575,127.08802625,107.07213031370112,,,,238271434,,,,,면목4동
용마산로34길,주거지 도로,37.5700687,127.0872083,37.5700571,127.0880373,37.5700629,127.0876228,73.07459541893391,,,,238271427,,,,,중곡4동
용마산로34길,주거지 도로,37.5700687,127.0872083,37.570074,127.0868288,37.57007135,127.08701855,33.45209788692822,,,,238271427,,,,,중곡4동
용마산로36길,주거지 도로,37.5700687,127.0872083,37.5708155,127.0871844,37.5704421,127.08719635,83.06719952170604,,,,241752653,,,,,중곡4동
아차산로78길,주거지 도로,37.550333,127.110589,37.5506081,127.1106769,37.55047055,127.11063295,31.556003101305055,,,,516647738,,,,,광장동
아차산로78길,주거지 도로,37.550333,127.110589,37.5483633,127.1093131,37.54934815,127.10995105,258.9173049662595,,,,516647761,,,,,광장동
아차산로78길,주거지 도로,37.550333,127.110589,37.5503428,127.109756,37.5503379,127.1101725,78.89907312491012,,,,789738599,,,,,광장동
아차산로78길,주거지 도로,37.5503428,127.109756,37.5499961,127.1095432,37.55016945,127.1096496,42.8735512740731,,,,516647763,,,,,광장동
아차산로78길,주거지 도로,37.5503428,127.109756,37.5514105,127.1097992,37.550876650000006,127.1097776,140.19200628067654,,,,241860085,,,,,광장동
아차산로78길,주거지 도로,37.5503428,127.109756,37.550333,127.110589,37.5503379,127.1101725,78.89907312491012,,,,789738599,,,,,광장동
아차산로78길,주거지 도로,37.5510738,127.1109223,37.5506081,127.1106769,37.550840949999994,127.1107996,56.120879565863525,,,,516647738,,,,,광장동
아차산로78길,주거지 도로,37.5510738,127.1109223,37.5516009,127.1112027,37.55133735,127.1110625,63.610311572803326,,,,516647738,,,,,광장동
아차산로78길,주거지 도로,37.5510738,127.1109223,37.551149,127.1107222,37.5511114,127.11082225,23.4991202882302,,,,1046426572,,,,,광장동
아차산로78길,주거지 도로,37.5514105,127.1097992,37.5510891,127.1102667,37.5512498,127.11003295,54.55028034661488,,,,241860074,,,,,광장동
아차산로78길,주거지 도로,37.5514105,127.1097992,37.5503428,127.109756,37.550876650000006,127.1097776,140.19200628067654,,,,241860085,,,,,광장동
아차산로78길,주거지 도로,37.5514105,127.1097992,37.551149,127.1107222,37.551279750000006,127.1102607,120.02529706110732,,,,1046426573,,,,,광장동
아차산로78길,주거지 도로,37.5506081,127.1106769,37.5510738,127.1109223,37.550840949999994,127.1107996,56.120879565863525,,,,516647738,,,,,광장동
아차산로78길,주거지 도로,37.5506081,127.1106769,37.550333,127.110589,37.55047055,127.11063295,31.556003101305055,,,,516647738,,,,,광장동
아차산로78길,주거지 도로,37.5506081,127.1106769,37.5510891,127.1102667,37.550848599999995,127.1104718,64.62110808146883,,,,241860074,,,,,광장동
아차산로78길,주거지 도로,37.5510891,127.1102667,37.5514105,127.1097992,37.5512498,127.11003295,54.55028034661488,,,,241860074,,,,,광장동
아차산로78길,주거지 도로,37.5510891,127.1102667,37.551149,127.1107222,37.55111905,127.11049445,40.70396351350793,,,,241860070,,,,,광장동
아차산로78길,주거지 도로,37.5510891,127.1102667,37.5506081,127.1106769,37.550848599999995,127.1104718,64.62110808146883,,,,241860074,,,,,광장동
아차산로76길,주거지 도로,37.5482083,127.1072098,37.547361,127.1077892,37.54778465,127.1074995,108.45494550600635,,,,241860072,,,,,광장동
아차산로76가길,주거지 도로,37.5467978,127.1063785,37.547361,127.1077892,37.5470794,127.10708385,139.2807237279005,,,,241860076,,,,,광장동
아차산로76가길,주거지 도로,37.5483633,127.1093131,37.5462304,127.1084947,37.547296849999995,127.1089039,269.8388467066565,,,,241860078,,,,,광장동
아차산로78길,주거지 도로,37.5483633,127.1093131,37.547361,127.1077892,37.54786215,127.10855115,175.28774206598723,,,,417325266,,,,,광장동
아차산로78길,주거지 도로,37.5483633,127.1093131,37.550333,127.110589,37.54934815,127.10995105,258.9173049662595,,,,516647761,,,,,광장동
아차산로78가길,주거지 도로,37.5483633,127.1093131,37.5499961,127.1095432,37.5491797,127.10942815,194.53455320550097,,,,516647762,,,,,광장동
아차산로78길,주거지 도로,37.5516009,127.1112027,37.5510738,127.1109223,37.55133735,127.1110625,63.61031157280332,,,,516647738,,,,,광장동
아차산로78길,주거지 도로,37.551149,127.1107222,37.5510891,127.1102667,37.55111905,127.11049445,40.70396351350793,,,,241860070,,,,,광장동
아차산로78길,주거지 도로,37.551149,127.1107222,37.5510738,127.1109223,37.5511114,127.11082225,23.4991202882302,,,,1046426572,,,,,광장동
아차산로78길,주거지 도로,37.551149,127.1107222,37.5514105,127.1097992,37.551279750000006,127.1102607,120.02529706110732,,,,1046426573,,,,,광장동
아차산로78길,주거지 도로,37.5499961,127.1095432,37.5503428,127.109756,37.55016945,127.1096496,42.8735512740731,,,,516647763,,,,,광장동
아차산로78길,주거지 도로,37.5499961,127.1095432,37.5503666,127.1087805,37.55018135,127.10916185,78.85547695568978,,,,241860083,,,,,광장동
아차산로78가길,주거지 도로,37.5499961,127.1095432,37.5483633,127.1093131,37.5491797,127.10942815,194.53455320550097,,,,516647762,,,,,광장동
올림픽로83길,주거지 도로,37.5450825,127.1248055,37.5450327,127.1244867,37.5450576,127.1246461,28.646900301949273,,,,419130762,,,,,천호2동
올림픽로81길,주거지 도로,37.5450825,127.1248055,37.5444133,127.1249382,37.5447479,127.12487185,77.26308298779827,,,,381216002,,,,,천호2동
올림픽로83길,주거지 도로,37.5450825,127.1248055,37.5451239,127.1257378,37.5451032,127.12527165,82.32383121723642,,,,419130762,,,,,천호2동
선사로6길,주거지 도로,37.5421551,127.1201715,37.5413831,127.1194392,37.5417691,127.11980535,107.41327263294156,,,,241865513,,,,,천호2동
선사로6길,주거지 도로,37.5421551,127.1201715,37.5420384,127.1208519,37.54209675,127.1205117,61.37643695071675,,,,241865515,,,,,천호2동
올림픽로71길,주거지 도로,37.5421551,127.1201715,37.5419647,127.1203924,37.5420599,127.12028195,28.76725122955388,,,,381215976,,,,,천호2동
선사로6길,주거지 도로,37.5421551,127.1201715,37.5425018,127.1204825,37.54232845,127.120327,47.308765600410624,,,,241865513,,,,,천호2동
선사로6길,주거지 도로,37.541907,127.1216183,37.5420384,127.1208519,37.5419727,127.1212351,69.13311192321444,,,,241865515,,,,,천호2동
구천면로12길,주거지 도로,37.541907,127.1216183,37.5420774,127.1217911,37.5419922,127.1217047,24.31312603821779,,,,381215977,,,,,천호2동
구천면로12길,주거지 도로,37.541907,127.1216183,37.5412669,127.1208296,37.54158695,127.12122395,99.50652582563096,,,,381215977,,,,,천호2동
올림픽로83길,주거지 도로,37.5448414,127.1238513,37.5450327,127.1244867,37.54493705,127.124169,59.92200440572858,,,,419130762,,,,,천호2동
올림픽로79길,주거지 도로,37.5448414,127.1238513,37.543994,127.1241924,37.5444177,127.12402185,98.95547166125289,,,,241865511,,,,,천호2동
천중로2길,주거지 도로,37.5448414,127.1238513,37.5454562,127.1232916,37.5451488,127.12357145,85.63292116588089,,,,381215970,,,,,천호2동
올림픽로83길,주거지 도로,37.5448414,127.1238513,37.5445307,127.1233376,37.54468605,127.12359445,57.51777284132682,,,,419130762,,,,,천호2동
올림픽로71길,주거지 도로,37.5409249,127.1209898,37.5412669,127.1208296,37.5410959,127.1209097,40.567070501822826,,,,381215976,,,,,천호2동
올림픽로71길,주거지 도로,37.5409249,127.1209898,37.5406757,127.1211377,37.5408003,127.12106375,30.62482040263348,,,,381215976,,,,,천호2동
구천면로,주거지 도로,37.5409249,127.1209898,37.54128,127.1213912,37.54110245,127.1211905,53.72882764900939,,,,381215982,,,,,천호2동
올림픽로71길,주거지 도로,37.5412669,127.1208296,37.54153,127.1206763,37.54139845,127.12075295,32.226800234571066,,,,381215976,,,,,천호2동
올림픽로71길,주거지 도로,37.5412669,127.1208296,37.5409249,127.1209898,37.5410959,127.1209097,40.567070501822826,,,,381215976,,,,,천호2동
구천면로12길,주거지 도로,37.5412669,127.1208296,37.541907,127.1216183,37.54158695,127.12122395,99.50652582563096,,,,381215977,,,,,천호2동
구천면로12길,주거지 도로,37.5412669,127.1208296,37.5409787,127.1203859,37.5411228,127.12060775,50.57046628084241,,,,381215977,,,,,천호2동
올림픽로71길,주거지 도로,37.5406757,127.1211377,37.5409249,127.1209898,37.5408003,127.12106375,30.62482040263348,,,,381215976,,,,,천호2동
올림픽로71길,주거지 도로,37.5406757,127.1211377,37.5404998,127.1214088,37.54058775,127.12127325,30.885241935662098,,,,381215976,,,,,천호2동
구천면로14길,주거지 도로,37.5406757,127.1211377,37.5411475,127.1216173,37.5409116,127.1213775,67.38192030795292,,,,419127511,,,,,천호2동
구천면로14길,주거지 도로,37.5406757,127.1211377,37.5409787,127.1203859,37.540827199999995,127.1207618,76.92744078427934,,,,381215978,,,,,천호2동
올림픽로71길,주거지 도로,37.5404998,127.1214088,37.5406757,127.1211377,37.54058775,127.12127325,30.885241935662098,,,,381215976,,,,,천호2동
올림픽로71길,주거지 도로,37.5404998,127.1214088,37.5403337,127.1218629,37.54041675,127.12163585,44.09235051505503,,,,381215976,,,,,천호2동
구천면로16길,주거지 도로,37.5404998,127.1214088,37.5409746,127.1218944,37.540737199999995,127.1216516,67.97398862498702,,,,381215981,,,,,천호2동
구천면로16길,주거지 도로,37.5404998,127.1214088,37.5401774,127.1209775,37.5403386,127.12119315,52.26142880314136,,,,381215981,,,,,천호2동
천호대로151길,주거지 도로,37.5399428,127.1229309,37.5398324,127.1228685,37.5398876,127.1228997,13.452450338463048,,,,241865516,,,,,천호2동
천호대로151길,주거지 도로,37.5399428,127.1229309,37.5399987,127.1229706,37.539970749999995,127.12295075,7.133625080362546,,,,241865516,,,,,천호2동
올림픽로71길,주거지 도로,37.5399428,127.1229309,37.5399797,127.12283,37.539961250000005,127.12288045,9.79694239371888,,,,381215976,,,,,천호2동
올림픽로81길,주거지 도로,37.5450327,127.1244867,37.5456534,127.1246344,37.54534305,127.12456055,70.23644849969759,,,,241865514,,,,,천호2동
올림픽로83길,주거지 도로,37.5450327,127.1244867,37.5450825,127.1248055,37.5450576,127.1246461,28.646900301949273,,,,419130762,,,,,천호2동
올림픽로83길,주거지 도로,37.5450327,127.1244867,37.5448414,127.1238513,37.54493705,127.124169,59.92200440572858,,,,419130762,,,,,천호2동
올림픽로81길,주거지 도로,37.5450327,127.1244867,37.5444133,127.1249382,37.544723000000005,127.12471245,90.7734024440671,,,,241865514,,,,,천호2동
올림픽로83길,주거지 도로,37.5451239,127.1257378,37.5450825,127.1248055,37.5451032,127.12527165,82.32383121723642,,,,419130762,,,,,천호2동
올림픽로81길,주거지 도로,37.544337,127.1254517,37.5444133,127.1249382,37.54437515,127.12519495,46.060609849406944,,,,241865514,,,,,천호2동
올림픽로79길,주거지 도로,37.5445307,127.1233376,37.544135,127.1237073,37.54433285,127.12352245,54.7575454770526,,,,381215969,,,,,천호2동
올림픽로79길,주거지 도로,37.5445307,127.1233376,37.5449953,127.1227541,37.544763,127.12304585,72.9063901456655,,,,381215969,,,,,천호2동
올림픽로77길,주거지 도로,37.5445307,127.1233376,37.5436916,127.1226223,37.544111150000006,127.12297995,119.93894343725532,,,,419130760,,,,,천호2동
올림픽로83길,주거지 도로,37.5445307,127.1233376,37.5448414,127.1238513,37.54468605,127.12359445,57.51777284132682,,,,419130762,,,,,천호2동
천호대로151길,주거지 도로,37.5413988,127.1239604,37.5411615,127.1236947,37.541280150000006,127.12382755,35.2851723402307,,,,241865516,,,,,천호2동
구천면로14길,주거지 도로,37.5416823,127.1221544,37.5415112,127.1224256,37.54159675,127.12229,30.556672113130777,,,,381215997,,,,,천호2동
구천면로14길,주거지 도로,37.5416823,127.1221544,37.5411475,127.1216173,37.5414149,127.12188585,76.01868690368545,,,,419127511,,,,,천호2동
구천면로14길,주거지 도로,37.5416823,127.1221544,37.5418808,127.1224194,37.54178155,127.1222869,32.141546111748426,,,,419127511,,,,,천호2동
올림픽로77길,주거지 도로,37.5430738,127.1233338,37.5432492,127.122979,37.5431615,127.1231564,36.863397086223955,,,,241923305,,,,,천호2동
올림픽로77길,주거지 도로,37.5430738,127.1233338,37.5429329,127.1236683,37.54300335,127.12350105,33.394915143540416,,,,241923305,,,,,천호2동
구천면로15길,주거지 도로,37.5430738,127.1233338,37.5418808,127.1224194,37.5424773,127.1228766,155.30672268002962,,,,241865512,,,,,천호2동
구천면로15길,주거지 도로,37.5430738,127.1233338,37.543994,127.1241924,37.5435339,127.1237631,129.96439971361173,,,,241865512,,,,,천호2동
구천면로11길,주거지 도로,37.5423699,127.1217701,37.5434366,127.1225999,37.542903249999995,127.122185,139.35996215649496,,,,381215998,,,,,천호2동
구천면로11길,주거지 도로,37.5423699,127.1217701,37.542567,127.1210215,37.54246845,127.1213958,70.63664200814941,,,,381215979,,,True,,천호2동
구천면로11길,주거지 도로,37.542567,127.1210215,37.5433044,127.121038,37.5429357,127.12102975,82.00815859814304,,,,381215974,,,,,천호2동
구천면로11길,주거지 도로,37.542567,127.1210215,37.5427988,127.1203066,37.5426829,127.12066405,68.09673442821553,,,,381215979,,,True,,천호2동
구천면로11길,주거지 도로,37.542567,127.1210215,37.5435249,127.1224214,37.54304595,127.12172145,163.58847133903458,,,,241865510,,,,,천호2동
선사로6길,주거지 도로,37.5413831,127.1194392,37.5421551,127.1201715,37.5417691,127.11980535,107.41327263294156,,,,241865513,,,,,천호2동
선사로6길,주거지 도로,37.5413831,127.1194392,37.5411417,127.1192318,37.541262399999994,127.1193355,32.4792315405566,,,,419127497,,,,,천호2동
구천면로14길,주거지 도로,37.5413831,127.1194392,37.5411594,127.1201394,37.541271249999994,127.1197893,66.91946393769423,,,,381215978,,,,,천호2동
천중로2길,주거지 도로,37.5440945,127.1215742,37.5441143,127.1210257,37.544104399999995,127.12129995,48.40851757204259,,,,241923301,,,,,천호2동
올림픽로77길,주거지 도로,37.5440945,127.1215742,37.5437475,127.1220903,37.543921,127.12183225,59.65911664789681,,,,241923305,,,,,천호2동
천중로2길,주거지 도로,37.5440945,127.1215742,37.5442188,127.1218747,37.544156650000005,127.12172445,32.02713998360768,,,,241923301,,,,,천호2동
구천면로17길,주거지 도로,37.5437434,127.124448,37.5434,127.1241177,37.5435717,127.12428285,48.02170298033683,,,,241923303,,,,,천호2동
올림픽로79길,주거지 도로,37.5437434,127.124448,37.5433701,127.1251001,37.54355674999999,127.12477405,70.91136045876738,,,,419130761,,,,,천호2동
올림픽로79길,주거지 도로,37.5437434,127.124448,37.543994,127.1241924,37.5438687,127.1243202,35.99058111621598,,,,419130761,,,,,천호2동
천중로2길,주거지 도로,37.5451965,127.1229888,37.5449953,127.1227541,37.5450959,127.12287145,30.47435196103281,,,,241923301,,,,,천호2동
천중로2길,주거지 도로,37.5451965,127.1229888,37.5454562,127.1232916,37.54532635,127.1231402,39.3264821707901,,,,241923301,,,,,천호2동
천중로2길,주거지 도로,37.5451965,127.1229888,37.5455669,127.1226359,37.5453817,127.12281235,51.617342369294654,,,,241923304,,,,,천호2동
구천면로17길,주거지 도로,37.5429329,127.1236683,37.5434,127.1241177,37.54316645,127.123893,65.32663212709373,,,,241923303,,,,,천호2동
구천면로17길,주거지 도로,37.5429329,127.1236683,37.5417053,127.1229803,37.5423191,127.1233243,149.3739980466627,,,,241923303,,,,,천호2동
올림픽로77길,주거지 도로,37.5429329,127.1236683,37.5430738,127.1233338,37.54300335,127.12350105,33.394915143540416,,,,241923305,,,,,천호2동
올림픽로77길,주거지 도로,37.5429329,127.1236683,37.5428063,127.1242498,37.5428696,127.12395905,53.16626165221514,,,,241923305,,,,,천호2동
천중로5길,주거지 도로,37.5468375,127.1235172,37.5467068,127.1237228,37.54677215,127.12362,23.23289434462745,,,,241923302,,,,,천호2동
천중로5길,주거지 도로,37.5468375,127.1235172,37.5473058,127.1224687,37.54707165,127.12299295,106.1188994039998,,,,241923302,,,,,천호2동
천중로,주거지 도로,37.5468375,127.1235172,37.5459361,127.122584,37.5463868,127.1230506,129.73928548012478,,,,419130763,,,,,천호2동
선사로,주거지 도로,37.5473058,127.1224687,37.5481525,127.1227959,37.547729149999995,127.1226323,98.59191616797442,,,,86099080,,,,,천호2동
천중로5길,주거지 도로,37.5473058,127.1224687,37.5468375,127.1235172,37.54707165,127.12299295,106.1188994039998,,,,241923302,,,,,천호2동
선사로,주거지 도로,37.5473058,127.1224687,37.5461284,127.121984,37.546717099999995,127.12222635,137.90399542559828,,,,469030283,,2,,,천호2동
천중로5길,주거지 도로,37.5467068,127.1237228,37.5468375,127.1235172,37.54677215,127.12362,23.23289434462745,,,,241923302,,,,,천호2동
천중로5길,주거지 도로,37.5467068,127.1237228,37.5466584,127.1237846,37.5466826,127.1237537,7.658282081339258,,,,241923302,,,,,천호2동
올림픽로89길,주거지 도로,37.5467068,127.1237228,37.5478251,127.1241583,37.54726595,127.12394055,130.14184887928252,,,,381215962,,,,,천호2동
천중로5길,주거지 도로,37.5462169,127.1243476,37.5463234,127.1242118,37.54627015,127.1242797,16.83979896291705,,,,241923302,,,,,천호2동
상암로4길,주거지 도로,37.5462169,127.1243476,37.5465444,127.1247088,37.54638065,127.1245282,48.375664394754565,,,,381215964,,,,,천호2동
천중로5길,주거지 도로,37.5462169,127.1243476,37.5456243,127.1248576,37.5459206,127.1246026,86.6136012837722,,,,241923302,,,,,천호2동
천중로,3차로,37.5456243,127.1248576,37.5456534,127.1246344,37.54563885,127.124746,19.94225655714177,,,,481322512,,2,,,천호2동
천중로,3차로,37.5456243,127.1248576,37.5456045,127.1249873,37.545614400000005,127.12492245,11.6447772839422,,,,481322512,,2,,,천호2동
천중로5길,주거지 도로,37.5456243,127.1248576,37.5462169,127.1243476,37.5459206,127.1246026,86.6136012837722,,,,241923302,,,,,천호2동
목동중앙로9길,주거지 도로,37.5382377,126.873425,37.5400984,126.8732853,37.53916805,126.87335515,227.27677101447085,,,,242451556,,,,,목2동
목동중앙로9길,주거지 도로,37.5400984,126.8732853,37.5382377,126.873425,37.53916805,126.87335515,227.27677101447085,,,,242451556,,,,,목2동
목동중앙로7길,주거지 도로,37.5379416,126.8730845,37.5387987,126.8714798,37.538370150000006,126.87228215,170.5938069506109,,,,465020549,,,,,목2동
목동중앙본로,3차로,37.538392,126.8711096,37.5389478,126.8701209,37.5386699,126.87061525,106.86091492993124,,,,37399934,,,,,목4동
목동중앙본로,3차로,37.538392,126.8711096,37.5375437,126.8726139,37.53796785,126.87186175,162.76211143048897,,,,37399934,,,,,목4동
목동중앙본로,주거지 도로,37.538392,126.8711096,37.5387987,126.8714798,37.53859535,126.8712947,55.77240433589324,,,,242451558,,,,,목2동
목동중앙본로,주거지 도로,37.538392,126.8711096,37.5380701,126.8708118,37.53823105,126.8709607,44.3919876672863,,,,474799530,,,,,목4동
목동중앙로7길,주거지 도로,37.5387987,126.8714798,37.5393174,126.8705128,37.53905805,126.8709963,102.93733016786938,,,,465020549,,,,,목2동
목동중앙본로,주거지 도로,37.5387987,126.8714798,37.538392,126.8711096,37.53859535,126.8712947,55.77240433589324,,,,242451558,,,,,목2동
목동중앙로7길,주거지 도로,37.5387987,126.8714798,37.5379416,126.8730845,37.538370150000006,126.87228215,170.5938069506109,,,,465020549,,,,,목2동
목동중앙본로,3차로,37.5389478,126.8701209,37.5395096,126.8691558,37.5392287,126.86963835,105.5663618587401,,,,37399934,,,,,목4동
목동중앙본로,3차로,37.5389478,126.8701209,37.538392,126.8711096,37.5386699,126.87061525,106.86091492993124,,,,37399934,,,,,목4동
목동중앙본로2길,주거지 도로,37.5389478,126.8701209,37.5393174,126.8705128,37.5391326,126.87031685,54.82114815456701,,,,242451559,,,,,목2동
목동중앙본로1길,주거지 도로,37.5389478,126.8701209,37.5386153,126.8698241,37.53878155,126.8699725,45.29660848385939,,,,465014332,,,,,목4동
목동중앙로7길,주거지 도로,37.5393174,126.8705128,37.5387987,126.8714798,37.53905805,126.8709963,102.93733016786938,,,,465020549,,,,,목2동
목동중앙본로2길,주거지 도로,37.5393174,126.8705128,37.5401408,126.8705783,37.5397291,126.87054555,95.56671035525208,,,,242451559,,,,,목2동
목동중앙본로2길,주거지 도로,37.5393174,126.8705128,37.5389478,126.8701209,37.5391326,126.87031685,54.82114815456701,,,,242451559,,,,,목2동
"['목동중앙본로', '목동중앙로7길']",주거지 도로,37.5393174,126.8705128,37.5403408,126.8696771,37.539829100000006,126.87009495,164.5092258430906,,,,"[465020549, 278157655]",,,,,목2동
헌릉로590길,주거지 도로,37.4650179,127.1036708,37.4633401,127.1037337,37.464179,127.10370225,188.0935567927756,,,,242705804,,,,,세곡동
헌릉로570길,주거지 도로,37.4638159,127.1021076,37.4652193,127.1015512,37.4645176,127.1018294,167.67310082310613,,,,242705823,,,,,세곡동
헌릉로570길,주거지 도로,37.4638159,127.1021076,37.4632724,127.1007797,37.46354415,127.10144365,131.9248465232348,,yes,,"[431777033, 432945371, 432945374]",,,,,세곡동
헌릉로570길,주거지 도로,37.4638159,127.1021076,37.4633158,127.1031836,37.463565849999995,127.1026456,120.45504319904708,,,,522341599,,,,,세곡동
헌릉로571길,3차로,37.4652193,127.1015512,37.4654134,127.1015681,37.46531635,127.10155965,21.63444383363138,,,,522332644,20.0,2,,,세곡동
헌릉로570길,주거지 도로,37.4652193,127.1015512,37.4638159,127.1021076,37.4645176,127.1018294,167.67310082310613,,,,242705823,,,,,세곡동
헌릉로590길,주거지 도로,37.4633401,127.1037337,37.4650179,127.1036708,37.464179,127.10370225,188.0935567927756,,,,242705804,,,,,세곡동
헌릉로570길,주거지 도로,37.4633401,127.1037337,37.4633158,127.1031836,37.46332795,127.10345865,48.65217426094691,,,,522341599,,,,,세곡동
헌릉로590길,주거지 도로,37.4633401,127.1037337,37.4609652,127.1042998,37.46215265,127.10401675,281.3501952038779,,yes,,"[432945376, 432945424, 522341602]",,,,,세곡동
헌릉로590길,주거지 도로,37.6861304,127.0504746,37.6867671,127.0518914,37.68644875,127.051183,143.3772065755648,,yes,,"[316628608, 831688846, 831688847]",,5,,,장암동
헌릉로590길,주거지 도로,37.6861304,127.0504746,37.6857418,127.0496008,37.685936100000006,127.0500377,88.2102042177061,,,,707886338,,,,,도봉2동
마들로,3차로,37.6861304,127.0504746,37.6839651,127.0513643,37.68504775,127.05091945,264.23599039127504,,,,799503787,,4,,,도봉2동
마들로,3차로,37.6861304,127.0504746,37.6881805,127.0492583,37.687155450000006,127.04986645,253.13525155892495,,,,831688845,,4,,,도봉2동
"['누원2길', '노원마을고가차도']",주거지 도로,37.6847356,127.0554614,37.6867671,127.0518914,37.68575135,127.0536764,423.0066064978543,,yes,,"[807929816, 807929815, 807929813, 807929983]",,2,True,,상계1동
퇴계로10길,주거지 도로,37.5586497,126.9806205,37.5582457,126.981098,37.5584477,126.98085925,62.57377929784758,,,,243542153,,,,,회현동
퇴계로10길,주거지 도로,37.5586497,126.9806205,37.5592076,126.9799882,37.55892865,126.98030435,86.08647282846428,,,,243542153,,,,,회현동
퇴계로12길,주거지 도로,37.5586497,126.9806205,37.5589917,126.9812769,37.5588207,126.9809487,71.00789883853174,,,,243542157,,,,,회현동
퇴계로10길,주거지 도로,37.5582457,126.981098,37.5580383,126.9813943,37.558142,126.98124615,35.082288337669866,,,,243542153,,,,,회현동
퇴계로10길,주거지 도로,37.5582457,126.981098,37.5586497,126.9806205,37.5584477,126.98085925,62.57377929784757,,,,243542153,,,,,회현동
퇴계로4길,주거지 도로,37.5582457,126.981098,37.5575704,126.9794513,37.55790805,126.98027465,168.47442510125347,,,,315658897,,,,,회현동
퇴계로12길,주거지 도로,37.5580383,126.9813943,37.5579068,126.9814409,37.55797255,126.9814176,15.188176997458564,,,,243542154,,,,,회현동
퇴계로10길,주거지 도로,37.5580383,126.9813943,37.5582457,126.981098,37.558142,126.98124615,35.082288337669866,,,,243542153,,,,,회현동
퇴계로12길,주거지 도로,37.5580383,126.9813943,37.5583589,126.9813523,37.5581986,126.9813733,35.85161193105249,,,,243542154,,,,,회현동
퇴계로12길,주거지 도로,37.5589917,126.9812769,37.5583589,126.9813523,37.5586753,126.9813146,70.67744511621406,,,,243542154,,,,,회현동
퇴계로12길,주거지 도로,37.5589917,126.9812769,37.5597529,126.9810898,37.5593723,126.98118335,86.2334728323941,,,,243542154,,,,,회현동
퇴계로12길,주거지 도로,37.5589917,126.9812769,37.5586497,126.9806205,37.5588207,126.9809487,71.00789883853174,,,,243542157,,,,,회현동
퇴계로12길,주거지 도로,37.5589917,126.9812769,37.5585975,126.98156,37.5587946,126.98141845,54.67293657189961,,,,464461055,,,,,회현동
퇴계로12길,주거지 도로,37.5579068,126.9814409,37.5580383,126.9813943,37.55797255,126.9814176,15.188176997458564,,,,243542154,,,,,회현동
퇴계로12길,주거지 도로,37.5579068,126.9814409,37.558002,126.9821602,37.5579544,126.98180055,64.28279594738261,,,,243542155,,,,,회현동
퇴계로12길,주거지 도로,37.5579068,126.9814409,37.557723,126.9814476,37.5578149,126.98144425,20.44618820003109,,,,243542154,,,,,회현동
퇴계로12길,주거지 도로,37.5569007,126.9815412,37.5566205,126.9815869,37.5567606,126.98156405,31.41621376130116,,,,243542154,,,,,회현동
퇴계로12길,주거지 도로,37.5569007,126.9815412,37.557723,126.9814476,37.557311850000005,126.9814944,91.8072198057731,,,,243542154,,,,,회현동
퇴계로12가길,주거지 도로,37.5569007,126.9815412,37.556151,126.9810957,37.55652585,126.98131845,99.16665074623822,,,,464459668,,,,,회현동
퇴계로12길,주거지 도로,37.558166,126.9830438,37.558002,126.9821602,37.558084,126.982602,79.99418703549605,,,,243542155,,,,,회현동
소공로4길,주거지 도로,37.558166,126.9830438,37.5574764,126.9834597,37.5578212,126.98325175,86.88741086894987,,,,381230507,,,,,명동
퇴계로12길,주거지 도로,37.5583589,126.9813523,37.5589917,126.9812769,37.5586753,126.9813146,70.67744511621406,,,,243542154,,,,,회현동
퇴계로12길,주거지 도로,37.5583589,126.9813523,37.5580383,126.9813943,37.5581986,126.9813733,35.85161193105249,,,,243542154,,,,,회현동
소공로7길,주거지 도로,37.5583589,126.9813523,37.5585975,126.98156,37.5584782,126.98145615,33.440953404966564,,,,243542156,,,,,회현동
개포로22길,주거지 도로,37.4773266,127.0505928,37.4768832,127.049927,37.4771049,127.0502599,76.69925132842619,,,,297298666,,,,,개포4동
개포로28길,주거지 도로,37.4773266,127.0505928,37.477952,127.0499418,37.4776393,127.0502673,90.20221394132552,,,,297298678,,,,,개포4동
개포로38길,주거지 도로,37.4773266,127.0505928,37.4775332,127.0509568,37.4774299,127.0507748,39.49117408850248,,,,297298679,,,,,개포4동
개포로28길,주거지 도로,37.4773266,127.0505928,37.4770986,127.0506997,37.4772126,127.05064625,27.13461693462834,,,,297298685,,,,,개포4동
방배로27길,주거지 도로,37.4884738,126.9882835,37.4887655,126.9890038,37.48861965,126.98864365,71.35106016170882,,,,243611873,,,,,방배4동
방배중앙로,3차로,37.4884738,126.9882835,37.487301,126.9890261,37.487887400000005,126.9886548,145.943846812068,,,,523341067,,,,,방배4동
방배중앙로,3차로,37.4884738,126.9882835,37.4888532,126.9880432,37.4886635,126.98816335,47.21538555008437,,,,523341067,,,,,방배4동
방배중앙로15길,주거지 도로,37.4884738,126.9882835,37.4882156,126.9876568,37.4883447,126.98797015,62.30367003729168,,,,317946591,,,,,방배4동
방배로28길,주거지 도로,37.4900382,126.9921346,37.4903263,126.9928572,37.49018225,126.9924959,71.35005554941516,,,,256697182,,,,,방배4동
방배로27길,주거지 도로,37.4900382,126.9921346,37.4897445,126.9914254,37.48989135,126.99178,70.58183015286266,,,,849381356,,,,,방배4동
방배로25길,주거지 도로,37.487301,126.9890261,37.4876006,126.9897514,37.487450800000005,126.98938875,72.14656126002626,,,,243611883,,,,,방배4동
방배중앙로,3차로,37.487301,126.9890261,37.4869992,126.9892172,37.4871501,126.98912165,37.55640730893496,,,,523341067,,,,,방배4동
방배중앙로,3차로,37.487301,126.9890261,37.4884738,126.9882835,37.487887400000005,126.9886548,145.943846812068,,,,523341067,,,,,방배4동
방배로32길,주거지 도로,37.4910431,126.9915271,37.4913182,126.9922055,37.49118065,126.9918663,67.21735120982193,,,,256697181,,,,,방배4동
방배로31길,주거지 도로,37.4910431,126.9915271,37.4907492,126.9907846,37.49089615,126.99115585,73.20819690539228,,,,849381355,,,,,방배4동
방배로33길,주거지 도로,37.492211,126.990821,37.4918948,126.990054,37.4920529,126.9904375,76.25874874232873,,,,243615125,,,,,방배4동
방배로34길,주거지 도로,37.492211,126.990821,37.4924752,126.9914569,37.4923431,126.99113895,63.329228367012846,,,,256697180,,,,,방배4동
동광로,3차로,37.4924719,126.9896809,37.4921758,126.988899,37.49232385,126.98928995,76.43842508146335,,,,218870949,,,,,방배본동
동광로,3차로,37.4924719,126.9896809,37.4927747,126.9904803,37.4926233,126.9900806,78.15245793613187,,,,218870949,,,,,방배4동
동광로19길,주거지 도로,37.4924719,126.9896809,37.4930117,126.9893352,37.4927418,126.98950805,67.32753919904825,,,,246251715,,,,,방배본동
서초대로23길,주거지 도로,37.4924719,126.9896809,37.4918948,126.990054,37.49218335,126.98986745,72.12086316553872,,,,243615391,,,,,방배4동
방배로33길,주거지 도로,37.4918948,126.990054,37.492211,126.990821,37.4920529,126.9904375,76.25874874232873,,,,243615125,,,,,방배4동
방배로33길,주거지 도로,37.4918948,126.990054,37.4916361,126.9894188,37.49176545,126.9897364,62.99329075473142,,,,243615125,,,,,방배4동
서초대로23길,주거지 도로,37.4918948,126.990054,37.4907492,126.9907846,37.491322,126.9904193,142.76535444151563,,,,243615391,,,,,방배4동
서초대로23길,주거지 도로,37.4918948,126.990054,37.4924719,126.9896809,37.49218335,126.98986745,72.12086316553872,,,,243615391,,,,,방배4동
서초대로23길,주거지 도로,37.4907492,126.9907846,37.4897445,126.9914254,37.490246850000005,126.991105,125.20885700196796,,,,243615391,,,,,방배4동
방배로31길,주거지 도로,37.4907492,126.9907846,37.4910431,126.9915271,37.49089615,126.99115585,73.20819690539228,,,,849381355,,,,,방배4동
방배로31길,주거지 도로,37.4907492,126.9907846,37.4904958,126.9901518,37.4906225,126.9904682,62.53801644008034,,,,849381355,,,,,방배4동
서초대로23길,주거지 도로,37.4907492,126.9907846,37.4918948,126.990054,37.491322,126.9904193,142.76535444151563,,,,243615391,,,,,방배4동
서초대로23길,주거지 도로,37.4897445,126.9914254,37.4907492,126.9907846,37.490246850000005,126.991105,125.20885700196796,,,,243615391,,,,,방배4동
방배로27길,주거지 도로,37.4897445,126.9914254,37.4900382,126.9921346,37.48989135,126.99178,70.58183015286266,,,,849381356,,,,,방배4동
서초대로23길,주거지 도로,37.4897445,126.9914254,37.4885915,126.9921506,37.489168,126.991788,143.28732274161948,,,,243615391,,,,,방배4동
방배로27길,주거지 도로,37.4897445,126.9914254,37.489494,126.9908046,37.48961925,126.991115,61.448489163761174,,,,849381356,,,,,방배4동
방배로25길,주거지 도로,37.4885915,126.9921506,37.4888702,126.9928575,37.48873085,126.99250405,69.64482386684851,,,,243611883,,,,,방배4동
방배로25길,주거지 도로,37.4885915,126.9921506,37.4883442,126.9915519,37.48846785,126.99185125,59.55258084690274,,,,243611883,,,,,방배4동
서초대로23길,주거지 도로,37.4885915,126.9921506,37.4879978,126.9925343,37.48829465,126.99234245,74.19087248907111,,,,243615391,,,,,방배4동
서초대로23길,주거지 도로,37.4885915,126.9921506,37.4897445,126.9914254,37.489168,126.991788,143.28732274161948,,,,243615391,,,,,방배4동
방배로33길,주거지 도로,37.4916361,126.9894188,37.4918948,126.990054,37.49176545,126.9897364,62.99329075473142,,,,243615125,,,,,방배4동
방배로33길,주거지 도로,37.4916361,126.9894188,37.4915403,126.9891837,37.491588199999995,126.98930125,23.31764015502877,,,,243615125,,,,,방배4동
동광로18길,주거지 도로,37.4916361,126.9894188,37.4904958,126.9901518,37.49106595,126.9897853,142.33578035677556,,,,243786232,,,,,방배4동
동광로,3차로,37.492008,126.988456,37.4921395,126.988803,37.49207375,126.9886295,33.92724188517165,,,,218870949,,,,,방배본동
서초대로19길,주거지 도로,37.492008,126.988456,37.4913966,126.9888307,37.4917023,126.98864335,75.59620097289411,,,,243788437,,,,,방배4동
동광로15길,주거지 도로,37.492008,126.988456,37.4925286,126.9881222,37.4922683,126.9882891,64.94870741590329,,,,256787270,,,,,방배본동
동광로,3차로,37.492008,126.988456,37.49143,126.98693,37.491719,126.987693,149.18800110514962,,,,218870949,,,,,방배본동
서초대로19길,주거지 도로,37.4870315,126.9916383,37.4875183,126.9913212,37.4872749,126.99147975,60.93292283322781,,,,849381360,,,,,방배4동
방배로33길,주거지 도로,37.4913966,126.9888307,37.4915403,126.9891837,37.49146845,126.9890072,35.003976220335936,,,,243615125,,,,,방배4동
서초대로19길,주거지 도로,37.4913966,126.9888307,37.492008,126.988456,37.4917023,126.98864335,75.59620097289411,,,,243788437,,,,,방배4동
서초대로19길,주거지 도로,37.4913966,126.9888307,37.4902572,126.989556,37.4908269,126.98919335,141.93916119625365,,,,243788437,,,,,방배4동
방배로31길,주거지 도로,37.4902572,126.989556,37.4904958,126.9901518,37.4903765,126.9898539,58.88237522460999,,,,849381358,,,,,방배4동
서초대로19길,주거지 도로,37.4902572,126.989556,37.4913966,126.9888307,37.4908269,126.98919335,141.93916119625365,,,,243788437,,,,,방배4동
서초대로19길,주거지 도로,37.4902572,126.989556,37.4897774,126.9883578,37.490017300000005,126.9889569,118.41531744555866,,,,913528516,,,,,방배4동
방배로27길,주거지 도로,37.4892505,126.9902012,37.489494,126.9908046,37.48937225,126.9905029,59.72740965758525,,,,849381359,,,,,방배4동
서초대로19길,주거지 도로,37.4892505,126.9902012,37.488094,126.9909462,37.48867224999999,126.9905737,144.42252129236073,,,,849381360,,,,,방배4동
방배로27길,주거지 도로,37.4892505,126.9902012,37.4890072,126.9896005,37.48912885,126.98990085,59.505211436250335,,,,243611873,,,,,방배4동
방배로25길,주거지 도로,37.488094,126.9909462,37.4883442,126.9915519,37.488219099999995,126.99124905,60.249467384874826,,,,243611883,,,,,방배4동
서초대로19길,주거지 도로,37.488094,126.9909462,37.4892505,126.9902012,37.48867224999999,126.9905737,144.42252129236073,,,,849381360,,,,,방배4동
방배로25길,주거지 도로,37.488094,126.9909462,37.4878439,126.9903406,37.48796895,126.9906434,60.236666161483726,,,,243611883,,,,,방배4동
서초대로19길,주거지 도로,37.488094,126.9909462,37.4875183,126.9913212,37.48780615,126.9911337,72.0600867619817,,,,849381360,,,,,방배4동
방배로31길,주거지 도로,37.4904958,126.9901518,37.4907492,126.9907846,37.4906225,126.9904682,62.53801644008034,,,,849381355,,,,,방배4동
방배로31길,주거지 도로,37.4904958,126.9901518,37.4902572,126.989556,37.4903765,126.9898539,58.88237522460999,,,,849381358,,,,,방배4동
동광로18길,주거지 도로,37.4904958,126.9901518,37.4916361,126.9894188,37.49106595,126.9897853,142.33578035677556,,,,243786232,,,,,방배4동
방배로27길,주거지 도로,37.489494,126.9908046,37.4892505,126.9902012,37.48937225,126.9905029,59.72740965758525,,,,849381359,,,,,방배4동
방배로27길,주거지 도로,37.489494,126.9908046,37.4897445,126.9914254,37.48961925,126.991115,61.448489163761174,,,,849381356,,,,,방배4동
동광로18길,주거지 도로,37.489494,126.9908046,37.4883442,126.9915519,37.4889191,126.99117825,143.85234957159923,,,,849381357,,,,,방배4동
방배로25길,주거지 도로,37.4883442,126.9915519,37.4885915,126.9921506,37.48846785,126.99185125,59.55258084690274,,,,243611883,,,,,방배4동
방배로25길,주거지 도로,37.4883442,126.9915519,37.488094,126.9909462,37.488219099999995,126.99124905,60.249467384874826,,,,243611883,,,,,방배4동
동광로18길,주거지 도로,37.4883442,126.9915519,37.489494,126.9908046,37.4889191,126.99117825,143.85234957159923,,,,849381357,,,,,방배4동
동광로14길,주거지 도로,37.4878439,126.9903406,37.4890072,126.9896005,37.48842555,126.98997055,144.90095752440288,,,,243790704,,,,,방배4동
방배로25길,주거지 도로,37.4878439,126.9903406,37.488094,126.9909462,37.48796895,126.9906434,60.236666161483726,,,,243611883,,,,,방배4동
방배로25길,주거지 도로,37.4878439,126.9903406,37.4876006,126.9897514,37.48772225,126.990046,58.60418052027727,,,,243611883,,,,,방배4동
동광로14길,주거지 도로,37.4890072,126.9896005,37.4878439,126.9903406,37.48842555,126.98997055,144.90095752440288,,,,243790704,,,,,방배4동
방배로27길,주거지 도로,37.4890072,126.9896005,37.4892505,126.9902012,37.48912885,126.98990085,59.505211436250335,,,,243611873,,,,,방배4동
방배로27길,주거지 도로,37.4890072,126.9896005,37.4887655,126.9890038,37.48888635,126.98930215,59.1101415236093,,,,243611873,,,,,방배4동
공항대로61길,주거지 도로,37.5520587,126.8657924,37.5515924,126.8654489,37.55182555,126.86562065,60.04514138727129,,,,228653962,,,,,등촌1동
공항대로59나길,주거지 도로,37.5520587,126.8657924,37.5529957,126.8637055,37.5525272,126.86474895,211.4252606434984,,,,243995572,,,,,등촌1동
공항대로61길,주거지 도로,37.5520587,126.8657924,37.5525862,126.8661779,37.552322450000005,126.86598515,67.78918089633808,,,,228653962,,,,,염창동
동호로24길,주거지 도로,37.5605319,127.004327,37.5605604,127.0053982,37.56054615,127.0048626,94.72734600205916,,,,244215399,,,,,장충동
동호로20가길,주거지 도로,37.5591245,127.0063867,37.5594444,127.0068887,37.55928445,127.0066377,56.774623440605566,,,,420317543,,,,,장충동
"['소파로4길', '퇴계로26길']",주거지 도로,37.5601519,126.9901803,37.5596994,126.9881894,37.55992565,126.98918485,264.30648936154716,yes,,,"[768399681, 768399682, 768399562, 768399563, 767063626, 244221645, 1283636942, 420361201]",,,,,필동
퇴계로26길,주거지 도로,37.5601519,126.9901803,37.5610447,126.9904883,37.560598299999995,126.9903343,102.96789769030404,,,,420361194,,,,,필동
필동로8길,주거지 도로,37.5563369,126.9935551,37.55661,126.9935233,37.55647345,126.9935392,30.496481941071135,,,,244221646,,,,,필동
필동로8길,주거지 도로,37.5563369,126.9935551,37.5549903,126.9947536,37.5556636,126.99415435,244.4211666801903,,,,"[273640076, 244221646]",,,,,필동
필동로8길,주거지 도로,37.5563369,126.9935551,37.5559611,126.9931154,37.556149,126.99333525,63.84010017250933,,,,892932178,,,,,필동
필동로8길,주거지 도로,37.5534972,127.0039222,37.5538918,127.0026338,37.553694500000006,127.003278,121.76986980092074,,,,244384239,,,,,장충동
한강대로102길,주거지 도로,37.5493346,126.9749164,37.5493377,126.9753696,37.54933615,126.975143,39.9549966230461,,,,464458859,,,,,후암동
한강대로102다길,주거지 도로,37.5493346,126.9749164,37.5489051,126.9748802,37.54911985,126.9748983,48.852177090088475,,,,344898671,,,,,후암동
한강대로102길,주거지 도로,37.5493346,126.9749164,37.5497618,126.9747327,37.5495482,126.97482455,55.20237176283637,,,,384030379,,,,,후암동
한강대로102길,주거지 도로,37.5493346,126.9749164,37.549371,126.9743278,37.5493528,126.9746221,52.16013327352044,,,,464458859,,,,,후암동
후암로15길,주거지 도로,37.5486201,126.977175,37.5484897,126.9763171,37.5485549,126.97674605,77.00949535140116,,,,344898663,,,,,후암동
후암로15길,주거지 도로,37.5486201,126.977175,37.5488069,126.9771242,37.548713500000005,126.9771496,21.248562836938657,,,,464458862,,,,,후암동
후암로15길,주거지 도로,37.5486201,126.977175,37.5481785,126.9778669,37.5483993,126.97752095,113.10086217246064,,,,464458862,,,,,후암동
한강대로94길,주거지 도로,37.5467814,126.9729947,37.5467634,126.9730718,37.5467724,126.97303325,7.085823255480857,,,,464458357,,,,,남영동
한강대로94길,주거지 도로,37.5467814,126.9729947,37.5468186,126.9729048,37.546800000000005,126.97294975,8.940220338243964,,,,464458357,,,,,남영동
두텁바위로5길,주거지 도로,37.5467814,126.9729947,37.5461285,126.9732033,37.54645495,126.973099,74.892379781796,,,,464447942,,,,,남영동
후암로23길,주거지 도로,37.5496447,126.9774587,37.5495474,126.9769304,37.549596050000005,126.97719455,47.835505345553855,,,,464458363,,,,,후암동
두텁바위로1길,주거지 도로,37.5466196,126.9755001,37.5465744,126.9752946,37.546597,126.97539735,18.801500527211584,,,,244477705,,,,,후암동
두텁바위로1가길,주거지 도로,37.5466196,126.9755001,37.5470167,126.9758257,37.54681815,126.9756629,55.49545001601862,,,,244477717,,,,,후암동
두텁바위로1나길,주거지 도로,37.5466196,126.9755001,37.5466339,126.9766625,37.54662675,126.9760813,105.58291635235952,,,,464458036,,,,,후암동
한강대로104라길,주거지 도로,37.5490809,126.9756093,37.5490624,126.9760753,37.54907165,126.9758423,41.29959616348725,,,,244477713,,,,,후암동
한강대로104라길,주거지 도로,37.5490809,126.9756093,37.5493377,126.9753696,37.5492093,126.97548945,39.049933508208326,,,,244477713,,,,,후암동
한강대로104라길,주거지 도로,37.5490809,126.9756093,37.5485624,126.9753832,37.54882165,126.97549625,61.136519223007504,,,,384030378,,,,,후암동
두텁바위로,주거지 도로,37.5454799,126.9751077,37.5464327,126.9749145,37.5459563,126.9750111,107.30713924819008,,,,244477710,,,,,남영동
한강대로98가길,주거지 도로,37.5478015,126.9746049,37.547377,126.9744556,37.54758925,126.97453025,50.34348045826701,,,,464458358,,,,,후암동
두텁바위로,주거지 도로,37.5464327,126.9749145,37.5454799,126.9751077,37.5459563,126.9750111,107.30713924819008,,,,244477710,,,,,남영동
두텁바위로1길,주거지 도로,37.5464327,126.9749145,37.5465744,126.9752946,37.54650355,126.97510455,37.29602044869958,,,,244477705,,,,,후암동
두텁바위로1길,주거지 도로,37.5464327,126.9749145,37.5457288,126.9738175,37.54608075,126.974366,125.92398424946224,,,,244477705,,,,,남영동
한강대로98나길,주거지 도로,37.5489051,126.9748802,37.548231,126.9737309,37.54856805,126.97430555,133.50705911236483,,,,344898660,,,,,후암동
한강대로102다길,주거지 도로,37.5489051,126.9748802,37.5493346,126.9749164,37.54911985,126.9748983,48.852177090088475,,,,344898671,,,,,후암동
한강대로102다길,주거지 도로,37.5489051,126.9748802,37.5482533,126.9745704,37.5485792,126.9747253,81.95340088787313,,,,344898671,,,,,후암동
한강대로102다길,주거지 도로,37.5470167,126.9758257,37.5470814,126.9755551,37.54704905,126.9756904,24.91765135338354,,,,344898676,,,,,후암동
두텁바위로1가길,주거지 도로,37.5470167,126.9758257,37.5475739,126.9759652,37.5472953,126.97589545,63.40062039233828,,,,244477717,,,,,후암동
두텁바위로1가길,주거지 도로,37.5470167,126.9758257,37.5466196,126.9755001,37.54681815,126.9756629,55.49545001601862,,,,244477717,,,,,후암동
두텁바위로1길,주거지 도로,37.547644,126.9757184,37.5476121,126.97576,37.54762805,126.9757392,5.102208069710428,,,,344898677,,,,,후암동
두텁바위로1길,주거지 도로,37.547644,126.9757184,37.5477604,126.975743,37.5477022,126.9757307,13.123548237972017,,,,344898677,,,,,후암동
한강대로102다길,주거지 도로,37.547644,126.9757184,37.5477525,126.9755024,37.54769825,126.9756104,22.542854162026455,,,,464458858,,,,,후암동
두텁바위로1가길,주거지 도로,37.5475739,126.9759652,37.5477475,126.976035,37.5476607,126.9760001,20.260572052411135,,,,244477717,,,,,후암동
두텁바위로1가길,주거지 도로,37.5475739,126.9759652,37.5470167,126.9758257,37.5472953,126.97589545,63.40062039233828,,,,244477717,,,,,후암동
두텁바위로1가길,주거지 도로,37.5475739,126.9759652,37.5476121,126.97576,37.547593000000006,126.9758626,18.65810090163511,,,,464458037,,,,,후암동
두텁바위로1길,주거지 도로,37.5455692,126.9733669,37.5457288,126.9738175,37.545649,126.9735922,43.51002777389336,,,,244477705,,,,,남영동
두텁바위로5길,주거지 도로,37.5455692,126.9733669,37.5461285,126.9732033,37.54584885,126.9732851,63.84204686017686,,,,464447942,,,,,남영동
두텁바위로5길,주거지 도로,37.5455692,126.9733669,37.5452647,126.9733818,37.54541695,126.97337435,33.88437611007484,,,,464447942,,,,,남영동
두텁바위로1길,주거지 도로,37.5455692,126.9733669,37.5451546,126.9725259,37.5453619,126.9729464,95.28247593286471,,,,244477705,,,,,남영동
후암로35길,주거지 도로,37.5492603,126.9760774,37.5498694,126.9760376,37.54956485,126.9760575,67.81974900446312,,,,464458362,,,,,후암동
후암로35길,주거지 도로,37.5492603,126.9760774,37.5490624,126.9760753,37.54916135,126.97607635,22.006285825704065,,,,464458362,,,,,후암동
한강대로102길,주거지 도로,37.5492603,126.9760774,37.5493377,126.9753696,37.549299000000005,126.9757235,62.989478357144286,,,,464458859,,,,,후암동
두텁바위로5길,주거지 도로,37.5461285,126.9732033,37.5455692,126.9733669,37.54584885,126.9732851,63.84204686017686,,,,464447942,,,,,남영동
한강대로92길,주거지 도로,37.5461285,126.9732033,37.5457288,126.9738175,37.54592865,126.9735104,79.74340619794947,,,,413636133,,,,,남영동
한강대로92길,주거지 도로,37.5461285,126.9732033,37.5459453,126.9719515,37.5460369,126.9725774,116.1113051763474,,,,413636133,,,,,남영동
두텁바위로5길,주거지 도로,37.5461285,126.9732033,37.5467814,126.9729947,37.54645495,126.973099,74.892379781796,,,,464447942,,,,,남영동
후암로35길,주거지 도로,37.5490624,126.9760753,37.5492603,126.9760774,37.54916135,126.97607635,22.006285825704065,,,,464458362,,,,,후암동
한강대로104라길,주거지 도로,37.5490624,126.9760753,37.5490809,126.9756093,37.54907165,126.9758423,41.29959616348725,,,,244477713,,,,,후암동
두텁바위로1길,주거지 도로,37.5490624,126.9760753,37.5485766,126.9760465,37.54881949999999,126.9760609,54.07820765528254,,,,344898677,,,,,후암동
후암로23길,주거지 도로,37.5490624,126.9760753,37.5495474,126.9769304,37.5493049,126.97650285,123.85989069897953,,,,464458363,,,,,후암동
후암로23길,주거지 도로,37.5476674,126.9730739,37.5474576,126.9728955,37.5475625,126.9729847,28.135312711695512,,,,384030384,,,,,남영동
한강대로98가길,주거지 도로,37.5476674,126.9730739,37.547377,126.9744556,37.5475222,126.97376475,136.50054143335453,,,,464458358,,,,,후암동
한강대로98가길,주거지 도로,37.5476674,126.9730739,37.5482297,126.9729986,37.54794855,126.97303625,63.27330899355698,,,,464458358,,,,,남영동
후암로35길,주거지 도로,37.551212,126.9770353,37.550079,126.9760976,37.5506455,126.97656645,163.89732576323848,,,,464458362,,,,,후암동
한강대로104라길,주거지 도로,37.550272,126.9753878,37.5493377,126.9753696,37.54980485,126.9753787,116.68890365375567,,,,244477713,,,,,후암동
한강대로104다길,주거지 도로,37.550272,126.9753878,37.5497618,126.9747327,37.5500169,126.97506025,114.53638403811355,,,,384030375,,,,,후암동
한강대로104길,주거지 도로,37.550272,126.9753878,37.5501873,126.9757566,37.55022965,126.9755722,33.88790622407066,,,,468168887,,,,,후암동
한강대로104길,주거지 도로,37.550272,126.9753878,37.5503897,126.9748118,37.550330849999995,126.9750998,52.46837237518238,,,,"[224260187, 468168887]",,,,,남영동
후암로28길,주거지 도로,37.5499144,126.9780463,37.549689,126.9786583,37.5498017,126.9783523,59.49011647243662,,,,464656381,,,,,후암동
후암로28길,주거지 도로,37.5499144,126.9780463,37.5501964,126.9773058,37.5500554,126.97767605,72.45913192788777,,,,464656381,,,,,후암동
후암로28가길,주거지 도로,37.5499144,126.9780463,37.5506558,126.9793568,37.5502851,126.97870155,149.97220284797683,,,,464770442,,,,,후암동
한강대로102다길,주거지 도로,37.5482533,126.9745704,37.5489051,126.9748802,37.5485792,126.9747253,81.95340088787314,,,,344898671,,,,,후암동
한강대로102다길,주거지 도로,37.5482533,126.9745704,37.54808,126.9748292,37.54816665,126.9746998,37.76575022309691,,,,344898671,,,,,후암동
한강대로98다길,주거지 도로,37.5482533,126.9745704,37.548231,126.9737309,37.54824215,126.97415065,203.41495315417797,,,,464458361,,,,,후암동
한강대로102길,주거지 도로,37.5493377,126.9753696,37.5492603,126.9760774,37.549299000000005,126.9757235,62.989478357144286,,,,464458859,,,,,후암동
한강대로102길,주거지 도로,37.5493377,126.9753696,37.5493346,126.9749164,37.54933615,126.975143,39.9549966230461,,,,464458859,,,,,후암동
한강대로104라길,주거지 도로,37.5493377,126.9753696,37.5490809,126.9756093,37.5492093,126.97548945,39.049933508208326,,,,244477713,,,,,후암동
한강대로104라길,주거지 도로,37.5493377,126.9753696,37.550272,126.9753878,37.54980485,126.9753787,116.68890365375567,,,,244477713,,,,,후암동
후암로23길,주거지 도로,37.5495474,126.9769304,37.5496447,126.9774587,37.549596050000005,126.97719455,47.835505345553855,,,,464458363,,,,,후암동
후암로23길,주거지 도로,37.5495474,126.9769304,37.5490624,126.9760753,37.5493049,126.97650285,123.85989069897953,,,,464458363,,,,,후암동
후암로15길,주거지 도로,37.5495474,126.9769304,37.5488069,126.9771242,37.549177150000006,126.9770273,84.11967361496511,,,,464458862,,,,,후암동
후암로16길,주거지 도로,37.5481785,126.9778669,37.548255,126.978186,37.548216749999995,126.97802645,29.389802272632448,,,,464656382,,,,,후암동
후암로15길,주거지 도로,37.5481785,126.9778669,37.5486201,126.977175,37.5483993,126.97752095,113.10086217246062,,,,464458862,,,,,후암동
후암로13길,주거지 도로,37.5471049,126.9776268,37.5465703,126.9779604,37.5468376,126.9777936,66.32258676651324,,,,464458983,,,,,후암동
두텁바위로1나길,주거지 도로,37.5471049,126.9776268,37.5466849,126.9771252,37.5468949,126.977376,65.6198570996051,,,,464458036,,,,,후암동
후암로13길,주거지 도로,37.5471049,126.9776268,37.5475771,126.9775498,37.547341,126.9775883,52.9433272961518,,,,464458983,,,,,후암동
후암로25길,주거지 도로,37.5499812,126.9773654,37.5498694,126.9760376,37.5499253,126.9767015,117.83245223059464,,,,244477714,,,,,후암동
두텁바위로60길,주거지 도로,37.5481779,126.9838666,37.5483943,126.9836511,37.5482861,126.98375885,30.658620699066848,,,,404539445,,,,,후암동
두텁바위로60길,주거지 도로,37.5481779,126.9838666,37.547763,126.9829443,37.54797045,126.98340545,93.6623272813972,,,,404539445,,,,,후암동
신흥로20길,주거지 도로,37.5481779,126.9838666,37.5479135,126.9840482,37.5480457,126.9839574,33.779042827598424,,,,464648833,,,,,후암동
신흥로,3차로,37.54387,126.9872932,37.5439892,126.9872054,37.5439296,126.9872493,15.34933127031515,,,,37403309,,,,,용산2가동
신흥로,3차로,37.54387,126.9872932,37.5435332,126.9875892,37.5437016,126.9874412,45.90308748916807,,,,37403309,,,,,용산2가동
신흥로,주거지 도로,37.54387,126.9872932,37.5448418,126.9872688,37.5443559,126.987281,112.95761958103536,,,,464651389,,,,,용산2가동
신흥로16길,주거지 도로,37.5448164,126.9869752,37.5448418,126.9872688,37.5448291,126.987122,26.038580230133384,,,,464650927,,,,,용산2가동
신흥로16길,주거지 도로,37.5448164,126.9869752,37.5448192,126.9869381,37.5448178,126.98695665,3.2856696143020043,,,,464650927,,,,,용산2가동
신흥로,주거지 도로,37.5448164,126.9869752,37.5439892,126.9872054,37.5444028,126.9870903,96.67324754903456,,,,244481007,,,,,용산2가동
신흥로7길,주거지 도로,37.5431712,126.9860666,37.5431961,126.9860101,37.54318365,126.98603835,5.699133762792924,,,,33727154,,,,,용산2가동
신흥로7길,주거지 도로,37.5431712,126.9860666,37.5429367,126.9862193,37.54305395,126.98614295,29.405281379467457,,,,33727154,,,,,용산2가동
신흥로11가길,주거지 도로,37.5431712,126.9860666,37.5432481,126.9863223,37.54320965,126.98619445,24.117627668550355,,,,33727159,,,,,용산2가동
신흥로11가길,주거지 도로,37.5432687,126.9871951,37.5432481,126.9863223,37.5432584,126.9867587,79.58563571032656,,,,33727159,,,,,용산2가동
신흥로9길,주거지 도로,37.5432687,126.9871951,37.5428516,126.9868536,37.54306015,126.98702435,55.72521789287816,,,,464650933,,,,,용산2가동
신흥로11길,주거지 도로,37.5432687,126.9871951,37.54295,126.9876655,37.543109349999995,126.9874303,55.87047275104577,,,,464650934,,,,,용산2가동
신흥로11길,주거지 도로,37.5432687,126.9871951,37.5440537,126.9865297,37.5436612,126.9868624,105.83804377757636,,,,464650934,,,,,용산2가동
신흥로15길,주거지 도로,37.5443982,126.9863455,37.5445673,126.9867061,37.54448275,126.9865258,36.93633595892114,,,,464650935,,,,,용산2가동
신흥로11길,주거지 도로,37.5443982,126.9863455,37.5440537,126.9865297,37.54422595,126.9864376,41.63000760653756,,,,464650934,,,,,용산2가동
신흥로11길,주거지 도로,37.5443982,126.9863455,37.5446229,126.9861255,37.54451055,126.9862355,31.637612619488767,,,,464650934,,,,,용산2가동
신흥로15길,주거지 도로,37.5443982,126.9863455,37.5441906,126.9858074,37.5442944,126.98607645,52.778282909884425,,,,464650935,,,,,용산2가동
신흥로,3차로,37.54295,126.9876655,37.5433865,126.9877408,37.543168249999994,126.98770315,49.60002732501651,,,,37403309,,,,,용산2가동
신흥로,3차로,37.54295,126.9876655,37.5425003,126.9875106,37.542725149999995,126.98758805,51.8416877859566,,,,37403309,,,,,용산2가동
신흥로11길,주거지 도로,37.54295,126.9876655,37.5432687,126.9871951,37.543109349999995,126.9874303,55.87047275104577,,,,464650934,,,,,용산2가동
돈화문로6길,주거지 도로,37.5708496,126.9929178,37.5708786,126.9936006,37.5708641,126.9932592,60.26368665822997,,,,419750461,,,,,종로1·2·3·4가동
돈화문로6길,주거지 도로,37.5708496,126.9929178,37.570856,126.9928374,37.5708528,126.9928776,7.121556837278422,,,,419750461,,,,,종로1·2·3·4가동
돈화문로6가길,주거지 도로,37.5708496,126.9929178,37.5717262,126.9924918,37.5712879,126.9927048,104.493342721254,,,,419752056,,,,,종로1·2·3·4가동
수표로,주거지 도로,37.5711044,126.9893256,37.5706449,126.9894269,37.57087465,126.98937625,51.86828028199989,,,,184444067,,,,,종로1·2·3·4가동
수표로,주거지 도로,37.5711044,126.9893256,37.5714584,126.9892168,37.5712814,126.9892712,40.514149272594096,,,,184444067,,,,,종로1·2·3·4가동
수표로22길,주거지 도로,37.5711044,126.9893256,37.5712493,126.9904812,37.57117685,126.9899034,103.1863686184247,,,,245063636,,,,,종로1·2·3·4가동
수표로22길,주거지 도로,37.5712493,126.9904812,37.5716755,126.9906821,37.5714624,126.99058165,62.84409549355614,,,,245063636,,,,,종로1·2·3·4가동
수표로22길,주거지 도로,37.5712493,126.9904812,37.5711044,126.9893256,37.57117685,126.9899034,103.1863686184247,,,,245063636,,,,,종로1·2·3·4가동
돈화문로9길,주거지 도로,37.5712493,126.9904812,37.5715615,126.9891853,37.5714054,126.98983325,151.2863600784924,,,,"[419812891, 245063646]",,,,,종로1·2·3·4가동
수표로,주거지 도로,37.5715615,126.9891853,37.5714584,126.9892168,37.57150995,126.98920105,11.795563258523162,,,,184444067,,,,,종로1·2·3·4가동
수표로,주거지 도로,37.5715615,126.9891853,37.5719998,126.9889969,37.57178065,126.9890911,51.74941443002823,,,,184444067,,,,,종로1·2·3·4가동
돈화문로9길,주거지 도로,37.5715615,126.9891853,37.5712493,126.9904812,37.5714054,126.98983325,151.2863600784924,,,,"[419812891, 245063646]",,,,,종로1·2·3·4가동
돈화문로9길,주거지 도로,37.5718761,126.9910945,37.5719506,126.9914177,37.57191335,126.9912561,29.664417989718736,,,,419812890,,,,,종로1·2·3·4가동
돈화문로9길,주거지 도로,37.5718761,126.9910945,37.5716755,126.9906821,37.5717758,126.9908883,43.51243442587701,,,,419812890,,,,,종로1·2·3·4가동
"['돈화문로9길', '돈화문로9가길']",주거지 도로,37.5718761,126.9910945,37.5721795,126.9908918,37.5720278,126.99099315,38.21038796796569,,,,"[419812896, 788674831]",,,,,종로1·2·3·4가동
돈화문로5가길,주거지 도로,37.5719506,126.9914177,37.572378,126.9913248,37.5721643,126.99137125,48.22487567493325,,,,233651294,,,,,종로1·2·3·4가동
돈화문로9길,주거지 도로,37.5719506,126.9914177,37.5720092,126.9917455,37.5719799,126.9915816,29.615358249694257,,,,419812890,,,,,종로1·2·3·4가동
돈화문로9길,주거지 도로,37.5719506,126.9914177,37.5718761,126.9910945,37.57191335,126.9912561,29.664417989718736,,,,419812890,,,,,종로1·2·3·4가동
돈화문로5가길,주거지 도로,37.5719506,126.9914177,37.5707877,126.9917646,37.571369149999995,126.99159115,134.36310085323368,,,,233651294,,,,,종로1·2·3·4가동
돈화문로9길,주거지 도로,37.5720092,126.9917455,37.5719506,126.9914177,37.5719799,126.9915816,29.615358249694257,,,,419812890,,,,,종로1·2·3·4가동
수표로28길,주거지 도로,37.572847,126.9895365,37.5726675,126.9885717,37.57275725,126.9890541,90.86985958260956,,,,329261513,,,,,종로1·2·3·4가동
돈화문로,주거지 도로,37.5741861,126.9913423,37.574215,126.9915667,37.57420055,126.9914545,20.03559567384871,,,,419750459,,,,,종로1·2·3·4가동
돈화문로,주거지 도로,37.5741861,126.9913423,37.5741567,126.9910658,37.5741714,126.99120405,24.586061130133892,,,,419750459,,,,,종로1·2·3·4가동
율곡로8길,주거지 도로,37.5741861,126.9913423,37.5756979,126.9909009,37.574942,126.9911216,172.54680234000818,,,,419752057,,,,,종로1·2·3·4가동
율곡로8길,주거지 도로,37.5741861,126.9913423,37.572581,126.9918851,37.57338355,126.9916137,184.798874542054,,,,419752057,,,,,종로1·2·3·4가동
서순라길,주거지 도로,37.5757137,126.9910556,37.5757505,126.9914156,37.5757321,126.9912356,31.988680596532973,,,,419750457,,,,,종로1·2·3·4가동
돈화문로,주거지 도로,37.5757137,126.9910556,37.5756979,126.9909009,37.5757058,126.99097825,13.746055796730673,,,,419750458,,,,,종로1·2·3·4가동
율곡로10길,주거지 도로,37.5757137,126.9910556,37.574215,126.9915667,37.57496435,126.99131115,174.46506270153256,,,,245063565,,,,,종로1·2·3·4가동
율곡로10길,주거지 도로,37.5757137,126.9910556,37.5774417,126.9907555,37.5765777,126.99090555,196.20471685183065,,,,245063565,,,,,종로1·2·3·4가동
율곡로10길,주거지 도로,37.5774417,126.9907555,37.5757137,126.9910556,37.5765777,126.99090555,196.20471685183065,,,,245063565,,,,,종로1·2·3·4가동
평창8길,주거지 도로,37.6016437,126.9681921,37.6023213,126.9684993,37.6019825,126.9683457,101.26736939690704,,,,245063655,,,,,평창동
평창8길,주거지 도로,37.6022446,126.967716,37.6025976,126.9679125,37.6024211,126.96781425,90.9390260685979,,,,245063639,,,,,평창동
평창8길,주거지 도로,37.6023213,126.9684993,37.602025,126.9689488,37.60217315,126.96872405,59.856007848575395,,,,245063633,,,,,평창동
평창8길,주거지 도로,37.6023213,126.9684993,37.6027856,126.9683075,37.60255345,126.9684034,59.87819951978909,,,,245063633,,,,,평창동
평창8길,주거지 도로,37.6023213,126.9684993,37.6016437,126.9681921,37.6019825,126.9683457,101.26736939690704,,,,245063655,,,,,평창동
평창8길,주거지 도로,37.6025976,126.9679125,37.6024534,126.9677607,37.6025255,126.9678366,20.879057650573685,,,,289914871,,,,,평창동
평창8길,주거지 도로,37.6025976,126.9679125,37.6028728,126.9681987,37.6027352,126.9680556,39.6497901902116,,,,289914871,,,,,평창동
평창8길,주거지 도로,37.6025976,126.9679125,37.6022446,126.967716,37.6024211,126.96781425,90.93902606859788,,,,245063639,,,,,평창동
평창8길,주거지 도로,37.6027856,126.9683075,37.6028728,126.9681987,37.6028292,126.9682531,13.633944215995005,,,,245063567,,,,,평창동
평창8길,주거지 도로,37.6027856,126.9683075,37.6028564,126.9693408,37.602821,126.96882415,106.7690801866664,,,,245063567,,,,,평창동
평창8길,주거지 도로,37.6027856,126.9683075,37.6023213,126.9684993,37.60255345,126.9684034,59.87819951978909,,,,245063633,,,,,평창동
평창8길,주거지 도로,37.6028564,126.9693408,37.6027856,126.9683075,37.602821,126.96882415,106.7690801866664,,,,245063567,,,,,평창동
평창8길,주거지 도로,37.604884,126.9653377,37.6028728,126.9681987,37.6038784,126.9667682,347.02124534021647,,,,245063567,,,,,평창동
평창길,주거지 도로,37.6052269,126.964821,37.6058225,126.9642676,37.6055247,126.9645443,84.29886928298978,,,,221504395,,1,,,평창동
평창길,주거지 도로,37.6052269,126.964821,37.6048253,126.9651971,37.6050261,126.96500905,55.87461947397829,,,,221504395,,1,,,평창동
평창길,주거지 도로,37.6052269,126.964821,37.6055734,126.9649067,37.605400149999994,126.96486385,39.44701021842455,,,,245063648,,,,,평창동
평창문화로,주거지 도로,37.6053689,126.9664252,37.6056296,126.966302,37.60549925,126.9663636,30.953565813836125,,,,789051351,,,,,평창동
평창길,주거지 도로,37.6055734,126.9649067,37.6058917,126.9652529,37.60573255,126.9650798,64.39448597434551,,,,245063599,,,,,평창동
평창길,주거지 도로,37.6055734,126.9649067,37.6052269,126.964821,37.605400149999994,126.96486385,39.44701021842455,,,,245063648,,,,,평창동
평창길,주거지 도로,37.6055734,126.9649067,37.6058405,126.9647166,37.60570695,126.96481165,51.58258351177204,,,,245063648,,,,,평창동
평창문화로,주거지 도로,37.6056296,126.966302,37.6053689,126.9664252,37.60549925,126.9663636,30.953565813836125,,,,789051351,,,,,평창동
평창11길,주거지 도로,37.6056296,126.966302,37.6059487,126.9668943,37.60578915,126.96659815,64.00948866158521,,,,245063623,,,,,평창동
평창11길,주거지 도로,37.6056296,126.966302,37.6063491,126.9664038,37.60598935,126.9663529,100.55223926231125,,,,245063635,,,,,평창동
평창길,주거지 도로,37.6058405,126.9647166,37.6055734,126.9649067,37.60570695,126.96481165,51.58258351177203,,,,245063648,,,,,평창동
평창길,주거지 도로,37.6058917,126.9652529,37.6055734,126.9649067,37.60573255,126.9650798,64.39448597434551,,,,245063599,,,,,평창동
평창11길,주거지 도로,37.6059166,126.9669173,37.6059487,126.9668943,37.60593265,126.9669058,4.104322522145065,,,,221316561,,2,,,평창동
평창11길,주거지 도로,37.6059166,126.9669173,37.6056691,126.9670944,37.60579285,126.96700585,31.63521467822668,,,,221316561,,2,,,평창동
평창12길,주거지 도로,37.6059166,126.9669173,37.6067214,126.9670761,37.606319,126.9669967,130.15119225751369,,,,245063563,,,,,평창동
평창11길,주거지 도로,37.6059487,126.9668943,37.6059166,126.9669173,37.60593265,126.9669058,4.104322522145065,,,,221316561,,2,,,평창동
평창11길,주거지 도로,37.6059487,126.9668943,37.6063985,126.9665724,37.6061736,126.96673335,57.494810428214414,,,,221316561,,2,,,평창동
평창11길,주거지 도로,37.6059487,126.9668943,37.6056296,126.966302,37.60578915,126.96659815,64.00948866158521,,,,245063623,,,,,평창동
평창11길,주거지 도로,37.6063491,126.9664038,37.6056296,126.966302,37.60598935,126.9663529,100.55223926231125,,,,245063635,,,,,평창동
평창11길,주거지 도로,37.6064497,126.9665358,37.6063985,126.9665724,37.6064241,126.9665541,6.542739178284296,,,,221316561,,2,,,평창동
평창11길,주거지 도로,37.6064497,126.9665358,37.6070661,126.9660524,37.6067579,126.9662941,86.37849073654293,,,,221316561,,2,,,평창동
평창11길,주거지 도로,37.6064497,126.9665358,37.6070661,126.9660524,37.6067579,126.9662941,92.8930424726201,,,,245063626,,,,,평창동
평창12길,주거지 도로,37.6067214,126.9670761,37.6067496,126.9670315,37.6067355,126.9670538,5.026774388571442,,,,245063563,,,,,평창동
평창12길,주거지 도로,37.6067214,126.9670761,37.6059166,126.9669173,37.606319,126.9669967,130.15119225751369,,,,245063563,,,,,평창동
평창12길,주거지 도로,37.6067214,126.9670761,37.6069616,126.9674541,37.6068415,126.9672651,50.819329209829405,,,,245063627,,,,,평창동
평창12길,주거지 도로,37.6067496,126.9670315,37.6068177,126.9667396,37.60678365,126.96688555,26.80548107218295,,,,245063563,,,,,평창동
평창12길,주거지 도로,37.6067496,126.9670315,37.6067214,126.9670761,37.6067355,126.9670538,5.026774388571442,,,,245063563,,,,,평창동
평창11길,주거지 도로,37.6067496,126.9670315,37.6063985,126.9665724,37.60657405,126.96680195,61.22506327654429,,,,245063641,,,,,평창동
평창12길,주거지 도로,37.6067496,126.9670315,37.6070299,126.967141,37.60688975,126.96708625,32.74859431749858,,,,789146720,,,,,평창동
평창12길,주거지 도로,37.6068177,126.9667396,37.6068724,126.9665056,37.60684505,126.9666226,21.491843533348742,,,,245063563,,,,,평창동
평창12길,주거지 도로,37.6068177,126.9667396,37.6067496,126.9670315,37.60678365,126.96688555,26.80548107218295,,,,245063563,,,,,평창동
평창12길,주거지 도로,37.6068177,126.9667396,37.6075354,126.9668278,37.607176550000005,126.9667837,93.04027179298912,,,,245063611,,,,,평창동
평창12길,주거지 도로,37.6068724,126.9665056,37.6068177,126.9667396,37.60684505,126.9666226,21.491843533348742,,,,245063563,,,,,평창동
평창12길,주거지 도로,37.6068724,126.9665056,37.6070661,126.9660524,37.60696925,126.966279,46.29887363449042,,,,245063563,,,,,평창동
평창12길,주거지 도로,37.6068724,126.9665056,37.6079109,126.9668627,37.60739165,126.96668415,123.8439863221406,,,,245063638,,,,,평창동
평창12길,주거지 도로,37.6069616,126.9674541,37.6067214,126.9670761,37.6068415,126.9672651,50.819329209829405,,,,245063627,,,,,평창동
평창11길,주거지 도로,37.6070661,126.9660524,37.6072202,126.9658787,37.60714315,126.96596555,23.63324544854057,,,,221316561,,2,,,평창동
평창11길,주거지 도로,37.6070661,126.9660524,37.6064497,126.9665358,37.6067579,126.9662941,86.37849073654294,,,,221316561,,2,,,평창동
평창11길,주거지 도로,37.6070661,126.9660524,37.6064497,126.9665358,37.6067579,126.9662941,92.8930424726201,,,,245063626,,,,,평창동
평창12길,주거지 도로,37.6070661,126.9660524,37.6068724,126.9665056,37.60696925,126.966279,46.29887363449042,,,,245063563,,,,,평창동
평창12길,주거지 도로,37.6070299,126.967141,37.6067496,126.9670315,37.60688975,126.96708625,32.74859431749858,,,,789146720,,,,,평창동
평창11길,주거지 도로,37.6071661,126.9644689,37.6076291,126.9649848,37.6073976,126.96472685,70.18640597123951,,,,245063602,,,,,평창동
평창11길,주거지 도로,37.6072202,126.9658787,37.6073619,126.965794,37.60729105,126.96583635,17.433654371224236,,,,221316561,,2,,,평창동
평창11길,주거지 도로,37.6072202,126.9658787,37.6070661,126.9660524,37.60714315,126.96596555,23.63324544854057,,,,221316561,,2,,,평창동
평창1길,주거지 도로,37.6072202,126.9658787,37.6073316,126.9657243,37.607275900000005,126.9658015,19.051602207808568,,,,221422961,,,,,평창동
평창11길,주거지 도로,37.6073316,126.9657243,37.6073619,126.965794,37.607346750000005,126.96575915,7.00354443459548,,,,221423032,,,,,평창동
평창1길,주거지 도로,37.6073316,126.9657243,37.6058225,126.9642676,37.60657705,126.96499595,233.80102863020113,,,,221422961,,,,,평창동
평창1길,주거지 도로,37.6073316,126.9657243,37.6072202,126.9658787,37.607275900000005,126.9658015,19.051602207808568,,,,221422961,,,,,평창동
평창11길,주거지 도로,37.6073316,126.9657243,37.6076291,126.9649848,37.60748035,126.96535455,106.32462295885826,,,,221423032,,,,,평창동
평창11길,주거지 도로,37.6073619,126.965794,37.6072202,126.9658787,37.60729105,126.96583635,17.433654371224236,,,,221316561,,2,,,평창동
평창11길,주거지 도로,37.6073619,126.965794,37.6073316,126.9657243,37.607346750000005,126.96575915,7.00354443459548,,,,221423032,,,,,평창동
평창11길,주거지 도로,37.6073619,126.965794,37.6077933,126.965625,37.6075776,126.9657095,51.88241538919985,,,,221316561,,2,,,평창동
평창12길,주거지 도로,37.6075354,126.9668278,37.6068177,126.9667396,37.607176550000005,126.9667837,93.04027179298912,,,,245063611,,,,,평창동
평창21길,주거지 도로,37.6078146,126.9712613,37.6078464,126.9706715,37.6078305,126.9709664,69.54481701468261,,,,245063631,,,,,평창동
평창21길,주거지 도로,37.6078146,126.9712613,37.6093898,126.970945,37.6086022,126.97110315,183.4033219675915,,,,245063631,,,,,평창동
평창21길,주거지 도로,37.6078146,126.9712613,37.6072629,126.9717907,37.60753875,126.971526,78.50787874559927,,,,913141304,,,,,평창동
평창21길,주거지 도로,37.6078464,126.9706715,37.6078146,126.9712613,37.6078305,126.9709664,69.54481701468261,,,,245063631,,,,,평창동
평창12길,주거지 도로,37.6079109,126.9668627,37.6068724,126.9665056,37.60739165,126.96668415,123.8439863221406,,,,245063638,,,,,평창동
평창11길,주거지 도로,37.6084409,126.9658587,37.6090772,126.9657737,37.60875905,126.9658162,71.52095511661379,,,,221316561,,2,,,평창동
평창11길,주거지 도로,37.6084409,126.9658587,37.6083578,126.9658887,37.60839935,126.9658737,9.692946449160493,,,,221316561,,2,,,평창동
평창11길,주거지 도로,37.6084409,126.9658587,37.6086398,126.9649987,37.60854035,126.9654287,86.50211564467925,,,,245063613,,,,,평창동
평창13길,주거지 도로,37.6085729,126.9632593,37.6077933,126.965625,37.6081831,126.96444215,428.8196414237188,,,,245063595,,,,,평창동
평창길,주거지 도로,37.6085729,126.9632593,37.6113115,126.9635642,37.6099422,126.96341175,349.97817403223775,,,,848767983,,1,,,평창동
평창길,주거지 도로,37.6085729,126.9632593,37.6080186,126.962202,37.60829575,126.96273065,112.67772020969994,,,,848767983,,1,,,평창동
평창11길,주거지 도로,37.6086398,126.9649987,37.6084409,126.9658587,37.60854035,126.9654287,86.50211564467925,,,,245063613,,,,,평창동
평창24길,주거지 도로,37.6091088,126.9786194,37.6092078,126.9738651,37.6091583,126.97624225,481.1501312678366,,,,245063570,,,,,평창동
평창11길,주거지 도로,37.609136,126.9658125,37.6090772,126.9657737,37.6091066,126.9657931,7.377697679352615,,,,221316561,,2,,,평창동
평창11길,주거지 도로,37.609136,126.9658125,37.6094743,126.9660506,37.60930515,126.96593155,43.07153277057213,,,,221316561,,2,,,평창동
평창11길,주거지 도로,37.609136,126.9658125,37.6094957,126.9648421,37.60931585,126.9653273,105.5562465998068,,,,245063640,,,,,평창동
평창24길,주거지 도로,37.6092078,126.9738651,37.6091088,126.9786194,37.6091583,126.97624225,481.15013126783657,,,,245063570,,,,,평창동
평창11길,주거지 도로,37.6094957,126.9648421,37.609136,126.9658125,37.60931585,126.9653273,105.5562465998068,,,,245063640,,,,,평창동
평창25길,주거지 도로,37.6096319,126.9748564,37.6103347,126.9743037,37.6099833,126.97458005,92.07271609873368,,,,419749492,,,,,평창동
평창길,주거지 도로,37.6099329,126.9608812,37.6075997,126.9614973,37.6087663,126.96118925,308.85678028445375,,,,"[848767981, 848767982]",,1,,,평창동
평창15길,주거지 도로,37.6101593,126.9658325,37.6108974,126.964482,37.61052835,126.96515725,159.2312157513077,,,,245063560,,,,,평창동
평창15길,주거지 도로,37.6101593,126.9658325,37.610947,126.966177,37.61055315,126.96600475,94.10347734176916,,,,245063630,,,,,평창동
평창15길,주거지 도로,37.6101593,126.9658325,37.6094743,126.9660506,37.6098168,126.96594155,80.94600644534619,,,,245063645,,,,,평창동
평창15길,주거지 도로,37.6101593,126.9658325,37.6107299,126.9649517,37.6104446,126.9653921,117.60783974397803,,,,245063645,,,,,평창동
평창11길,주거지 도로,37.6101593,126.9674101,37.6094743,126.9660506,37.6098168,126.96673035,153.2237066147812,,,,245063650,,,,,평창동
평창25길,주거지 도로,37.6103347,126.9743037,37.6096319,126.9748564,37.6099833,126.97458005,92.07271609873368,,,,419749492,,,,,평창동
평창25길,주거지 도로,37.6103347,126.9743037,37.6106125,126.9744983,37.610473600000006,126.974401,36.32985227835006,,,,245063618,,,,,평창동
평창25길,주거지 도로,37.6103347,126.9743037,37.6103916,126.9742197,37.61036315,126.9742617,10.22030221205059,,,,419749492,,,,,평창동
평창26길,주거지 도로,37.6103916,126.9742197,37.6111788,126.974321,37.610785199999995,126.97427035,91.4217677495551,,,,245063658,,,,,평창동
평창25길,주거지 도로,37.6103916,126.9742197,37.6103347,126.9743037,37.61036315,126.9742617,10.22030221205059,,,,419749492,,,,,평창동
평창25길,주거지 도로,37.6103916,126.9742197,37.6114091,126.9726451,37.61090035,126.9734324,214.26780244715857,,,,419749492,,,,,평창동
평창20길,주거지 도로,37.6105829,126.9706993,37.6111695,126.9700682,37.6108762,126.97038375,85.7025209100584,,,,86165642,,,,,평창동
평창20길,주거지 도로,37.6105829,126.9706993,37.6103735,126.9709246,37.6104782,126.97081195,30.594343613670308,,,,86165642,,,,,평창동
평창20길,주거지 도로,37.6105829,126.9706993,37.6109676,126.9715904,37.61077525,126.97114485,89.39274498581273,,,,245063568,,,,,평창동
평창25길,주거지 도로,37.6106125,126.9744983,37.6103347,126.9743037,37.610473600000006,126.974401,36.32985227835006,,,,245063618,,,,,평창동
평창31길,주거지 도로,37.6107557,126.9758665,37.6110923,126.9754331,37.610924,126.9756498,53.46317121581367,,,,245063629,,,,,평창동
평창15길,주거지 도로,37.6107299,126.9649517,37.6101593,126.9658325,37.6104446,126.9653921,117.60783974397803,,,,245063645,,,,,평창동
평창36길,주거지 도로,37.6107891,126.9776088,37.6128236,126.9778546,37.611806349999995,126.9777317,235.17782705861185,,,,245063657,,,,,평창동
평창15길,주거지 도로,37.6108974,126.964482,37.6101593,126.9658325,37.61052835,126.96515725,159.2312157513077,,,,245063560,,,,,평창동
평창25길,주거지 도로,37.6109004,126.9721137,37.6113565,126.9724237,37.611128449999995,126.9722687,62.20583587473461,,,,245063600,,,,,평창동
평창16길,주거지 도로,37.610947,126.966177,37.610931,126.9664595,37.610939,126.96631825,24.947746517205587,,,,245063615,,,,,평창동
평창16길,주거지 도로,37.610947,126.966177,37.611102,126.9656681,37.6110245,126.96592255,49.44962484953907,,,,245063615,,,,,평창동
평창15길,주거지 도로,37.610947,126.966177,37.6101593,126.9658325,37.61055315,126.96600475,94.10347734176916,,,,245063630,,,,,평창동
평창25길,주거지 도로,37.6107532,126.9717173,37.6109676,126.9715904,37.6108604,126.97165385,26.33070776863621,,,,419749493,,,,,평창동
평창31길,주거지 도로,37.6110923,126.9754331,37.6107557,126.9758665,37.610924,126.9756498,53.46317121581367,,,,245063629,,,,,평창동
평창31길,주거지 도로,37.6110923,126.9754331,37.6117084,126.9754675,37.61140035,126.9754503,68.57427088193043,,,,245063629,,,,,평창동
평창31길,주거지 도로,37.6110923,126.9754331,37.6112489,126.9763307,37.6111706,126.9758819,81.6387355936798,,,,245063644,,,,,평창동
평창16길,주거지 도로,37.611102,126.9656681,37.610947,126.966177,37.6110245,126.96592255,49.44962484953907,,,,245063615,,,,,평창동
평창15길,주거지 도로,37.611102,126.9656681,37.6113408,126.9655624,37.611221400000005,126.96561525,73.68137128889435,,,,245063652,,,,,평창동
평창15길,주거지 도로,37.611102,126.9656681,37.6113408,126.9655624,37.611221400000005,126.96561525,29.217418421904096,,,,245063652,,,,,평창동
평창26길,주거지 도로,37.6111782,126.9746367,37.6111788,126.974321,37.611178499999994,126.97447885,27.808664443696728,,,,245063574,,,,,평창동
평창26길,주거지 도로,37.6111788,126.974321,37.6111782,126.9746367,37.611178499999994,126.97447885,27.808664443696728,,,,245063574,,,,,평창동
평창26길,주거지 도로,37.6111788,126.974321,37.6103916,126.9742197,37.610785199999995,126.97427035,91.42176774955507,,,,245063658,,,,,평창동
평창26길,주거지 도로,37.6111788,126.974321,37.612102,126.9744056,37.6116404,126.9743633,105.4411413605923,,,,245063658,,,,,평창동
평창31길,주거지 도로,37.6112489,126.9763307,37.6117547,126.9768941,37.6115018,126.9766124,75.00712573628545,,,,245063644,,,,,평창동
평창31길,주거지 도로,37.6112489,126.9763307,37.6116751,126.976063,37.611462,126.97619685,56.88545013287206,,,,245063620,,,,,평창동
평창31길,주거지 도로,37.6112489,126.9763307,37.6110923,126.9754331,37.6111706,126.9758819,81.6387355936798,,,,245063644,,,,,평창동
평창15길,주거지 도로,37.6113408,126.9655624,37.6116071,126.9651389,37.61147395,126.96535065,47.62791565725014,,,,245063652,,,,,평창동
평창15길,주거지 도로,37.6113408,126.9655624,37.611102,126.9656681,37.611221400000005,126.96561525,29.217418421904096,,,,245063652,,,,,평창동
평창15길,주거지 도로,37.6113408,126.9655624,37.611102,126.9656681,37.611221400000005,126.96561525,73.68137128889435,,,,245063652,,,,,평창동
평창25길,주거지 도로,37.6113565,126.9724237,37.6114091,126.9726451,37.6113828,126.9725344,20.36025382426405,,,,419749492,,,,,평창동
평창25길,주거지 도로,37.6113565,126.9724237,37.6115933,126.972169,37.611474900000005,126.97229635,34.59281971761919,,,,419749492,,,,,평창동
평창25길,주거지 도로,37.6113565,126.9724237,37.6109004,126.9721137,37.611128449999995,126.9722687,62.20583587473461,,,,245063600,,,,,평창동
평창15길,주거지 도로,37.6113599,126.9645723,37.6116071,126.9651389,37.6114835,126.9648556,67.08632311300468,,,,245063562,,,,,평창동
평창길,주거지 도로,37.6113599,126.9645723,37.6116695,126.9650669,37.6115147,126.9648196,56.866411507075824,,,,848767983,,1,,,평창동
평창길,주거지 도로,37.6113599,126.9645723,37.6113115,126.9635642,37.6113357,126.96406825,90.18030283399372,,,,848767983,,1,,,평창동
평창25길,주거지 도로,37.6114091,126.9726451,37.6118301,126.9726562,37.6116196,126.97265065,46.82333974532563,,,,245063580,,,,,평창동
평창25길,주거지 도로,37.6114091,126.9726451,37.6113565,126.9724237,37.6113828,126.9725344,20.36025382426405,,,,419749492,,,,,평창동
평창25길,주거지 도로,37.6114091,126.9726451,37.6103916,126.9742197,37.61090035,126.9734324,214.26780244715852,,,,419749492,,,,,평창동
평창25길,주거지 도로,37.6115933,126.972169,37.611795,126.9722798,37.611694150000005,126.9722244,24.45958110716099,,,,245063575,,,,,평창동
평창25길,주거지 도로,37.6115933,126.972169,37.6113565,126.9724237,37.611474900000005,126.97229635,34.59281971761919,,,,419749492,,,,,평창동
평창25길,주거지 도로,37.6115933,126.972169,37.6113301,126.9713719,37.61146170000001,126.97177045,119.2844008599702,,,,419749492,,,,,평창동
평창15길,주거지 도로,37.6116071,126.9651389,37.6113408,126.9655624,37.61147395,126.96535065,47.62791565725014,,,,245063652,,,,,평창동
평창15길,주거지 도로,37.6116071,126.9651389,37.6117027,126.9655955,37.611654900000005,126.9653672,54.68219056403464,,,,245063562,,,,,평창동
평창15길,주거지 도로,37.6116071,126.9651389,37.6113599,126.9645723,37.6114835,126.9648556,67.08632311300468,,,,245063562,,,,,평창동
평창31길,주거지 도로,37.6116751,126.976063,37.6117084,126.9754675,37.61169175,126.97576525,52.58506712923961,,,,245063573,,,,,평창동
평창31길,주거지 도로,37.6116751,126.976063,37.6122534,126.9761275,37.61196425,126.97609525,64.55461534180687,,,,245063620,,,,,평창동
평창31길,주거지 도로,37.6116751,126.976063,37.6112489,126.9763307,37.611462,126.97619685,56.88545013287206,,,,245063620,,,,,평창동
평창11길,주거지 도로,37.6116626,126.9666738,37.6126587,126.9672593,37.61216065,126.96696655,127.05491357127178,,,,221316561,,2,,,평창동
평창11길,주거지 도로,37.6116626,126.9666738,37.610931,126.9664595,37.611296800000005,126.96656665,85.36337842083684,,,,221316561,,2,,,평창동
평창17길,주거지 도로,37.6116626,126.9666738,37.6133052,126.9665208,37.6124839,126.9665973,214.33979936846305,,,,245063654,,,,,평창동
평창30길,주거지 도로,37.6116679,126.9734424,37.6126985,126.9721977,37.6121832,126.97282005,180.5345993487062,,,,245063649,,,,,평창동
평창길,주거지 도로,37.6116695,126.9650669,37.6123817,126.9644935,37.6120256,126.9647802,93.92856060237072,,,,789146718,,,,,평창동
평창길,주거지 도로,37.6116695,126.9650669,37.6143425,126.9674908,37.613006,126.96627885,446.1934761716056,,,,848767983,,1,,,평창동
평창길,주거지 도로,37.6116695,126.9650669,37.6113599,126.9645723,37.6115147,126.9648196,56.86641150707583,,,,848767983,,1,,,평창동
평창길,주거지 도로,37.6116794,126.9683663,37.612557,126.9682786,37.6121182,126.96832245,97.89009072529504,,,,245063572,,,,,평창동
평창15길,주거지 도로,37.6117027,126.9655955,37.6117027,126.9655955,37.6117027,126.9655955,92.60443912155004,,,,245063562,,,,,평창동
평창15길,주거지 도로,37.6117027,126.9655955,37.6117027,126.9655955,37.6117027,126.9655955,92.60443912155004,,,,245063562,,,,,평창동
평창15길,주거지 도로,37.6117027,126.9655955,37.6116071,126.9651389,37.611654900000005,126.9653672,54.68219056403464,,,,245063562,,,,,평창동
평창31길,주거지 도로,37.6117084,126.9754675,37.6116751,126.976063,37.61169175,126.97576525,52.58506712923961,,,,245063573,,,,,평창동
평창31길,주거지 도로,37.6117084,126.9754675,37.6110923,126.9754331,37.61140035,126.9754503,68.57427088193043,,,,245063629,,,,,평창동
평창31길,주거지 도로,37.6117084,126.9754675,37.6119764,126.9749199,37.6118424,126.9751937,76.25614034717618,,,,245063629,,,,,평창동
평창31길,주거지 도로,37.6117547,126.9768941,37.6123823,126.9762663,37.6120685,126.9765802,89.03995834730955,,,,245063576,,,,,평창동
평창31길,주거지 도로,37.6117547,126.9768941,37.6112489,126.9763307,37.6115018,126.9766124,75.00712573628545,,,,245063644,,,,,평창동
평창31길,주거지 도로,37.6117547,126.9768941,37.6126347,126.976901,37.6121947,126.97689755,109.79745510475324,,,,245063644,,,,,평창동
평창25길,주거지 도로,37.611795,126.9722798,37.6115933,126.972169,37.611694150000005,126.9722244,24.45958110716099,,,,245063575,,,,,평창동
평창25길,주거지 도로,37.6118301,126.9726562,37.6114091,126.9726451,37.6116196,126.97265065,46.82333974532563,,,,245063580,,,,,평창동
평창30길,주거지 도로,37.6119764,126.9749199,37.6125611,126.9750078,37.61226875,126.97496385,65.50421456132268,,,,37521888,,,,,평창동
평창30길,주거지 도로,37.6119764,126.9749199,37.6100378,126.9758051,37.6110071,126.9753625,245.2914890461984,,,,37521888,,,,,평창동
평창31길,주거지 도로,37.6119764,126.9749199,37.6117084,126.9754675,37.6118424,126.9751937,76.25614034717618,,,,245063629,,,,,평창동
평창26길,주거지 도로,37.6119805,126.9740386,37.6119805,126.9740386,37.6119805,126.9740386,97.80171354059313,,,,245063656,,,,,평창동
평창26길,주거지 도로,37.6119805,126.9740386,37.6119805,126.9740386,37.6119805,126.9740386,97.80171354059313,,,,245063656,,,,,평창동
평창26길,주거지 도로,37.6119805,126.9740386,37.612102,126.9744056,37.61204125,126.9742221,41.41217154864078,,,,245063656,,,,,평창동
평창26길,주거지 도로,37.612102,126.9744056,37.6119805,126.9740386,37.61204125,126.9742221,41.41217154864078,,,,245063656,,,,,평창동
평창26길,주거지 도로,37.612102,126.9744056,37.6111788,126.974321,37.6116404,126.9743633,105.4411413605923,,,,245063658,,,,,평창동
평창26길,주거지 도로,37.612102,126.9744056,37.6128387,126.9748706,37.612470349999995,126.9746381,105.48712082631748,,,,245063658,,,,,평창동
평창32길,주거지 도로,37.6123034,126.9756715,37.6125611,126.9750078,37.61243225,126.97533965,65.10634556439202,,,,37521892,,,,,평창동
평창32길,주거지 도로,37.6123034,126.9756715,37.6122534,126.9761275,37.6122784,126.9758995,42.47785142233096,,,,37521892,,,,,평창동
평창33길,주거지 도로,37.6123034,126.9756715,37.6137248,126.9749501,37.6130141,126.9753108,212.28011820533305,,,,245063569,,,,,평창동
평창길,주거지 도로,37.6123817,126.9644935,37.6116695,126.9650669,37.6120256,126.9647802,93.92856060237072,,,,789146718,,,,,평창동
평창5길,주거지 도로,37.6123817,126.9644935,37.613914,126.9652204,37.61314785,126.96485695,218.8346378083829,,,,245063597,,1,,,평창동
평창5길,주거지 도로,37.6123817,126.9644935,37.6113115,126.9635642,37.6118466,126.96402885,163.78530739469872,,,,245063597,,1,,,평창동
평창5길,주거지 도로,37.6123817,126.9644935,37.612719,126.9637257,37.61255035,126.9641096,77.62967492280845,,,,245063625,,,,,평창동
평창31길,주거지 도로,37.6123823,126.9762663,37.6117547,126.9768941,37.6120685,126.9765802,89.03995834730955,,,,245063576,,,,,평창동
평창32길,주거지 도로,37.6123823,126.9762663,37.6122534,126.9761275,37.61231785,126.9761969,18.84718502968745,,,,37521892,,,,,평창동
평창32길,주거지 도로,37.6123823,126.9762663,37.6127439,126.9767362,37.6125631,126.97650125,57.77716366306211,,,,37521892,,,,,평창동
평창길,주거지 도로,37.6124707,126.9698757,37.6126904,126.9708355,37.61258055,126.9703556,88.00168341058473,,,,245063581,,,,,평창동
평창길,주거지 도로,37.6124707,126.9698757,37.612815,126.9698534,37.61264285,126.96986455,38.49552489570186,,,,848767985,,1,,,평창동
평창길,주거지 도로,37.6124707,126.9698757,37.6116575,126.969453,37.6120641,126.96966435,112.8615292709828,,,,848767985,,1,,,평창동
평창35길,주거지 도로,37.612519,126.973673,37.6128973,126.9732033,37.61270815,126.97343815,59.48622066970765,,,,37521895,,,,,평창동
평창길,주거지 도로,37.612557,126.9682786,37.6116794,126.9683663,37.6121182,126.96832245,97.89009072529504,,,,245063572,,,,,평창동
평창21길,주거지 도로,37.612557,126.9682786,37.6104352,126.9677962,37.6114961,126.9680374,273.92034989595055,,,,221423145,,,,,평창동
평창길,주거지 도로,37.612557,126.9682786,37.6129813,126.9684679,37.612769150000005,126.96837325,50.2243167660461,,,,245063572,,,,,평창동
평창31길,주거지 도로,37.6126347,126.976901,37.6117547,126.9768941,37.6121947,126.97689755,109.79745510475324,,,,245063644,,,,,평창동
평창길,주거지 도로,37.6126904,126.9708355,37.6124707,126.9698757,37.61258055,126.9703556,88.00168341058473,,,,245063581,,,,,평창동
평창30길,주거지 도로,37.6126985,126.9721977,37.6130289,126.971376,37.612863700000005,126.97178685,81.16863040408074,,,,245063649,,,,,평창동
평창30길,주거지 도로,37.6126985,126.9721977,37.6114135,126.9710392,37.612055999999995,126.97161845,193.40747154585293,,,,37521888,,,,,평창동
평창30길,주거지 도로,37.6126985,126.9721977,37.6130358,126.9723783,37.61286715,126.972288,44.78889556940588,,,,37521888,,,,,평창동
평창30길,주거지 도로,37.6126985,126.9721977,37.6116679,126.9734424,37.6121832,126.97282005,180.53459934870617,,,,245063649,,,,,평창동
"['평창5길', '평창4길']",주거지 도로,37.612719,126.9637257,37.613914,126.9652204,37.6133165,126.96447305,266.112510617914,,,,"[702634562, 245063612]",,1,,,평창동
평창4길,주거지 도로,37.612719,126.9637257,37.6080186,126.962202,37.6103688,126.96296385,627.8274232599734,,,,245063612,,1,,,평창동
평창5길,주거지 도로,37.612719,126.9637257,37.6123817,126.9644935,37.61255035,126.9641096,77.62967492280845,,,,245063625,,,,,평창동
평창36길,주거지 도로,37.6128236,126.9778546,37.6130799,126.9783098,37.61295175,126.9780822,49.192107042824105,,,,245063589,,,,,평창동
평창36길,주거지 도로,37.6128236,126.9778546,37.6107891,126.9776088,37.611806349999995,126.9777317,235.17782705861185,,,,245063657,,,,,평창동
평창36길,주거지 도로,37.6128236,126.9778546,37.6131702,126.9777469,37.6129969,126.97780075,40.166823617367314,,,,245063657,,,,,평창동
평창26길,주거지 도로,37.6128387,126.9748706,37.612102,126.9744056,37.612470349999995,126.9746381,105.48712082631748,,,,245063658,,,,,평창동
평창30길,주거지 도로,37.6128973,126.9732033,37.6130358,126.9723783,37.61296655,126.9727908,80.0479371220788,,,,37521888,,,,,평창동
평창30길,주거지 도로,37.6128973,126.9732033,37.6132072,126.9736485,37.61305225,126.9734259,52.712415776772275,,,,37521888,,,,,평창동
평창35길,주거지 도로,37.6128973,126.9732033,37.6137611,126.9730164,37.613329199999995,126.97310985,110.74422996469684,,,,37521895,,,,,평창동
평창35길,주거지 도로,37.6128973,126.9732033,37.612519,126.973673,37.61270815,126.97343815,59.48622066970765,,,,37521895,,,,,평창동
평창길,주거지 도로,37.6129813,126.9684679,37.612557,126.9682786,37.612769150000005,126.96837325,50.2243167660461,,,,245063572,,,,,평창동
평창길,주거지 도로,37.6129813,126.9684679,37.6116327,126.9690785,37.612307,126.9687732,171.97181684317982,,,,848767985,,1,,,평창동
평창길,주거지 도로,37.6129813,126.9684679,37.6143246,126.9678423,37.61365295,126.9681551,175.5974144325176,,,,848767985,,1,,,평창동
평창30길,주거지 도로,37.6130289,126.971376,37.6126985,126.9721977,37.612863700000005,126.97178685,81.16863040408074,,,,245063649,,,,,평창동
평창22길,주거지 도로,37.6130289,126.971376,37.6134615,126.9721318,37.6132452,126.9717539,93.01048149064744,,,,419749494,,,,,평창동
평창22길,주거지 도로,37.6130289,126.971376,37.6111695,126.9700682,37.6120992,126.9707221,252.77674565448996,,,,419749494,,,,,평창동
평창22길,주거지 도로,37.6130358,126.9723783,37.6134615,126.9721318,37.61324865,126.97225505,52.07786573670732,,,,245063634,,,,,평창동
평창30길,주거지 도로,37.6130358,126.9723783,37.6126985,126.9721977,37.61286715,126.972288,44.78889556940588,,,,37521888,,,,,평창동
평창30길,주거지 도로,37.6130358,126.9723783,37.6128973,126.9732033,37.61296655,126.9727908,80.0479371220788,,,,37521888,,,,,평창동
평창길,주거지 도로,37.6130574,126.9783237,37.6130799,126.9783098,37.61306865,126.97831675,2.785408499301097,,,,37521879,,,,,평창동
평창길,주거지 도로,37.6130574,126.9783237,37.6121261,126.9785094,37.61259175,126.97841655,107.0971158413752,,,,37521879,,,,,평창동
평창길,주거지 도로,37.6130574,126.9783237,37.6134856,126.9789062,37.6132715,126.97861495,71.45447523497046,,,,245063622,,,,,평창동
평창32길,주거지 도로,37.6130768,126.9769015,37.6127439,126.9767362,37.61291035,126.97681885,40.12441443331849,,,,37521892,,,,,평창동
평창32길,주거지 도로,37.6130768,126.9769015,37.6134446,126.9781381,37.6132607,126.9775198,122.34670695912452,,,,37521892,,,,,평창동
평창32길,주거지 도로,37.6130768,126.9769015,37.6135105,126.9764621,37.61329365,126.9766818,63.369073171943946,,,,245063601,,,,,평창동
평창길,주거지 도로,37.6130799,126.9783098,37.6134446,126.9781381,37.613262250000005,126.97822395,43.281223524241646,,,,37521879,,,,,평창동
평창길,주거지 도로,37.6130799,126.9783098,37.6130574,126.9783237,37.61306865,126.97831675,2.785408499301097,,,,37521879,,,,,평창동
평창36길,주거지 도로,37.6130799,126.9783098,37.6128236,126.9778546,37.61295175,126.9780822,49.192107042824105,,,,245063589,,,,,평창동
평창42길,주거지 도로,37.6131394,126.9791659,37.6123412,126.9808191,37.6127403,126.9799925,254.21737537695145,,,,245063566,,,,,평창동
평창42길,주거지 도로,37.6131394,126.9791659,37.6127211,126.9817639,37.612930250000005,126.9804649,268.6737853843278,,,,245063596,,,,,평창동
평창42길,주거지 도로,37.6131394,126.9791659,37.6134856,126.9789062,37.6133125,126.97903605,45.022399268232306,,,,245063596,,,,,평창동
평창36길,주거지 도로,37.6131702,126.9777469,37.6128236,126.9778546,37.6129969,126.97780075,40.166823617367314,,,,245063657,,,,,평창동
평창17길,주거지 도로,37.6133052,126.9665208,37.6136029,126.9663955,37.61345405,126.96645815,34.894185036590116,,,,245063582,,,,,평창동
평창17길,주거지 도로,37.6133052,126.9665208,37.6126587,126.9672593,37.61298195,126.96689005,103.05063468666866,,,,245063654,,,,,평창동
평창17길,주거지 도로,37.6133052,126.9665208,37.6116626,126.9666738,37.6124839,126.9665973,214.33979936846305,,,,245063654,,,,,평창동
평창42길,주거지 도로,37.6134856,126.9789062,37.6131394,126.9791659,37.6133125,126.97903605,45.022399268232306,,,,245063596,,,,,평창동
평창42길,주거지 도로,37.6134856,126.9789062,37.6145676,126.9791201,37.6140266,126.97901315,125.51253614383153,,,,245063596,,,,,평창동
평창길,주거지 도로,37.6134856,126.9789062,37.6130574,126.9783237,37.6132715,126.97861495,71.45447523497046,,,,245063622,,,,,평창동
평창34길,주거지 도로,37.6135105,126.9764621,37.613568,126.9765899,37.61353925,126.976526,12.945999847650093,,,,245063614,,,,,평창동
평창34길,주거지 도로,37.6135105,126.9764621,37.613396,126.9762076,37.61345325,126.97633485,25.78031414423592,,,,245063614,,,,,평창동
평창32길,주거지 도로,37.6135105,126.9764621,37.6130768,126.9769015,37.61329365,126.9766818,63.369073171943946,,,,245063601,,,,,평창동
평창34길,주거지 도로,37.613568,126.9765899,37.613751,126.9769965,37.6136595,126.9767932,41.19147887276046,,,,245063614,,,,,평창동
평창34길,주거지 도로,37.613568,126.9765899,37.6135105,126.9764621,37.61353925,126.976526,12.945999847650093,,,,245063614,,,,,평창동
평창길,주거지 도로,37.613568,126.9765899,37.6148555,126.977119,37.61421175,126.97685445,158.98059082216042,,,,245063637,,,,,평창동
평창34길,주거지 도로,37.6135975,126.9760212,37.613396,126.9762076,37.61349675,126.9761144,27.777534064047614,,,,37521891,,,,,평창동
평창34길,주거지 도로,37.6135975,126.9760212,37.6149886,126.9753961,37.61429305,126.97570865,190.62824901564016,,,,37521891,,,,,평창동
평창34길,주거지 도로,37.6135975,126.9760212,37.6149886,126.9753961,37.61429305,126.97570865,178.9054237287785,,,,245063647,,,,,평창동
평창17길,주거지 도로,37.6136029,126.9663955,37.6133052,126.9665208,37.61345405,126.96645815,34.894185036590116,,,,245063582,,,,,평창동
평창42길,주거지 도로,37.6136632,126.9815214,37.6145676,126.9791201,37.6141154,126.98032075,319.1678564153328,,,,245063561,,,,,평창동
평창40길,주거지 도로,37.6136632,126.9815214,37.6145381,126.9795823,37.61410065,126.98055185,244.5789660165053,,,,848767986,,1,,,평창동
평창40길,주거지 도로,37.6136632,126.9815214,37.6127211,126.9817639,37.61319215,126.98164265,148.68762133055515,,,,"[848767986, 86165639]",,1,,,평창동
평창34길,주거지 도로,37.613751,126.9769965,37.613568,126.9765899,37.6136595,126.9767932,41.19147887276046,,,,245063614,,,,,평창동
평창35길,주거지 도로,37.6137611,126.9730164,37.6146596,126.9743333,37.61421035,126.97367485,185.9577593015107,,,,37521895,,,,,평창동
평창35길,주거지 도로,37.6137611,126.9730164,37.6128973,126.9732033,37.613329199999995,126.97310985,110.74422996469684,,,,37521895,,,,,평창동
평창33길,주거지 도로,37.6137611,126.9730164,37.613888,126.973648,37.61382455,126.9733322,80.52861221224956,,,,245063569,,,,,평창동
평창길,주거지 도로,37.6138187,126.9687579,37.612815,126.9698534,37.61331685,126.96930565,184.38823596252868,,,,245063643,,,,,평창동
평창30길,주거지 도로,37.613888,126.973648,37.6132072,126.9736485,37.6135476,126.97364825,75.70162581120331,,,,245063590,,,,,평창동
평창33길,주거지 도로,37.613888,126.973648,37.6137611,126.9730164,37.61382455,126.9733322,80.52861221224957,,,,245063569,,,,,평창동
평창33길,주거지 도로,37.613888,126.973648,37.6137248,126.9749501,37.6138064,126.97429905,131.3925102359903,,,,245063569,,,,,평창동
평창5길,주거지 도로,37.613914,126.9652204,37.6123817,126.9644935,37.61314785,126.96485695,218.8346378083829,,,,245063597,,1,,,평창동
"['평창5길', '평창4길']",주거지 도로,37.613914,126.9652204,37.612719,126.9637257,37.6133165,126.96447305,266.11251061791404,,,,"[702634562, 245063612]",,1,,,평창동
평창5길,주거지 도로,37.613914,126.9652204,37.6143425,126.9674908,37.61412825,126.9663556,264.1973553959829,,,,848767984,,1,,,평창동
평창길,주거지 도로,37.6140225,126.9718172,37.6134615,126.9721318,37.613742,126.9719745,68.25836493026087,,,,419749495,,,,,평창동
평창길,주거지 도로,37.6140225,126.9718172,37.6147537,126.9710092,37.6143881,126.9714132,108.05465407363792,,,,419749495,,,,,평창동
평창길,주거지 도로,37.6140225,126.9718172,37.6146596,126.9743333,37.61434105,126.97307525,242.93599428637935,,,,517329804,,,,,평창동
평창길,주거지 도로,37.6140225,126.9718172,37.6134167,126.9704705,37.6137196,126.97114385,169.8400488601126,,,,517329804,,,,,평창동
평창길,주거지 도로,37.6143425,126.9674908,37.6116695,126.9650669,37.613006,126.96627885,446.1934761716054,,,,848767983,,1,,,평창동
평창5길,주거지 도로,37.6143425,126.9674908,37.613914,126.9652204,37.61412825,126.9663556,264.1973553959829,,,,848767984,,1,,,평창동
평창길,주거지 도로,37.6143425,126.9674908,37.6143246,126.9678423,37.61433355,126.96766655,35.57357404380845,,,,848767985,,1,,,평창동
평창7길,주거지 도로,37.6146596,126.9743333,37.6150362,126.9741783,37.6148479,126.9742558,44.04540745203351,,,,419749490,,,,,평창동
평창35길,주거지 도로,37.6146596,126.9743333,37.6137611,126.9730164,37.61421035,126.97367485,185.9577593015107,,,,37521895,,,,,평창동
평창길,주거지 도로,37.6146596,126.9743333,37.6140225,126.9718172,37.61434105,126.97307525,242.9359942863794,,,,517329804,,,,,평창동
평창길,주거지 도로,37.6146596,126.9743333,37.6152414,126.9750526,37.614950500000006,126.97469295,95.63143154562448,,,,517329805,,,,,평창동
평창6길,주거지 도로,37.6144592,126.9700159,37.6139992,126.970346,37.6142292,126.97018095,58.83620655064417,,,,245063592,,,,,평창동
평창7길,주거지 도로,37.6145381,126.9795823,37.6163278,126.9785487,37.61543295,126.9790655,310.3412010365307,,,,245063617,,1,,,평창동
평창40길,주거지 도로,37.6145381,126.9795823,37.6153858,126.9784802,37.614961949999994,126.97903125,208.01888386888348,,,,419746713,,1,,,평창동
평창40길,주거지 도로,37.6145381,126.9795823,37.6136632,126.9815214,37.61410065,126.98055185,244.5789660165053,,,,848767986,,1,,,평창동
평창6길,주거지 도로,37.6145425,126.9694679,37.6147537,126.9710092,37.6146481,126.97023855,174.86831162785052,,,,245063660,,,,,평창동
평창42길,주거지 도로,37.6145676,126.9791201,37.6136632,126.9815214,37.6141154,126.98032075,319.1678564153328,,,,245063561,,,,,평창동
평창42길,주거지 도로,37.6145676,126.9791201,37.6134856,126.9789062,37.6140266,126.97901315,125.51253614383153,,,,245063596,,,,,평창동
평창42길,주거지 도로,37.6145676,126.9791201,37.6151731,126.979072,37.61487035,126.97909605,69.10062285288822,,,,245063596,,,,,평창동
평창6길,주거지 도로,37.6147537,126.9710092,37.6172533,126.9751248,37.616003500000005,126.973067,546.4894972535919,,,,220705405,,1,,,평창동
평창6길,주거지 도로,37.6147537,126.9710092,37.6139992,126.970346,37.61437645,126.9706776,130.04007833114676,,,,220705405,,1,,,평창동
평창6길,주거지 도로,37.6147537,126.9710092,37.6145425,126.9694679,37.6146481,126.97023855,174.86831162785052,,,,245063660,,,,,평창동
평창길,주거지 도로,37.6147537,126.9710092,37.6140225,126.9718172,37.6143881,126.9714132,108.05465407363792,,,,419749495,,,,,평창동
평창44길,주거지 도로,37.6147707,126.978375,37.6151731,126.979072,37.6149719,126.9787235,75.96800929128044,,,,245063591,,,,,평창동
평창44길,주거지 도로,37.6147707,126.978375,37.6153858,126.9784802,37.61507825,126.9784276,69.05536590436334,,,,37521893,,,,,평창동
평창44길,주거지 도로,37.6147707,126.978375,37.6134446,126.9781381,37.61410765,126.97825655,149.36296096072965,,,,37521893,,,,,평창동
평창길,주거지 도로,37.6148315,126.9776479,37.6140735,126.9774409,37.6144525,126.9775444,97.7433114183947,,,,245063604,,,,,평창동
평창40길,주거지 도로,37.6148315,126.9776479,37.6153858,126.9784802,37.61510865,126.97806405,97.8539990695854,,,,419746713,,1,,,평창동
평창40길,주거지 도로,37.6148315,126.9776479,37.6155103,126.9770165,37.615170899999995,126.9773322,94.82845697293834,,,,419746713,,1,,,평창동
평창길,주거지 도로,37.6148555,126.977119,37.6155103,126.9770165,37.61518289999999,126.97706775,73.39457222916764,,,,37521879,,,,,평창동
평창길,주거지 도로,37.6148555,126.977119,37.6140735,126.9774409,37.6144645,126.97727995,93.78569740150746,,,,37521879,,,,,평창동
평창길,주거지 도로,37.6148555,126.977119,37.613568,126.9765899,37.61421175,126.97685445,158.98059082216045,,,,245063637,,,,,평창동
평창44길,주거지 도로,37.6151731,126.979072,37.6147707,126.978375,37.6149719,126.9787235,75.96800929128044,,,,245063591,,,,,평창동
평창42길,주거지 도로,37.6151731,126.979072,37.6145676,126.9791201,37.61487035,126.97909605,69.10062285288824,,,,245063596,,,,,평창동
평창42길,주거지 도로,37.6151731,126.979072,37.6153858,126.9784802,37.61527945,126.9787761,58.684899732008226,,,,245063596,,,,,평창동
평창7길,주거지 도로,37.615378,126.9737826,37.6150362,126.9741783,37.6152071,126.97398045,51.568026329894,,,,245063593,,,,,평창동
평창길,주거지 도로,37.6155103,126.9770165,37.6148555,126.977119,37.61518289999999,126.97706775,73.39457222916764,,,,37521879,,,,,평창동
평창40길,주거지 도로,37.6155103,126.9770165,37.6148315,126.9776479,37.615170899999995,126.9773322,94.82845697293833,,,,419746713,,1,,,평창동
평창길,주거지 도로,37.6155103,126.9770165,37.6155909,126.9766963,37.6155506,126.9768564,36.0422747019032,,,,517329805,,,,,평창동
평창7길,주거지 도로,37.6156745,126.9776902,37.6161005,126.9781524,37.6158875,126.9779213,80.79681547047998,,,,245063598,,,,,평창동
평창7길,주거지 도로,37.6002704,126.9188949,37.5997656,126.9189609,37.600018,126.9189279,56.43163092357669,,,,703307924,,,,,응암1동
진흥로1길,주거지 도로,37.6002704,126.9188949,37.6009852,126.9187901,37.6006278,126.9188425,80.02333021071556,,,,222020534,,,,,역촌동
성대로,3차로,37.4987414,126.9395175,37.4990633,126.9399655,37.49890235,126.9397415,53.32129871674527,,,,245608471,,,,,상도4동
성대로,3차로,37.4987414,126.9395175,37.4977842,126.9359941,37.4982628,126.9377558,330.290185132674,,,,"[278151146, 245608471]",,,,,상도4동
양녕로23길,주거지 도로,37.4987414,126.9395175,37.4967557,126.9396995,37.49774855,126.9396085,287.029471881005,,,,"[278151090, 283920730]",,,,,상도4동
성대로,3차로,37.5004853,126.931968,37.5000784,126.9323566,37.50028185,126.9321623,56.76549856807358,,,,521116811,,,,,상도4동
대방동6길,주거지 도로,37.5020652,126.9278148,37.5026344,126.9292133,37.5023498,126.92851405,142.13913360717967,,,,466707442,,,,,대방동
대방동길,주거지 도로,37.5020652,126.9278148,37.5028268,126.9254369,37.502446,126.92662585,242.67529082503324,,,,521192619,,,True,,대방동
대방동15길,주거지 도로,37.502892,126.9227445,37.5029039,126.9221985,37.502897950000005,126.9224715,48.18278065193864,,,,245608476,,,,,대방동
대방동15길,주거지 도로,37.502892,126.9227445,37.5028727,126.9234752,37.50288235,126.92310985,64.49338289457303,,,,245608476,,,,,대방동
대방동15나길,주거지 도로,37.502892,126.9227445,37.5040865,126.9231977,37.50348925,126.9229711,139.08644478274556,,,,466710007,,,,,대방동
대방동15길,주거지 도로,37.5028268,126.9254369,37.5028456,126.9242047,37.5028362,126.9248208,108.71694762479277,,,,245608476,,,,,대방동
대방동길,주거지 도로,37.5028268,126.9254369,37.5040583,126.9254956,37.50344255,126.92546625,137.03461242528033,,,,521192619,,,True,,대방동
등용로,주거지 도로,37.5047099,126.9374832,37.5042018,126.9378928,37.50445585,126.937688,67.06367169717606,,,,37400692,,,,,상도2동
등용로,주거지 도로,37.5047099,126.9374832,37.5057998,126.9353548,37.50525485,126.936419,245.1955689246114,,,,37400692,,,,,상도2동
상도로15길,주거지 도로,37.5047099,126.9374832,37.5042739,126.9360176,37.504491900000005,126.9367504,139.7550329316916,,,,789965266,,,,,상도2동
상도로15길,주거지 도로,37.5051786,126.9393996,37.5047099,126.9374832,37.50494425,126.9384414,180.65420804612137,,,,45028911,,,True,,상도2동
고척로45길,주거지 도로,37.5066999,126.8540194,37.5050686,126.8534279,37.50588425,126.85372365,201.56522488870596,,,,249662846,,,,,고척2동
고척로45길,주거지 도로,37.5066999,126.8540194,37.5070745,126.8541392,37.5068872,126.8540793,43.39491714903194,,,,249662846,,,,,고척2동
고척로51길,주거지 도로,37.5066999,126.8540194,37.5069438,126.8531293,37.50682185,126.85357435,83.25779001774471,,,,249858015,,,,,고척2동
고척로51길,주거지 도로,37.5066999,126.8540194,37.5064908,126.8543772,37.50659535,126.8541983,39.20568582451691,,,,249858015,,,,,고척2동
고척로,주거지 도로,37.5035166,126.8516525,37.504442,126.8516569,37.5039793,126.8516547,103.05541098806847,,,,249664749,,,,,고척2동
고척로,주거지 도로,37.504442,126.8516569,37.5035166,126.8516525,37.5039793,126.8516547,103.05541098806847,,,,249664749,,,,,고척2동
목동남로4길,주거지 도로,37.5082173,126.8683778,37.5086417,126.864689,37.5084295,126.8665334,564.3141868631584,,,,"[908414888, 249664759]",,,,,신정7동
목동남로4길,주거지 도로,37.5082173,126.8683778,37.5088185,126.8681991,37.5085179,126.86828845,82.45655528283186,,,,249664759,,,,,신정7동
목동남로,주거지 도로,37.5082173,126.8683778,37.5099151,126.8699761,37.5090662,126.86917695,250.36251324579945,,,,252891443,,,,,신정7동
성산로24길,주거지 도로,37.5674359,126.9477446,37.5680247,126.9481487,37.5677303,126.94794665,74.53219005472718,,,,246158668,,,,,신촌동
연희로22길,주거지 도로,37.5696821,126.9355293,37.5696924,126.9353877,37.56968725,126.9354585,12.532302461660098,,,,246158665,,,,,연희동
연희로22길,주거지 도로,37.5696924,126.9353877,37.5696821,126.9355293,37.56968725,126.9354585,12.532302461660098,,,,246158665,,,,,연희동
연희로22길,주거지 도로,37.5696924,126.9353877,37.5697461,126.9352507,37.569719250000006,126.9353192,13.47022296283546,,,,246158665,,,,,연희동
연희로22길,주거지 도로,37.5696924,126.9353877,37.5684183,126.9346352,37.56905535,126.93501145,186.15426667891012,,,,1353898602,,,,,연희동
연희로22길,주거지 도로,37.5697461,126.9352507,37.5696924,126.9353877,37.569719250000006,126.9353192,13.47022296283546,,,,246158665,,,,,연희동
연희로22길,주거지 도로,37.5697461,126.9352507,37.5709788,126.9342289,37.570362450000005,126.9347398,169.7110952104714,,,,246158665,,,,,연희동
연희로22길,주거지 도로,37.5697461,126.9352507,37.5693479,126.9351356,37.569547,126.93519315,46.33150754680884,,,,1353898637,,,,,연희동
연희로,주거지 도로,37.5709788,126.9342289,37.5713517,126.9335141,37.57116525,126.9338715,75.41872495987373,,,,463765455,,,,,연희동
연희로22길,주거지 도로,37.5709788,126.9342289,37.5697461,126.9352507,37.570362450000005,126.9347398,169.71109521047143,,,,246158665,,,,,연희동
연희로26길,주거지 도로,37.5728583,126.937115,37.572923,126.9365522,37.572890650000005,126.9368336,50.119057358536246,,,,379199123,,2,,,연희동
연희로26나길,주거지 도로,37.5728583,126.937115,37.5729798,126.937111,37.57291905,126.937113,13.514801099793376,,,,379199130,,,,,연희동
"['연희로26길', '연희로26다길']",주거지 도로,37.5728583,126.937115,37.5731907,126.9379452,37.5730245,126.9375301,223.2092927286587,,,,"[379199123, 379199206]",,2,,,연희동
홍제천로,3차로,37.5673937,126.9168413,37.5692928,126.9189335,37.56834325,126.9178874,282.1173852913389,,,,"[515592176, 515592193, 246164669]",,,,,연희동
연남로,3차로,37.5673937,126.9168413,37.5671692,126.9171827,37.56728145,126.917012,39.33027741971696,,,,515585524,,,,,연남동
연희로11가길,주거지 도로,37.5680267,126.9295435,37.5677774,126.929226,37.56790205,126.92938475,39.38935304053174,,,,330881185,,,,,연희동
연희로11라길,주거지 도로,37.5680267,126.9295435,37.5683653,126.9299674,37.568196,126.92975545,53.04164756103344,,,,463768904,,,,,연희동
연희로11길,주거지 도로,37.5680267,126.9295435,37.568423,126.9292233,37.56822485,126.9293834,52.32881895660266,,,,516368438,,,,,연희동
연희로11길,주거지 도로,37.5680267,126.9295435,37.567643,126.9298792,37.56783485,126.92971135,51.920812451729304,,,,516368438,,,,,연희동
홍제천로,주거지 도로,37.5692928,126.9189335,37.5697765,126.9195769,37.56953465,126.9192552,78.17892392014777,,,,515592187,,,True,,연희동
홍제천로,3차로,37.5692928,126.9189335,37.5673937,126.9168413,37.56834325,126.9178874,282.11738529133896,,,,"[515592176, 515592193, 246164669]",,,,,연희동
홍제천로,3차로,37.5692928,126.9189335,37.5699213,126.9196806,37.56960705,126.91930705,96.3418721624613,,,,832901043,,,,,연희동
홍제천로,주거지 도로,37.5779916,126.9321385,37.5781834,126.9324803,37.578087499999995,126.9323094,36.90698078958399,,,,37403382,,,True,,연희동
홍제천로,주거지 도로,37.5779916,126.9321385,37.5775321,126.9333723,37.57776185,126.9327554,120.13548879362888,,,,379198918,,,,,연희동
홍제천로,주거지 도로,37.5784177,126.9329977,37.5786946,126.9335976,37.57855615,126.93329765,61.178392714375754,,,,37403382,,,True,,연희동
연희로33길,주거지 도로,37.5784177,126.9329977,37.5782263,126.933463,37.578322,126.93323035,46.198542472198994,,,,246164681,,,,,연희동
홍제천로,주거지 도로,37.5791705,126.9348059,37.579343,126.9352682,37.57925675,126.93503705,45.03520437218841,,,,37403382,,,True,,연희동
홍제천로,주거지 도로,37.5791705,126.9348059,37.5787298,126.9351112,37.57895015,126.93495855,64.5051345926876,,,,463707539,,,,,연희동
동광로,3차로,37.4908814,126.9843407,37.4908709,126.9846275,37.49087615,126.9844841,25.330646028094428,,,,218870950,,,,,방배4동
동광로3길,주거지 도로,37.4908814,126.9843407,37.4911362,126.9843589,37.4910088,126.9843498,28.377973516543506,,,,246251713,,,,,방배본동
동광로,3차로,37.4908814,126.9843407,37.4909038,126.983327,37.490892599999995,126.98383385,89.5347129939025,,,,218870950,,,,,방배본동
동광로,3차로,37.490912,126.9855258,37.4909068,126.9855046,37.4909094,126.9855152,1.9577620819172856,,,,218870950,,,,,방배본동
동광로7길,주거지 도로,37.490912,126.9855258,37.4911341,126.9854601,37.491023049999995,126.98549295,25.3675696072404,,,,246251709,,,,,방배본동
동광로,3차로,37.490912,126.9855258,37.4910129,126.985912,37.49096245,126.9857189,35.929412177875044,,,,218870950,,,,,방배4동
동광로,3차로,37.4911732,126.9863033,37.4910129,126.985912,37.49109305,126.98610765,38.853343435323545,,,,218870950,,,,,방배본동
동광로11길,주거지 도로,37.4911732,126.9863033,37.4915072,126.9862078,37.4913402,126.98625555,38.08292882975871,,,,246251712,,,,,방배본동
동광로,3차로,37.4911732,126.9863033,37.4913533,126.9867429,37.49126325,126.9865231,43.64980193878762,,,,218870950,,,,,방배본동
방배중앙로21길,주거지 도로,37.4916643,126.9827787,37.4918781,126.9837325,37.4917712,126.9832556,87.4443227601213,,,,246251708,,,,,방배본동
방배중앙로21길,주거지 도로,37.4918781,126.9837325,37.4920738,126.984407,37.49197595,126.98406975,63.36266740957642,,,,246251708,,,,,방배본동
방배중앙로21길,주거지 도로,37.4918781,126.9837325,37.4916643,126.9827787,37.4917712,126.9832556,87.4443227601213,,,,246251708,,,,,방배본동
동광로1길,주거지 도로,37.4918781,126.9837325,37.4926675,126.9837442,37.4922728,126.98373835,87.78358563995707,,,,246251710,,,,,방배본동
방배중앙로21길,주거지 도로,37.4920738,126.984407,37.492224,126.9850145,37.4921489,126.98471075,56.13935783142753,,,,246251708,,,,,방배본동
방배중앙로21길,주거지 도로,37.4920738,126.984407,37.4918781,126.9837325,37.49197595,126.98406975,63.36266740957642,,,,246251708,,,,,방배본동
동광로3길,주거지 도로,37.4920738,126.984407,37.4911362,126.9843589,37.491605,126.98438295,104.38834569262671,,,,246251713,,,,,방배본동
동광로3길,주거지 도로,37.4920738,126.984407,37.4926532,126.9844098,37.4923635,126.9844084,64.42691240580353,,,,246251713,,,,,방배본동
방배중앙로21길,주거지 도로,37.492224,126.9850145,37.4922552,126.9851396,37.492239600000005,126.98507705,11.569501259523465,,,,246251708,,,,,방배본동
방배중앙로21길,주거지 도로,37.492224,126.9850145,37.4920738,126.984407,37.4921489,126.98471075,56.13935783142753,,,,246251708,,,,,방배본동
동광로7길,주거지 도로,37.492224,126.9850145,37.4926597,126.9850578,37.49244185,126.98503615,48.59807848516964,,,,1077921305,,,,,방배본동
동광로11길,주거지 도로,37.4924413,126.9859408,37.4915072,126.9862078,37.49197425,126.9860743,106.50506538424924,,,,246251712,,,,,방배본동
동광로11길,주거지 도로,37.4924413,126.9859408,37.4926435,126.985883,37.492542400000005,126.9859119,23.054690147201303,,,,246251712,,,,,방배본동
방배중앙로21길,주거지 도로,37.4924413,126.9859408,37.4926209,126.9865985,37.4925311,126.98626965,61.36657666637926,,,,246251708,,,,,방배본동
방배중앙로21길,주거지 도로,37.4924413,126.9859408,37.4922552,126.9851396,37.492348250000006,126.9855402,73.68971389011743,,,,246251708,,,,,방배본동
방배중앙로,3차로,37.4926209,126.9865985,37.49199,126.98677,37.49230545,126.98668425,71.76615257357018,,,,523257325,,,,,방배본동
방배중앙로21길,주거지 도로,37.4926209,126.9865985,37.4924413,126.9859408,37.4925311,126.98626965,61.36657666637926,,,,246251708,,,,,방배본동
방배로37길,주거지 도로,37.4926209,126.9865985,37.4928685,126.9872059,37.4927447,126.9869022,60.24700504068602,,,,256787256,,,,,방배본동
방배중앙로,3차로,37.4926209,126.9865985,37.4940278,126.986216,37.493324349999995,126.98640725,160.03868556072996,,,,523257325,,,,,방배본동
방배로37길,주거지 도로,37.4928685,126.9872059,37.4941718,126.9868818,37.493520149999995,126.98704385,147.7144575762662,,,,256787257,,,,,방배본동
방배로37길,주거지 도로,37.4928685,126.9872059,37.4930806,126.9877263,37.49297455,126.9874661,51.61569420455187,,,,256787256,,,,,방배본동
방배로37길,주거지 도로,37.4928685,126.9872059,37.4926209,126.9865985,37.4927447,126.9869022,60.24700504068602,,,,256787256,,,,,방배본동
방배로37길,주거지 도로,37.4935864,126.9889672,37.4939073,126.9897546,37.493746849999994,126.9893609,78.09626555815103,,,,256787256,,,,,방배본동
동광로19길,주거지 도로,37.4935864,126.9889672,37.4930117,126.9893352,37.49329905,126.9891512,71.67836806925371,,,,246251715,,,,,방배본동
동광로19길,주거지 도로,37.4935864,126.9889672,37.494694,126.9882398,37.4941402,126.9886035,138.8762663900771,,,,246251715,,,,,방배본동
방배로37길,주거지 도로,37.4935864,126.9889672,37.4933273,126.9883316,37.49345685,126.9886494,63.04387296084551,,,,256787256,,,,,방배본동
동광로11길,주거지 도로,37.4939036,126.9855227,37.4943232,126.9854096,37.4941134,126.98546615,47.71248629508313,,,,246251712,,,,,방배본동
방배중앙로25길,주거지 도로,37.4939036,126.9855227,37.4939069,126.9851513,37.49390525,126.985337,32.76851918797771,,,,246251718,,,,,방배본동
동광로11길,주거지 도로,37.4939036,126.9855227,37.4926435,126.985883,37.49327355,126.98570285,143.67739727803956,,,,246251712,,,,,방배본동
방배중앙로25길,주거지 도로,37.4939036,126.9855227,37.4940278,126.986216,37.4939657,126.98586935,62.70550913395741,,,,246251718,,,,,방배본동
방배중앙로25길,주거지 도로,37.4939069,126.9851513,37.4939036,126.9855227,37.49390525,126.985337,32.76851918797771,,,,246251718,,,,,방배본동
방배중앙로25길,주거지 도로,37.4939069,126.9851513,37.4939492,126.9844654,37.49392805,126.98480835,60.82374378701286,,,,246251718,,,,,방배본동
동광로7길,주거지 도로,37.4939069,126.9851513,37.4926601,126.9851007,37.4932835,126.985126,138.70988601636512,,,,1077921306,,,,,방배본동
방배로,주거지 도로,37.4939073,126.9897546,37.4942221,126.9905327,37.4940647,126.99014365,77.05659447065773,,,,256650692,,,,,방배본동
방배로37길,주거지 도로,37.4939073,126.9897546,37.4935864,126.9889672,37.493746849999994,126.9893609,78.09626555815103,,,,256787256,,,,,방배본동
동광로3길,주거지 도로,37.4939492,126.9844654,37.4926532,126.9844098,37.493301200000005,126.9844376,144.19228990434036,,,,246251713,,,,,방배본동
동광로3길,주거지 도로,37.4939492,126.9844654,37.4943606,126.9844955,37.4941549,126.98448045,45.82266975908965,,,,246251713,,,,,방배본동
방배중앙로25길,주거지 도로,37.4939492,126.9844654,37.4939645,126.9837773,37.49395685,126.98412135,60.73085814924787,,,,246251718,,,,,방배본동
방배중앙로25길,주거지 도로,37.4939492,126.9844654,37.4939069,126.9851513,37.49392805,126.98480835,60.82374378701286,,,,246251718,,,,,방배본동
동광로1길,주거지 도로,37.4939645,126.9837773,37.4926675,126.9837442,37.493316,126.98376075,144.24958588458347,,,,246251710,,,,,방배본동
동광로1길,주거지 도로,37.4939645,126.9837773,37.4951983,126.9837759,37.4945814,126.9837766,137.19254989721622,,,,246251710,,,,,방배본동
방배중앙로25길,주거지 도로,37.4939645,126.9837773,37.4939492,126.9844654,37.49395685,126.98412135,60.73085814924787,,,,246251718,,,,,방배본동
방배중앙로25길,주거지 도로,37.4939645,126.9837773,37.4939988,126.9828711,37.493981649999995,126.9833242,80.03960271167959,,,,246251718,,,,,방배본동
방배중앙로25길,주거지 도로,37.4939988,126.9828711,37.4939645,126.9837773,37.493981649999995,126.9833242,80.03960271167959,,,,246251718,,,,,방배본동
방배로39길,주거지 도로,37.4940278,126.986216,37.4941718,126.9868818,37.4940998,126.9865489,60.88281804492338,,,,256787255,,,,,방배본동
방배중앙로25길,주거지 도로,37.4940278,126.986216,37.4939036,126.9855227,37.4939657,126.98586935,62.70550913395741,,,,246251718,,,,,방배본동
방배중앙로,3차로,37.4940278,126.986216,37.4926209,126.9865985,37.493324349999995,126.98640725,160.03868556072996,,,,523257325,,,,,방배본동
방배중앙로,3차로,37.4940278,126.986216,37.4953015,126.9858596,37.49466465,126.9860378,145.07764919730062,,,,523257325,,,,,방배본동
방배로39길,주거지 도로,37.4941718,126.9868818,37.4940278,126.986216,37.4940998,126.9865489,60.88281804492338,,,,256787255,,,,,방배본동
방배로37길,주거지 도로,37.4941718,126.9868818,37.4928685,126.9872059,37.493520149999995,126.98704385,147.7144575762662,,,,256787257,,,,,방배본동
방배로39길,주거지 도로,37.4941718,126.9868818,37.4954363,126.9866006,37.49480405,126.9867412,142.77798410746146,,,,256787252,,,,,방배본동
방배로39길,주거지 도로,37.4941718,126.9868818,37.494694,126.9882398,37.4944329,126.9875608,133.13726422081717,,,,256787255,,,,,방배본동
방배로,주거지 도로,37.4942221,126.9905327,37.4939073,126.9897546,37.4940647,126.99014365,77.05659447065773,,,,256650692,,,,,방배본동
방배로42길,주거지 도로,37.4942221,126.9905327,37.4952181,126.9894149,37.4947201,126.9899738,148.30161279258886,,,,256650683,,,,,방배본동
방배로42길,주거지 도로,37.4942221,126.9905327,37.493036,126.9910849,37.49362905,126.9908088,146.6039120649421,,,,256650683,,,,,방배본동
방배로39길,주거지 도로,37.494694,126.9882398,37.4950159,126.9890443,37.49485495,126.98864205,79.49027985497705,,,,256787255,,,,,방배본동
동광로19길,주거지 도로,37.494694,126.9882398,37.4935864,126.9889672,37.4941402,126.9886035,138.87626639007706,,,,246251715,,,,,방배본동
동광로19길,주거지 도로,37.494694,126.9882398,37.4958184,126.9874829,37.4952562,126.98786135,141.74275899156527,,,,246251715,,,,,방배본동
방배로39길,주거지 도로,37.494694,126.9882398,37.4941718,126.9868818,37.4944329,126.9875608,133.1372642208172,,,,256787255,,,,,방배본동
방배로39길,주거지 도로,37.4950159,126.9890443,37.494694,126.9882398,37.49485495,126.98864205,79.49027985497705,,,,256787255,,,,,방배본동
방배로40길,주거지 도로,37.4950159,126.9890443,37.4952181,126.9894149,37.495117,126.9892296,40.182214229423906,,,,256650694,,,True,,방배본동
동광로11길,주거지 도로,37.4951822,126.9851779,37.4943232,126.9854096,37.4947527,126.98529375,97.67939265410332,,,,246251712,,,,,방배본동
동광로11길,주거지 도로,37.4951822,126.9851779,37.4964536,126.9847895,37.495817900000006,126.9849837,145.46671122048974,,,,246251712,,,,,방배본동
방배중앙로27길,주거지 도로,37.4951822,126.9851779,37.4953015,126.9858596,37.49524185,126.98551875,61.58699532060508,,,,246251716,,,,,방배본동
방배중앙로27길,주거지 도로,37.4951822,126.9851779,37.4951904,126.9844629,37.4951863,126.9848204,63.08580428465737,,,,246251716,,,,,방배본동
동광로3길,주거지 도로,37.4951904,126.9844629,37.4943606,126.9844955,37.4947755,126.9844792,92.3144936771154,,,,246251713,,,,,방배본동
동광로3길,주거지 도로,37.4951904,126.9844629,37.4964557,126.9845085,37.49582305,126.9844857,140.75264169685374,,,,246251713,,,,,방배본동
방배중앙로27길,주거지 도로,37.4951904,126.9844629,37.4951822,126.9851779,37.4951863,126.9848204,63.08580428465737,,,,246251716,,,,,방배본동
방배중앙로27길,주거지 도로,37.4951904,126.9844629,37.4951983,126.9837759,37.49519435,126.9841194,60.615338703066016,,,,246251716,,,,,방배본동
동광로1길,주거지 도로,37.4951983,126.9837759,37.4939645,126.9837773,37.4945814,126.9837766,137.19254989721622,,,,246251710,,,,,방배본동
동광로1길,주거지 도로,37.4951983,126.9837759,37.4964609,126.9837917,37.4958296,126.9837838,140.40183221723365,,,,246251710,,,,,방배본동
방배중앙로27길,주거지 도로,37.4951983,126.9837759,37.4951904,126.9844629,37.49519435,126.9841194,60.615338703066016,,,,246251716,,,,,방배본동
방배중앙로27길,주거지 도로,37.4951983,126.9837759,37.495216,126.9828989,37.49520715,126.9833374,77.39629555415841,,,,246251716,,,,,방배본동
방배중앙로27길,주거지 도로,37.495216,126.9828989,37.4951983,126.9837759,37.49520715,126.9833374,77.39629555415841,,,,246251716,,,,,방배본동
방배중앙로27길,주거지 도로,37.4953015,126.9858596,37.4951822,126.9851779,37.49524185,126.98551875,61.58699532060508,,,,246251716,,,,,방배본동
방배로43길,주거지 도로,37.4953015,126.9858596,37.4954363,126.9866006,37.4953689,126.9862301,67.06923161832539,,,,256787254,,,,,방배본동
방배중앙로,3차로,37.4953015,126.9858596,37.4965596,126.9854671,37.49593055,126.98566335,144.1163206635495,,,,523257325,,,,,방배본동
방배중앙로,3차로,37.4953015,126.9858596,37.4940278,126.986216,37.49466465,126.9860378,145.07764919730062,,,,523257325,,,,,방배본동
방배로45길,주거지 도로,37.4954363,126.9866006,37.4966646,126.9861298,37.49605045,126.9863652,142.75673027921874,,,,256787251,,,,,방배본동
방배로43길,주거지 도로,37.4954363,126.9866006,37.4953015,126.9858596,37.4953689,126.9862301,67.06923161832539,,,,256787254,,,,,방배본동
방배로39길,주거지 도로,37.4954363,126.9866006,37.4941718,126.9868818,37.49480405,126.9867412,142.77798410746146,,,,256787252,,,,,방배본동
방배로43길,주거지 도로,37.4954363,126.9866006,37.4958184,126.9874829,37.49562735,126.98704175,88.67929637905877,,,,256787254,,,,,방배본동
방배로43길,주거지 도로,37.4958184,126.9874829,37.4961653,126.9883078,37.49599185,126.98789535,82.3649838985926,,,,256787254,,,,,방배본동
동광로19길,주거지 도로,37.4958184,126.9874829,37.494694,126.9882398,37.4952562,126.98786135,141.74275899156524,,,,246251715,,,,,방배본동
동광로19길,주거지 도로,37.4958184,126.9874829,37.4969234,126.9867717,37.4963709,126.9871273,137.96324924829054,,,,246251715,,,,,방배본동
방배로43길,주거지 도로,37.4958184,126.9874829,37.4954363,126.9866006,37.49562735,126.98704175,88.67929637905877,,,,256787254,,,,,방배본동
방배로43길,주거지 도로,37.4961653,126.9883078,37.4958184,126.9874829,37.49599185,126.98789535,82.3649838985926,,,,256787254,,,,,방배본동
동광로11길,주거지 도로,37.4964536,126.9847895,37.4951822,126.9851779,37.495817900000006,126.9849837,145.46671122048974,,,,246251712,,,,,방배본동
방배중앙로29길,주거지 도로,37.4964536,126.9847895,37.4965596,126.9854671,37.4965066,126.9851283,60.929552463704944,,,,246251717,,,,,방배본동
방배중앙로29길,주거지 도로,37.4964536,126.9847895,37.4964557,126.9845085,37.49645465,126.984649,24.79125118970412,,,,246251717,,,,,방배본동
동광로3길,주거지 도로,37.4964557,126.9845085,37.4951904,126.9844629,37.49582305,126.9844857,140.75264169685374,,,,246251713,,,,,방배본동
방배중앙로29길,주거지 도로,37.4964557,126.9845085,37.4964536,126.9847895,37.49645465,126.984649,24.79125118970412,,,,246251717,,,,,방배본동
방배중앙로29길,주거지 도로,37.4964557,126.9845085,37.4964609,126.9837917,37.4964583,126.9841501,63.23958182880959,,,,246251717,,,,,방배본동
동광로1길,주거지 도로,37.4964609,126.9837917,37.4951983,126.9837759,37.4958296,126.9837838,140.40183221723365,,,,246251710,,,,,방배본동
방배중앙로29길,주거지 도로,37.4964609,126.9837917,37.4964557,126.9845085,37.4964583,126.9841501,63.23958182880959,,,,246251717,,,,,방배본동
방배중앙로29길,주거지 도로,37.4964609,126.9837917,37.4964934,126.9830425,37.49647715,126.9834171,66.19400961786852,,,,246251717,,,,,방배본동
동광로1길,주거지 도로,37.4964609,126.9837917,37.4974141,126.9838173,37.4969375,126.9838045,106.0152124514104,,,,246251710,,,,,방배본동
방배중앙로29길,주거지 도로,37.4964934,126.9830425,37.4964609,126.9837917,37.49647715,126.9834171,66.19400961786852,,,,246251717,,,,,방배본동
사평대로2길,주거지 도로,37.4966646,126.9861298,37.4976314,126.9859052,37.497148,126.9860175,109.31417433235409,,,,246251711,,,,,방배본동
방배로45길,주거지 도로,37.4966646,126.9861298,37.4954363,126.9866006,37.49605045,126.9863652,142.75673027921874,,,,256787251,,,,,방배본동
방배로45길,주거지 도로,37.4966646,126.9861298,37.4969234,126.9867717,37.496794,126.98645075,63.5213870892844,,,,256787253,,,,,방배본동
방배로45길,주거지 도로,37.4966646,126.9861298,37.4965596,126.9854671,37.4966121,126.98579845,59.61847319556217,,,,256787253,,,,,방배본동
방배로45길,주거지 도로,37.4969234,126.9867717,37.4972613,126.9876055,37.49709235,126.9871886,82.59857278870385,,,,256787253,,,,,방배본동
방배로45길,주거지 도로,37.4969234,126.9867717,37.4966646,126.9861298,37.496794,126.98645075,63.5213870892844,,,,256787253,,,,,방배본동
동광로19길,주거지 도로,37.4969234,126.9867717,37.4958184,126.9874829,37.4963709,126.9871273,137.96324924829054,,,,246251715,,,,,방배본동
동광로19길,주거지 도로,37.4969234,126.9867717,37.497781,126.9862347,37.4973522,126.9865032,106.48012611864766,,,,246251715,,,,,방배본동
방배로45길,주거지 도로,37.4972613,126.9876055,37.4969234,126.9867717,37.49709235,126.9871886,82.59857278870385,,,,256787253,,,,,방배본동
방배중앙로,주거지 도로,37.4974141,126.9838173,37.497473,126.9836266,37.49744355,126.98372195,18.053436147078827,,,,913475138,,,,,방배본동
동광로1길,주거지 도로,37.4974141,126.9838173,37.4964609,126.9837917,37.4969375,126.9838045,106.0152124514104,,,,246251710,,,,,방배본동
방배중앙로,주거지 도로,37.4974979,126.985241,37.4974141,126.9838173,37.497456,126.98452915,125.9439904786676,,,,246251714,,,True,,방배본동
방배중앙로,3차로,37.4974979,126.985241,37.4965596,126.9854671,37.49702875,126.98535405,106.22393814867802,,,,523257325,,,,,방배본동
방배중앙로,3차로,37.4974979,126.985241,37.4984427,126.9849763,37.4979703,126.98510865,107.62117854020286,,,,248405542,,,,,방배본동
사평대로2길,주거지 도로,37.4976314,126.9859052,37.4966646,126.9861298,37.497148,126.9860175,109.31417433235409,,,,246251711,,,,,방배본동
사평대로,주거지 도로,37.4976314,126.9859052,37.4974979,126.985241,37.49756465,126.9855731,60.44674590894573,,,,256787250,,,True,,방배본동
동광로19길,주거지 도로,37.497781,126.9862347,37.4984427,126.9849763,37.49811185,126.9856055,133.18421903249154,,,,246251715,,,,,방배본동
사평대로,주거지 도로,37.497781,126.9862347,37.4976314,126.9859052,37.4977062,126.98606995,33.4916025211389,,,,256787250,,,True,,방배본동
동광로19길,주거지 도로,37.497781,126.9862347,37.4969234,126.9867717,37.4973522,126.9865032,106.48012611864768,,,,246251715,,,,,방배본동
동광로19길,주거지 도로,37.4984427,126.9849763,37.497781,126.9862347,37.49811185,126.9856055,133.18421903249154,,,,246251715,,,,,방배본동
방배중앙로,3차로,37.4984427,126.9849763,37.4974979,126.985241,37.4979703,126.98510865,107.62117854020286,,,,248405542,,,,,방배본동
방배중앙로,3차로,37.4984427,126.9849763,37.4988121,126.9848708,37.4986274,126.98492355,42.117080868853144,,,,248405542,,,,,방배본동
백범로87길,주거지 도로,37.5377361,126.9672915,37.5382889,126.9679927,37.538012499999994,126.9676421,87.183021218754,,,,239292454,,,,,원효로1동
여의대방로43길,주거지 도로,37.5062322,126.9214734,37.506262,126.921739,37.5062471,126.9216062,23.66164310480936,,,,467063434,,,,,신길7동
여의대방로43길,주거지 도로,37.5062322,126.9214734,37.5062527,126.9211885,37.50624245,126.92133095,25.245675872829786,,,,247222008,,,,,신길7동
여의대방로43길,주거지 도로,37.5062322,126.9214734,37.5057739,126.9219562,37.50600305,126.9217148,118.4120149710219,,,,247222011,,,True,,신길7동
가마산로89길,주거지 도로,37.5057739,126.9219562,37.5061732,126.9221104,37.50597355,126.9220333,46.43695857644053,,,,247222015,,,,,신길7동
가마산로89길,주거지 도로,37.5057739,126.9219562,37.504172,126.9213488,37.50497295,126.9216525,186.1147104759113,,,,247222015,,,,,신길7동
가마산로89길,주거지 도로,37.5062527,126.9211885,37.5062322,126.9214734,37.50624245,126.92133095,25.245675872829786,,,,247222008,,,,,신길7동
여의대방로43다길,주거지 도로,37.5071364,126.9206554,37.5074449,126.9203953,37.50729065,126.92052535,43.32437440967418,,,,467063432,,,,,신길7동
여의대방로43나길,주거지 도로,37.5071364,126.9206554,37.5064729,126.9217191,37.50680465,126.92118725,119.49663362547324,,,,521783922,,,,,신길7동
여의대방로43나길,주거지 도로,37.5071364,126.9206554,37.5072832,126.9200037,37.5072098,126.92032955,60.64011711893049,,,,521783922,,,,,신길1동
대방동27길,주거지 도로,37.505031,126.9247992,37.5040715,126.9242711,37.504551250000006,126.92453515,126.1114239041585,,,,247222009,,,True,,대방동
대방동길,주거지 도로,37.505031,126.9247992,37.5055708,126.9243164,37.5053009,126.9245578,73.81709383974889,,,,521192619,,,True,,대방동
여의대방로45길,주거지 도로,37.5077088,126.9228038,37.5075935,126.9233147,37.50765115,126.92305925,46.85367449131703,,,,467063431,,,,,신길7동
여의대방로45길,주거지 도로,37.5077088,126.9228038,37.5078895,126.9221333,37.50779915,126.92246855,62.463255438453494,,,,467063431,,,,,신길7동
여의대방로43가길,주거지 도로,37.5077088,126.9228038,37.5068626,126.9224021,37.5072857,126.92260295,100.55414804126627,,,,467063433,,,,,신길7동
여의대방로43나길,주거지 도로,37.507545,126.9175842,37.5072832,126.9200037,37.507414100000005,126.91879395,215.39698604239788,,,,247222014,,,,,신길7동
가마산로79길,주거지 도로,37.507545,126.9175842,37.5055087,126.916298,37.50652685,126.9169411,264.77328398922776,,,,466817078,,,,,신길1동
가마산로79길,주거지 도로,37.507545,126.9175842,37.5089059,126.9175498,37.50822545,126.917567,151.35580812377106,,,,466817078,,,,,신길7동
가마산로90길,주거지 도로,37.5040922,126.9213219,37.5031802,126.9209375,37.5036362,126.9211297,106.9288955351546,,,,277459720,,,True,,신길7동
가마산로89길,주거지 도로,37.5040922,126.9213219,37.504172,126.9213488,37.5041321,126.92133535,9.185169330053975,,,,912394247,,,,,신길7동
여의대방로43가길,주거지 도로,37.5068626,126.9224021,37.5061732,126.9221104,37.5065179,126.92225625,80.86098289095713,,,,467063433,,,,,신길7동
여의대방로47가길,주거지 도로,37.5068626,126.9224021,37.5069642,126.9221466,37.5069134,126.92227435,25.994199447570896,,,,467063428,,,,,신길7동
여의대방로43가길,주거지 도로,37.5068626,126.9224021,37.5077088,126.9228038,37.5072857,126.92260295,100.55414804126627,,,,467063433,,,,,신길7동
여의대방로43라길,주거지 도로,37.5080414,126.9199214,37.5072832,126.9200037,37.50766230000001,126.91996255,90.98095763523368,,,,521568135,,,,,신길1동
여의대방로43라길,주거지 도로,37.5080414,126.9199214,37.5089703,126.9200885,37.508505850000006,126.92000495,104.4724531755262,,,,521568135,,,,,신길1동
여의대방로43라길,주거지 도로,37.5080414,126.9199214,37.5074449,126.9203953,37.50774315,126.92015835,85.79649571237573,,,,796868854,,,,,신길1동
여의대방로43나길,주거지 도로,37.5072832,126.9200037,37.507545,126.9175842,37.507414100000005,126.91879395,215.39698604239788,,,,247222014,,,,,신길7동
여의대방로43라길,주거지 도로,37.5072832,126.9200037,37.5080414,126.9199214,37.50766230000001,126.91996255,90.98095763523368,,,,521568135,,,,,신길1동
여의대방로43나길,주거지 도로,37.5072832,126.9200037,37.5071364,126.9206554,37.5072098,126.92032955,60.64011711893049,,,,521783922,,,,,신길1동
여의대방로47라길,주거지 도로,37.5064729,126.9217191,37.5068574,126.9218424,37.50666515,126.92178075,44.11620425248244,,,,467063430,,,,,신길7동
여의대방로43나길,주거지 도로,37.5064729,126.9217191,37.506262,126.921739,37.50636745,126.92172905,23.516648218720285,,,,521783922,,,,,신길7동
여의대방로43나길,주거지 도로,37.5064729,126.9217191,37.5071364,126.9206554,37.50680465,126.92118725,119.49663362547324,,,,521783922,,,,,신길7동
여의대방로43길,주거지 도로,37.506262,126.921739,37.5062322,126.9214734,37.5062471,126.9216062,23.66164310480936,,,,467063434,,,,,신길7동
여의대방로43나길,주거지 도로,37.506262,126.921739,37.5064729,126.9217191,37.50636745,126.92172905,23.516648218720285,,,,521783922,,,,,신길7동
여의대방로43길,주거지 도로,37.506262,126.921739,37.5061732,126.9221104,37.5062176,126.9219247,34.21674303883582,,,,1313511829,,,,,신길7동
영등포로86길,주거지 도로,37.5100856,126.9224535,37.510839,126.922759,37.5104623,126.92260625,88.00148131714148,,,,45067040,,,True,,신길7동
여의대방로49길,주거지 도로,37.5100856,126.9224535,37.510179,126.9220968,37.510132299999995,126.92227515,33.132529597820444,,,,45067302,,,,,신길1동
여의대방로49길,주거지 도로,37.5100856,126.9224535,37.5099492,126.9229744,37.510017399999995,126.92271395,48.384698798529186,,,,45067302,,,,,신길7동
여의대방로53나길,주거지 도로,37.5113216,126.920827,37.5107217,126.9208162,37.51102165,126.9208216,66.71273226504867,,,,277275917,,,,,신길1동
영등포로80길,주거지 도로,37.5113216,126.920827,37.5114109,126.9199902,37.51136625,126.9204086,75.2060090749794,,,,247371383,,,,,신길1동
여의대방로53나길,주거지 도로,37.5113216,126.920827,37.5121602,126.9209712,37.5117409,126.9208991,94.54106509686872,,,,277275917,,,,,신길1동
영등포로84길,주거지 도로,37.5113216,126.920827,37.5110301,126.9219823,37.51117585,126.92140465,133.06067851134063,,,,467062417,,,,,신길1동
영등포로86길,주거지 도로,37.5098321,126.9220981,37.5100856,126.9224535,37.50995885,126.9222758,42.157637560693715,,,,45067040,,,True,,신길7동
영등포로84길,주거지 도로,37.5098321,126.9220981,37.510179,126.9220968,37.51000555,126.92209745,38.57374497773954,,,,521568122,,,,,신길1동
영등포로84길,주거지 도로,37.5098321,126.9220981,37.5088597,126.9221158,37.5093459,126.92210695,108.13750731522066,,,,521568136,,,,,신길7동
여의대방로46길,주거지 도로,37.5097107,126.9243062,37.5109088,126.9259407,37.510309750000005,126.92512345,272.38797215118154,,,,247371376,,,,,대방동
영등포로84길,주거지 도로,37.5132663,126.9223262,37.5127629,126.9221459,37.5130146,126.92223605,58.19077121594392,,,,45067305,,,,,신길1동
도신로64가길,주거지 도로,37.5113173,126.9194001,37.5108366,126.9195394,37.51107695,126.91946975,54.84547301676539,,,,277275919,,,,,신길1동
영등포로80길,주거지 도로,37.5113173,126.9194001,37.5114109,126.9199902,37.5113641,126.91969515,53.08067774504698,,,,247371383,,,,,신길1동
도신로64가길,주거지 도로,37.5113173,126.9194001,37.5122782,126.9187139,37.51179775,126.919057,124.25830181404604,,,,277275919,,,,,신길1동
영등포로80길,주거지 도로,37.5114109,126.9199902,37.5123151,126.9203261,37.511863000000005,126.92015815,104.81695917574883,,,,277276991,,,,,신길1동
영등포로80길,주거지 도로,37.5114109,126.9199902,37.5113216,126.920827,37.51136625,126.9204086,75.2060090749794,,,,247371383,,,,,신길1동
영등포로80길,주거지 도로,37.5114109,126.9199902,37.5113173,126.9194001,37.5113641,126.91969515,53.08067774504698,,,,247371383,,,,,신길1동
영등포로80길,주거지 도로,37.5114109,126.9199902,37.5108366,126.9195394,37.51112375,126.9197648,79.06961751428211,,,,277276991,,,,,신길1동
여의대방로49길,주거지 도로,37.510179,126.9220968,37.5100856,126.9224535,37.510132299999995,126.92227515,33.132529597820444,,,,45067302,,,,,신길1동
영등포로84길,주거지 도로,37.510179,126.9220968,37.5098321,126.9220981,37.51000555,126.92209745,38.57374497773954,,,,521568122,,,,,신길1동
영등포로84길,주거지 도로,37.510179,126.9220968,37.5110301,126.9219823,37.51060455,126.92203955,95.17549494415648,,,,521568122,,,,,신길1동
영등포로86길,주거지 도로,37.510839,126.922759,37.5116518,126.9230887,37.5112454,126.92292385,94.94272016673597,,,,45067040,,,True,,신길7동
여의대방로51길,주거지 도로,37.510839,126.922759,37.5106904,126.9232891,37.5107647,126.92302405,49.590865632799954,,,,247371378,,,,,신길7동
여의대방로51길,주거지 도로,37.510839,126.922759,37.5110301,126.9219823,37.51093455,126.92237065,71.73021749396747,,,,247371378,,,,,신길1동
여의대방로46길,주거지 도로,37.5127056,126.9265912,37.5119397,126.9264015,37.51232265,126.92649635,87.25237113930551,,,,247371376,,,,,대방동
여의대방로54길,주거지 도로,37.5119809,126.9252748,37.5119397,126.9264015,37.5119603,126.92583815,104.77100627684372,,,,247371381,,,,,대방동
여의대방로46길,주거지 도로,37.5119397,126.9264015,37.5109088,126.9259407,37.511424250000005,126.9261711,121.62325996185132,,,,247371376,,,,,대방동
여의대방로46길,주거지 도로,37.5119397,126.9264015,37.5127056,126.9265912,37.51232265,126.92649635,87.25237113930551,,,,247371376,,,,,대방동
여의대방로54길,주거지 도로,37.5119397,126.9264015,37.5119809,126.9252748,37.5119603,126.92583815,104.77100627684372,,,,247371381,,,,,대방동
여의대방로54길,주거지 도로,37.5119397,126.9264015,37.5131795,126.9293602,37.5125596,126.92788085,327.77606822285014,,,,247371381,,,,,대방동
여의대방로53가길,주거지 도로,37.5106904,126.9232891,37.5099492,126.9229744,37.510319800000005,126.92313175,86.96667427157266,,,,45067301,,,,,신길7동
여의대방로53가길,주거지 도로,37.5106904,126.9232891,37.5115135,126.9236385,37.51110195,126.9234638,96.57402173446488,,,,45067301,,,,,신길7동
여의대방로51길,주거지 도로,37.5106904,126.9232891,37.5104018,126.9244469,37.5105461,126.923868,107.04660161565296,,,,247371378,,,,,신길7동
여의대방로51길,주거지 도로,37.5106904,126.9232891,37.510839,126.922759,37.5107647,126.92302405,49.590865632799954,,,,247371378,,,,,신길7동
서초대로16길,주거지 도로,37.4853461,126.9912101,37.4866475,126.9903763,37.485996799999995,126.9907932,162.33666127553863,,,,157476667,,,,,방배1동
방배로23길,주거지 도로,37.4853461,126.9912101,37.4850607,126.9905088,37.4852034,126.99085945,69.54211045266098,,,,247620747,,,,,방배1동
방배로23길,주거지 도로,37.4853461,126.9912101,37.485588,126.9918047,37.48546705,126.9915074,58.95745725999241,,,,247620747,,,,,방배1동
서초대로16길,주거지 도로,37.4853461,126.9912101,37.4851183,126.991356,37.4852322,126.99128305,28.4138275772072,,,,157476667,,,,,방배1동
서초대로24길,주거지 도로,37.4863236,126.9936125,37.4852297,126.9943157,37.48577665,126.9939641,136.54704847058233,,,,157476672,,,,,방배1동
서초대로24길,주거지 도로,37.4863236,126.9936125,37.4874454,126.9928961,37.4868845,126.9932543,139.83991639606052,,,,157476672,,,,,방배1동
방배로23길,주거지 도로,37.4863236,126.9936125,37.4860655,126.9929782,37.48619455,126.99329535,62.89590084631426,,,,247620747,,,,,방배1동
방배로23길,주거지 도로,37.4863236,126.9936125,37.4866048,126.9942932,37.4864642,126.99395285,67.71202115678192,,,,247620747,,,,,방배1동
방배로23길,주거지 도로,37.4866048,126.9942932,37.4863236,126.9936125,37.4864642,126.99395285,67.71202115678192,,,,247620747,,,,,방배1동
서초대로26길,주거지 도로,37.4866048,126.9942932,37.4878969,126.9943333,37.48725085,126.99431325,168.85536019293326,,,,418128745,,,,,방배1동
왕십리로21길,주거지 도로,37.5621797,127.0339558,37.5618305,127.0335982,37.5620051,127.033777,50.01251750130898,,,,159604775,,,,,행당1동
무학봉16길,주거지 도로,37.5595759,127.0338827,37.5597256,127.0333497,37.55965075,127.0336162,49.85364599262426,,,,420073148,,,,,행당1동
왕십리로24나길,주거지 도로,37.5638772,127.0361343,37.5639795,127.0354829,37.56392835,127.0358086,59.43582980963885,,,,159604169,,,,,왕십리도선동
왕십리로24나길,,37.5614868,127.0377359,37.5612895,127.0376274,37.56138815,127.03768165,25.27946771512699,,,,247789700,,,True,,행당1동
왕십리광장로,3차로,37.5614868,127.0377359,37.5612873,127.0378018,37.56138704999999,127.03776885,23.03120148592517,,,,519066109,,,True,,행당1동
무학로6길,주거지 도로,37.5654453,127.0300827,37.5653414,127.0308646,37.56539335,127.03047365,69.88239528385043,,,,159604152,,,,,왕십리도선동
무학로6길,주거지 도로,37.5654453,127.0300827,37.5653769,127.0275538,37.5654111,127.02881825,228.56033205857716,,,,612506388,,,,,왕십리도선동
방배중앙로,주거지 도로,37.497473,126.9836266,37.4974141,126.9838173,37.49744355,126.98372195,18.053436147078827,,,,913475138,,,,,방배본동
사평대로,주거지 도로,37.4983133,126.9867077,37.497781,126.9862347,37.498047150000005,126.9864712,72.41932024983743,,,,256787250,,,True,,방배본동
동작대로,,37.4986146,126.9843842,37.4971171,126.9831294,37.49786585,126.9837568,200.62848534920215,,,,509191806,,,True,,방배본동
방배중앙로,3차로,37.4988121,126.9848708,37.4984427,126.9849763,37.4986274,126.98492355,42.117080868853144,,,,248405542,,,,,방배본동
뚝섬로,주거지 도로,37.5393892,127.0551,37.5387531,127.0552695,37.53907115,127.05518475,72.29282973180658,,,,417369566,,,,,성수2가1동
성수이로,3차로,37.5393892,127.0551,37.5394939,127.0551434,37.53944155,127.0551217,12.254872648510382,,,,519099449,,,,,성수2가1동
성수이로,3차로,37.5393892,127.0551,37.53885,127.05488,37.5391196,127.05499,63.0161420190331,,,,842101786,,,,,성수2가1동
성수이로7길,주거지 도로,37.5393892,127.0551,37.5396515,127.0549818,37.53952035,127.0550409,30.9831357947126,,,,248406292,,,,,성수2가1동
성수이로7길,주거지 도로,37.5403053,127.0547034,37.5396515,127.0549818,37.539978399999995,127.0548426,76.73150150403191,,,,248406292,,,,,성수2가1동
성수이로7가길,주거지 도로,37.5403053,127.0547034,37.5416014,127.0553357,37.540953349999995,127.05501955,155.03230134646313,,,,248406290,,,,,성수2가1동
성수이로7길,주거지 도로,37.5403053,127.0547034,37.5412583,127.0542587,37.540781800000005,127.05448105,113.14236099783898,,,,519099429,,,,,성수2가1동
성수이로7길,주거지 도로,37.5415452,127.0540328,37.5420705,127.0536332,37.54180785,127.053833,68.21360589330828,,,,519099429,,,,,성수2가1동
성수이로7길,주거지 도로,37.5415452,127.0540328,37.5397162,127.0516805,37.5406307,127.05285665,290.4799145503737,,,,248406289,,3,,,성수2가1동
성수이로7길,주거지 도로,37.5415452,127.0540328,37.5412583,127.0542587,37.541401750000006,127.05414575,37.643191617451656,,,,519099429,,,,,성수2가1동
연무장길,주거지 도로,37.5430913,127.0532201,37.5432045,127.0528295,37.5431479,127.0530248,36.6659303344054,,,,235572756,,,,,성수2가3동
연무장길,주거지 도로,37.5430913,127.0532201,37.542985,127.0535371,37.54303815,127.0533786,30.345359967813017,,,,235572756,,,,,성수2가3동
성수이로7길,주거지 도로,37.5430913,127.0532201,37.5420705,127.0536332,37.5425809,127.05342665,124.5840289932583,,,,519099428,,,,,성수2가1동
연무장9길,주거지 도로,37.5443792,127.0564772,37.5438802,127.0562505,37.5441297,127.05636385,58.976380982435614,,,,1286223325,,,,,성수2가3동
상원2길,주거지 도로,37.5460247,127.0489161,37.545964,127.0491195,37.54599435,127.0490178,19.16045121733104,,,,417377442,,,,,성수1가2동
상원길,주거지 도로,37.5460247,127.0489161,37.5463133,127.0488628,37.546169,127.04888945,32.43311690808746,,,,919040207,,,,,성수1가2동
상원길,주거지 도로,37.5460247,127.0489161,37.5444688,127.0494141,37.54524675,127.0491651,178.5775363637108,,,,919040207,,,,,성수1가2동
상원길,주거지 도로,37.5468589,127.0487311,37.546721,127.0487572,37.54678995,127.04874415,15.505488634683786,,,,248406291,,,,,성수1가2동
상원길,주거지 도로,37.5468589,127.0487311,37.5475299,127.0485063,37.547194399999995,127.0486187,77.19918546266717,,,,248406291,,,,,성수1가2동
상원길,주거지 도로,37.5515895,127.0472936,37.5502613,127.0477006,37.5509254,127.0474971,151.98518881372974,,,,248406291,,,,,성수1가2동
양평로28사길,주거지 도로,37.5443307,126.8889704,37.5438811,126.8898162,37.544105900000005,126.8893933,89.77745494879778,,,,277179985,,,,,양평2동
양평로28사길,주거지 도로,37.5443307,126.8889704,37.5443444,126.8889434,37.54433755,126.8889569,2.826159335522274,,,,277179985,,,,,양평2동
양평로22길,3차로,37.5405224,126.8959421,37.5400845,126.8956074,37.54030345,126.89577475,56.93680269826656,,,,521781813,,,,,양평2동
양평로22길,3차로,37.5405224,126.8959421,37.5406219,126.8960384,37.54057215,126.89599025,13.94639657678944,,,,558321678,,,True,,당산2동
양평로22사길,주거지 도로,37.5405224,126.8959421,37.5406111,126.8957794,37.54056675,126.89586075,17.408646823513678,,,,558321685,,,,,양평2동
한강대로21길,주거지 도로,37.5275254,126.9630732,37.5272488,126.9635912,37.5273871,126.9633322,55.06900317984693,,,,249377842,,,,,한강로동
한강대로21가길,주거지 도로,37.5275254,126.9630732,37.5267284,126.9623576,37.5271269,126.9627154,108.79431360650791,,,,324007921,,,,,한강로동
한강대로21나길,주거지 도로,37.5275254,126.9630732,37.5285922,126.9640637,37.5280588,126.96356845,147.31169168842453,,,,324007929,,,,,한강로동
고척로33길,주거지 도로,37.5026157,126.8493023,37.5030367,126.8490794,37.5028262,126.84919085,50.77495222374281,,,,249662834,,,True,,고척2동
고척로33길,주거지 도로,37.5053233,126.8478684,37.505935,126.8475739,37.50562915,126.84772115,72.81007080387928,,,,249662834,,,True,,고척2동
고척로27다길,주거지 도로,37.5053233,126.8478684,37.5051232,126.8471675,37.50522325,126.84751795,65.70876646726433,,,,465801053,,,,,고척2동
고척로27다길,주거지 도로,37.5053233,126.8478684,37.5053889,126.848079,37.5053561,126.8479737,19.95793867541004,,,,465801053,,,,,고척2동
고척로27길,주거지 도로,37.504131,126.8465754,37.5042098,126.846537,37.5041704,126.8465562,9.39413449591784,,,,249662835,,,,,개봉1동
고척로27길,주거지 도로,37.504131,126.8465754,37.503981,126.8465398,37.504056000000006,126.8465576,16.972319361422418,,,,520732843,,,,,개봉1동
고척로23길,주거지 도로,37.502306,126.8472089,37.502243,126.846851,37.5022745,126.84702995,32.33974211790642,,,,465801056,,,,,개봉1동
고척로27길,주거지 도로,37.502306,126.8472089,37.5019837,126.847635,37.50214484999999,126.84742195,52.888124904482154,,,,465800947,,,True,,개봉1동
고척로31길,주거지 도로,37.5019837,126.847635,37.5028319,126.847219,37.5024078,126.847427,101.20426624794209,,,,249662837,,,True,,개봉1동
경인로31길,주거지 도로,37.5019837,126.847635,37.5009967,126.8487305,37.5014902,126.84818275,149.97372625923404,,,,250073620,,,,,개봉1동
고척로27길,주거지 도로,37.5066484,126.8453473,37.5060511,126.8456387,37.50634975,126.845493,71.21729183778348,,,,249662835,,,,,개봉1동
고척로27길,주거지 도로,37.5066484,126.8453473,37.5073322,126.8449508,37.5069903,126.84514905,83.69340094904558,,,,249662835,,,,,개봉1동
고척로27바길,주거지 도로,37.5066484,126.8453473,37.5068353,126.8458733,37.50674185,126.8456103,50.839709432956944,,,,249662838,,,,,개봉1동
고척로27바길,주거지 도로,37.5076149,126.8481666,37.507427,126.8475905,37.50752095,126.84787855,54.944304453545705,,,,249662838,,,,,고척2동
고척로33라길,주거지 도로,37.5076149,126.8481666,37.5079223,126.8480343,37.5077686,126.84810045,36.11858779388735,,,,520805720,,,,,고척2동
고척로33라길,주거지 도로,37.5076149,126.8481666,37.5073062,126.8483336,37.507460550000005,126.8482501,37.35323807707276,,,,520805720,,,,,고척2동
고척로27바길,주거지 도로,37.5076149,126.8481666,37.5078086,126.8495513,37.50771175,126.84885895,125.38046313969524,,,,249662838,,,,,고척2동
고척로27다길,주거지 도로,37.5057329,126.8491846,37.5056825,126.8490227,37.5057077,126.84910365,15.341486486453476,,,,465801053,,,,,고척2동
고척로27다길,주거지 도로,37.5057329,126.8491846,37.5059542,126.8498497,37.505843549999994,126.84951715,63.62015362621248,,,,465801053,,,,,고척2동
고척로27다길,주거지 도로,37.5057329,126.8491846,37.50606,126.8490077,37.505896449999995,126.84909615,39.57792082025098,,,,465801846,,,,,고척2동
고척로33라길,주거지 도로,37.5069743,126.8485131,37.5071991,126.8491919,37.5070867,126.8488525,64.88427628058773,,,,249662841,,,,,고척2동
고척로27마길,주거지 도로,37.5069743,126.8485131,37.5068091,126.848056,37.5068917,126.84828455,44.307557089028585,,,,249962186,,,,,고척2동
고척로33라길,주거지 도로,37.5069743,126.8485131,37.5063561,126.8488475,37.5066652,126.8486803,74.80226114248286,,,,249962221,,,,,고척2동
고척로33라길,주거지 도로,37.5069743,126.8485131,37.5073062,126.8483336,37.507140250000006,126.84842335,40.15874197833874,,,,520805720,,,,,고척2동
중앙로15길,주거지 도로,37.5085762,126.8514864,37.5082066,126.8522829,37.5083914,126.85188465,81.40652222166098,,,,249662842,,,,,고척2동
중앙로15길,주거지 도로,37.5066907,126.8559736,37.5064833,126.8554808,37.506587,126.8557272,49.20819698914969,,,,465804863,,,,,고척2동
중앙로15길,주거지 도로,37.5066907,126.8559736,37.5066844,126.8560349,37.506687549999995,126.85600425,5.45240668710094,,,,520805723,,,,,고척2동
중앙로15길,주거지 도로,37.5066907,126.8559736,37.5070218,126.8550968,37.50685625,126.8555352,85.6573695998386,,,,520805723,,,,,고척2동
고척로,주거지 도로,37.5066864,126.8588972,37.5063672,126.8590896,37.5065268,126.8589934,39.342306760361346,,,,249662843,,,,,고척2동
중앙로15길,주거지 도로,37.5066864,126.8588972,37.5070401,126.859874,37.506863249999995,126.8593856,94.71425844117482,,,,520805733,,,,,고척2동
중앙로15길,주거지 도로,37.5066864,126.8588972,37.5064819,126.8583186,37.506584149999995,126.8586079,56.61212880577431,,,,520805723,,,,,고척2동
중앙로15길,주거지 도로,37.5070401,126.859874,37.5066864,126.8588972,37.506863249999995,126.8593856,94.71425844117482,,,,520805733,,,,,고척2동
고척로,주거지 도로,37.5063672,126.8590896,37.5066864,126.8588972,37.5065268,126.8589934,39.342306760361346,,,,249662843,,,,,고척2동
고척로60길,주거지 도로,37.5063672,126.8590896,37.5059514,126.8593322,37.5061593,126.8592109,50.94716476027255,,,,249663042,,,,,고척2동
중앙로15길,주거지 도로,37.5082066,126.8522829,37.5085762,126.8514864,37.5083914,126.85188465,81.40652222166098,,,,249662842,,,,,고척2동
중앙로15길,주거지 도로,37.5082066,126.8522829,37.5075313,126.8538613,37.50786895,126.8530721,158.21370052357685,,,,520805723,,,,,고척2동
고척로31길,주거지 도로,37.5051232,126.8471675,37.5045257,126.8475203,37.50482445,126.8473439,73.36662832263056,,,,249962175,,,,,고척2동
고척로27다길,주거지 도로,37.5051232,126.8471675,37.5048892,126.8464679,37.5050062,126.8468177,66.97350960366467,,,,465801053,,,,,개봉1동
고척로27다길,주거지 도로,37.5051232,126.8471675,37.5053233,126.8478684,37.50522325,126.84751795,65.70876646726433,,,,465801053,,,,,고척2동
고척로31길,주거지 도로,37.5051232,126.8471675,37.5056316,126.8466555,37.5053774,126.8469115,72.59626914816417,,,,249962175,,,,,고척2동
고척로27길,주거지 도로,37.5048138,126.8462423,37.5045676,126.8463624,37.5046907,126.84630235,29.35464045397813,,,,249662835,,,,,개봉1동
고척로27길,주거지 도로,37.5048138,126.8462423,37.5053826,126.8459648,37.5050982,126.84610355,67.81945660930585,,,,249662835,,,,,개봉1동
고척로27길,주거지 도로,37.5048138,126.8462423,37.5047257,126.8459078,37.50476975,126.84607505,31.09039225480936,,,,250073621,,,,,개봉1동
고척로27다길,주거지 도로,37.5048138,126.8462423,37.5048892,126.8464679,37.5048515,126.8463551,21.594480749475256,,,,465801053,,,,,개봉1동
고척로,3차로,37.5012302,126.8456075,37.5010753,126.8451676,37.50115275,126.84538755,42.4568037304891,,,,37399208,,,,,개봉1동
고척로19길,주거지 도로,37.5012302,126.8456075,37.5015214,126.8454682,37.501375800000005,126.84553785,34.63336148789696,,,,249662851,,,,,개봉1동
고척로20길,주거지 도로,37.5012302,126.8456075,37.5008146,126.8458243,37.5010224,126.8457159,50.01383883838315,,,,249665846,,,,,개봉1동
고척로19길,주거지 도로,37.5028149,126.8448495,37.5021216,126.8451811,37.50246825,126.8450153,82.45468074549015,,,,249662851,,,,,개봉1동
고척로19길,주거지 도로,37.5028149,126.8448495,37.5034999,126.8444955,37.5031574,126.8446725,82.32142463373296,,,,520732849,,,,,개봉1동
고척로21나길,주거지 도로,37.5028149,126.8448495,37.5029323,126.8451873,37.5028736,126.8450184,32.5325770179414,,,,520732850,,,,,개봉1동
고척로21나길,주거지 도로,37.5028149,126.8448495,37.5027054,126.8445195,37.50276015,126.8446845,31.554312186590227,,,,520732851,,,,,개봉1동
고척로21다길,주거지 도로,37.5034999,126.8444955,37.5033899,126.8441555,37.503444900000005,126.8443255,32.39061964238406,,,,250073660,,,,,개봉1동
고척로21다길,주거지 도로,37.5034999,126.8444955,37.5036083,126.8448173,37.5035541,126.8446564,30.839953832118383,,,,250073660,,,,,개봉1동
고척로19길,주거지 도로,37.5034999,126.8444955,37.5028149,126.8448495,37.5031574,126.8446725,82.32142463373296,,,,520732849,,,,,개봉1동
고척로19길,주거지 도로,37.5034999,126.8444955,37.5042247,126.8441772,37.5038623,126.84433635,85.34517859407443,,,,520732849,,,,,개봉1동
고척로19길,주거지 도로,37.5047409,126.8439505,37.5042247,126.8441772,37.504482800000005,126.84406385,60.78270830636974,,,,520732849,,,,,개봉1동
고척로21라길,주거지 도로,37.5047409,126.8439505,37.5051046,126.8446532,37.504922750000006,126.84430185,76.94363567252725,,,,250296105,,,,,개봉1동
고척로21라길,주거지 도로,37.5047409,126.8439505,37.5044116,126.8425043,37.50457625,126.8432274,133.24838219366637,,,,250296105,,,,,개봉1동
고척로21길,주거지 도로,37.5030901,126.8456417,37.503773,126.8453066,37.50343155,126.84547415,81.48586151066695,,,,249665854,,,,,개봉1동
고척로21나길,주거지 도로,37.5030901,126.8456417,37.5030213,126.8454462,37.5030557,126.84554395,18.86638841625261,,,,520732850,,,,,개봉1동
고척로21길,주거지 도로,37.5030901,126.8456417,37.5023807,126.8459904,37.502735400000006,126.84581605,84.66713206988256,,,,520732854,,,,,개봉1동
"['고척로25길', '고척로21나길']",주거지 도로,37.5030901,126.8456417,37.503205,126.846006,37.50314755,126.84582385,34.582696080034765,yes,,,"[413715786, 413715787, 520732853]",,,,,개봉1동
고척로23길,주거지 도로,37.503205,126.846006,37.5039957,126.8456334,37.50360035,126.8458197,93.86468731487618,,,,249662856,,,True,,개봉1동
고척로25길,주거지 도로,37.503205,126.846006,37.5032746,126.8462319,37.5032398,126.84611895,21.377424889083585,,,,413715787,,,,,개봉1동
"['고척로25길', '고척로21나길']",주거지 도로,37.503205,126.846006,37.5030901,126.8456417,37.50314755,126.84582385,34.58269608003477,yes,,,"[413715786, 413715787, 520732853]",,,,,개봉1동
고척로27가길,주거지 도로,37.5034336,126.8467484,37.5034839,126.8468979,37.50345875,126.84682315,14.324864745156614,,,,249663421,,,,,개봉1동
고척로25길,주거지 도로,37.5034336,126.8467484,37.5033734,126.8465528,37.503403500000005,126.8466506,18.50743554096195,,,,413715787,,,,,개봉1동
고척로27길,주거지 도로,37.5034336,126.8467484,37.5030982,126.8468746,37.5032659,126.8468115,38.92589855408361,,,,465800947,,,True,,개봉1동
고척로27가길,주거지 도로,37.5034839,126.8468979,37.5035745,126.8471781,37.5035292,126.847038,26.6914329661838,,,,249663421,,,,,개봉1동
고척로27가길,주거지 도로,37.5034839,126.8468979,37.5034336,126.8467484,37.50345875,126.84682315,14.324864745156614,,,,249663421,,,,,개봉1동
고척로31길,주거지 도로,37.5034839,126.8468979,37.5039011,126.8466901,37.5036925,126.846794,49.880830515952105,,,,249662837,,,True,,개봉1동
고척로25길,주거지 도로,37.5049321,126.8453658,37.5046449,126.8456011,37.5047885,126.84548345,38.08773541085248,,,,249662855,,,True,,개봉1동
고척로25길,주거지 도로,37.5049321,126.8453658,37.505265,126.8451758,37.50509855,126.8452708,40.63621915637106,,,,249662854,,,,,개봉1동
고척로27길,주거지 도로,37.5046449,126.8456011,37.5047257,126.8459078,37.504685300000006,126.84575445,28.50729407749525,,,,250073621,,,,,개봉1동
고척로25길,주거지 도로,37.5046449,126.8456011,37.5041684,126.846276,37.50440665,126.84593855,79.69768004314531,,,,249662855,,,True,,개봉1동
고척로27길,주거지 도로,37.503981,126.8465398,37.504131,126.8465754,37.504056000000006,126.8465576,16.972319361422418,,,,520732843,,,,,개봉1동
고척로27길,주거지 도로,37.503981,126.8465398,37.5034336,126.8467484,37.5037073,126.8466441,64.21506444230448,,,,465800947,,,True,,개봉1동
고척로21나길,주거지 도로,37.5022485,126.8431427,37.502951,126.8427996,37.50259975,126.84297115,83.77305625738484,,,,249662859,,,,,개봉1동
고척로21가길,주거지 도로,37.5022485,126.8431427,37.501574,126.8434738,37.50191125,126.84330825,80.48766308348468,,,,465774951,,,,,개봉1동
고척로21나길,주거지 도로,37.5022485,126.8431427,37.5023042,126.8433273,37.50227635,126.843235,17.422417892247925,,,,520732851,,,,,개봉1동
고척로21나길,주거지 도로,37.5022485,126.8431427,37.5020557,126.8424177,37.5021521,126.8427802,67.45300820594046,,,,249662852,,,,,개봉1동
고척로21나길,주거지 도로,37.5018421,126.8416141,37.5018816,126.8417627,37.50186185,126.8416884,13.824975931681378,,,,249662852,,,,,개봉1동
고척로21가길,주거지 도로,37.5018421,126.8416141,37.5011641,126.8416271,37.501503099999994,126.8416206,75.39898850869952,,,,249678032,,,,,개봉1동
고척로21나길,주거지 도로,37.5018421,126.8416141,37.5020082,126.8412298,37.50192515,126.84142195,39.16108214258009,,,,250383697,,,,,개봉1동
고척로21라길,주거지 도로,37.5043126,126.8421345,37.5043887,126.8424189,37.50435065,126.8422767,26.47611554355686,,,,250296105,,,,,개봉1동
고척로21라길,주거지 도로,37.5043126,126.8421345,37.5042981,126.84199,37.50430535,126.84206225,12.84818780476611,,,,250296105,,,,,개봉1동
고척로21나길,주거지 도로,37.5043126,126.8421345,37.5041528,126.8422126,37.5042327,126.84217355,19.057798470467688,,,,520732852,,,,,개봉1동
경서로1길,주거지 도로,37.4988459,126.8561902,37.4987077,126.8568387,37.4987768,126.85651445,59.23760925403945,,,,249662860,,,,,고척1동
경서로1길,주거지 도로,37.4988459,126.8561902,37.4985907,126.8559756,37.4987183,126.8560829,34.11249377765274,,,,910400060,,,,,개봉1동
경서로1길,주거지 도로,37.4988459,126.8561902,37.4992833,126.8555641,37.4990646,126.85587715,74.55701061070633,,,,249662860,,,,,고척1동
경서로1길,주거지 도로,37.4992833,126.8555641,37.4991643,126.8552049,37.4992238,126.8553845,34.3396677688026,,,,520805727,,,,,개봉1동
경서로1길,주거지 도로,37.4992833,126.8555641,37.4988459,126.8561902,37.4990646,126.85587715,74.55701061070633,,,,249662860,,,,,고척1동
고척로52길,주거지 도로,37.4992833,126.8555641,37.5002177,126.8556827,37.499750500000005,126.8556234,104.42613646587624,,,,465798228,,,,,고척1동
고척로52길,주거지 도로,37.5014173,126.8558349,37.5015115,126.8555341,37.5014644,126.8556845,28.527722887825178,,,,250073616,,,,,개봉1동
고척로52길,주거지 도로,37.5014173,126.8558349,37.5019792,126.8559942,37.50169825,126.85591455,64.04133022469648,,,,465798228,,,,,개봉1동
고척로52길,주거지 도로,37.5014173,126.8558349,37.5005656,126.8557268,37.50099145,126.85578085,95.18375346364546,,,,465798228,,,,,개봉1동
경인로35길,주거지 도로,37.4978402,126.8553154,37.4988487,126.8542526,37.498344450000005,126.854784,146.27167778660487,,,,249662861,,,,,개봉1동
경인로35길,주거지 도로,37.5001089,126.8525052,37.5003405,126.8524493,37.5002247,126.85247725,26.22067155103461,,,,465798600,,,,,고척2동
경인로35길,주거지 도로,37.5001089,126.8525052,37.4999637,126.852095,37.500036300000005,126.8523001,39.6250863301156,,,,465800502,,,,,고척2동
경인로35길,주거지 도로,37.5001089,126.8525052,37.4997847,126.852679,37.4999468,126.8525921,39.55812461502129,,,,465798600,,,,,고척2동
경인로35길,주거지 도로,37.5015128,126.8521655,37.5012674,126.8513913,37.5013901,126.8517784,73.54578868913511,,,,249663035,,,,,고척2동
경인로35길,주거지 도로,37.5015128,126.8521655,37.5014697,126.8521865,37.50149125,126.852176,5.1380894929186995,,,,465798600,,,,,고척2동
경인로35길,주거지 도로,37.5015128,126.8521655,37.5022653,126.8519673,37.50188905,126.8520664,86.58813539581013,,,,465798600,,,,,고척2동
경인로35다길,주거지 도로,37.5022653,126.8519673,37.5026226,126.8527061,37.50244395,126.8523367,76.327834540716,,,,249962197,,,,,고척2동
경인로35길,주거지 도로,37.5022653,126.8519673,37.5023839,126.8519027,37.502324599999994,126.851935,14.366311478963553,,,,465798600,,,,,고척2동
경인로35길,주거지 도로,37.5022653,126.8519673,37.5015128,126.8521655,37.50188905,126.8520664,86.58813539581013,,,,465798600,,,,,고척2동
경인로35길,주거지 도로,37.5027595,126.8516983,37.5033911,126.8513251,37.503075300000006,126.8515117,77.56400209097436,,,,465798600,,,,,고척2동
경인로35길,주거지 도로,37.5027595,126.8516983,37.5023839,126.8519027,37.5025717,126.8518005,45.49086897960428,,,,465798600,,,,,고척2동
고척로40길,주거지 도로,37.5027595,126.8516983,37.5025026,126.8510156,37.502631050000005,126.85135695,66.65509319979716,,,,465800518,,,,,고척2동
고척로52가길,주거지 도로,37.5027595,126.8516983,37.5030326,126.8524016,37.50289605,126.85204995,69.07397657786439,,,,249663041,,,,,고척2동
고척로55길,주거지 도로,37.5061946,126.8547947,37.5063467,126.8551562,37.506270650000005,126.85497545,36.09530932521858,,,,249663036,,,,,고척2동
고척로51길,주거지 도로,37.5061946,126.8547947,37.5064244,126.8544824,37.5063095,126.85463855,37.59352929438995,,,,249858015,,,,,고척2동
고척로51길,주거지 도로,37.5061946,126.8547947,37.505688,126.8553939,37.5059413,126.8550943,77.89546004741666,,,,249858015,,,,,고척2동
고척로30길,주거지 도로,37.5023099,126.8485045,37.5019046,126.8487106,37.50210725,126.84860755,48.59646784001986,,,,249663037,,,,,개봉1동
고척로30길,주거지 도로,37.4999727,126.8496883,37.4996149,126.8498736,37.4997938,126.84978095,43.01287164485145,,,,249663037,,,,,개봉1동
고척로30길,주거지 도로,37.4999727,126.8496883,37.5001563,126.8495965,37.5000645,126.8496424,21.96296738685254,,,,249663037,,,,,개봉1동
경인로33다길,주거지 도로,37.4999727,126.8496883,37.5000253,126.8498573,37.499999,126.8497728,16.01492027586305,,,,249663038,,,,,개봉1동
경인로33다길,주거지 도로,37.4999727,126.8496883,37.499826,126.8492298,37.49989935,126.84945905,43.613021399312345,,,,249663038,,,,,개봉1동
고척로30길,주거지 도로,37.4996149,126.8498736,37.4993343,126.8500213,37.4994746,126.84994745,33.8126870565154,,,,249663037,,,,,개봉1동
고척로30길,주거지 도로,37.4996149,126.8498736,37.4999727,126.8496883,37.4997938,126.84978095,43.01287164485145,,,,249663037,,,,,개봉1동
경인로31길,주거지 도로,37.4996149,126.8498736,37.4994205,126.8502873,37.4995177,126.85008045,42.416914733628595,,,,520732847,,,,,개봉1동
경인로31길,주거지 도로,37.4996149,126.8498736,37.499826,126.8492298,37.49972045,126.8495517,61.51387081105331,,,,520732847,,,,,개봉1동
경인로33길,주거지 도로,37.4990184,126.851143,37.4991188,126.8514423,37.4990686,126.85129265,28.666856023721177,,,,249965917,,,,,개봉1동
경인로31길,주거지 도로,37.4990184,126.851143,37.4994205,126.8502873,37.49921945,126.85071515,87.73579975637747,,,,520732847,,,,,개봉1동
경인로31길,주거지 도로,37.4990184,126.851143,37.4981866,126.8516832,37.4986025,126.8514131,113.09881397737124,,,,520732847,,,,,개봉1동
경인로31길,주거지 도로,37.4981866,126.8516832,37.4990184,126.851143,37.4986025,126.8514131,113.09881397737124,,,,520732847,,,,,개봉1동
경인로33길,3차로,37.500448,126.851215,37.5007471,126.8510679,37.500597549999995,126.85114145,35.700378385419725,,,,240327208,,,,,개봉1동
경인로33다길,주거지 도로,37.500448,126.851215,37.5002459,126.8505658,37.50034695,126.8508904,61.52146591623915,,,,249663038,,,,,개봉1동
경인로33길,3차로,37.500448,126.851215,37.4998047,126.8515314,37.50012635,126.8513732,76.78454988728427,,,,520732846,,,,,개봉1동
경인로33나길,주거지 도로,37.4994205,126.8502873,37.4995463,126.8506948,37.4994834,126.85049105,38.5743536438695,,,,249663039,,,,,개봉1동
경인로33나길,주거지 도로,37.4994205,126.8502873,37.4993343,126.8500213,37.4993774,126.8501543,25.348012077835676,,,,249663039,,,,,개봉1동
경인로31길,주거지 도로,37.4994205,126.8502873,37.4990184,126.851143,37.49921945,126.85071515,87.73579975637747,,,,520732847,,,,,개봉1동
경인로31길,주거지 도로,37.4994205,126.8502873,37.4996149,126.8498736,37.4995177,126.85008045,42.416914733628595,,,,520732847,,,,,개봉1동
경인로33나길,주거지 도로,37.4998047,126.8515314,37.4995945,126.8508507,37.4996996,126.85119105,64.4379929249738,,,,249663039,,,,,개봉1동
경인로33길,주거지 도로,37.4998047,126.8515314,37.4999637,126.852095,37.4998842,126.8518132,52.76911255608879,,,,249962201,,,,,개봉1동
경인로33길,3차로,37.4998047,126.8515314,37.4992415,126.8518084,37.4995231,126.8516699,67.22373440118412,,,,520732846,,,,,개봉1동
경인로33길,3차로,37.4998047,126.8515314,37.500448,126.851215,37.50012635,126.8513732,76.78454988728427,,,,520732846,,,,,개봉1동
경인로33길,3차로,37.5014016,126.850746,37.5011086,126.8508901,37.5012551,126.85081805,34.97224679685576,,,,240327208,,,,,고척2동
경인로33길,3차로,37.5014016,126.850746,37.501673,126.8506125,37.501537299999995,126.85067925,32.394811653788985,,,,240327208,,,,,고척2동
고척로40길,주거지 도로,37.5014016,126.850746,37.5025026,126.8510156,37.5019521,126.8508808,124.71443055150937,,,,250092766,,,,,고척2동
고척로40길,주거지 도로,37.5025026,126.8510156,37.5014016,126.850746,37.5019521,126.8508808,124.71443055150937,,,,250092766,,,,,고척2동
고척로40길,주거지 도로,37.5025026,126.8510156,37.5027595,126.8516983,37.502631050000005,126.85135695,66.65509319979716,,,,465800518,,,,,고척2동
고척로40길,주거지 도로,37.5025026,126.8510156,37.5032516,126.8509612,37.5028771,126.8509884,84.81896311803256,,,,250092766,,,,,고척2동
고척로52길,주거지 도로,37.5044297,126.8561095,37.505092,126.8557626,37.50476085,126.85593605,79.74901242852425,,,,240327643,60.0,,,,고척2동
고척로52길,주거지 도로,37.5044297,126.8561095,37.5037829,126.8564483,37.5041063,126.8562789,77.88335353336787,,,,240327643,60.0,,,,고척2동
고척로52가길,주거지 도로,37.5044297,126.8561095,37.5042031,126.8554969,37.5043164,126.8558032,59.62423881419222,,,,249663041,,,,,고척2동
고척로52나길,주거지 도로,37.5044297,126.8561095,37.5050954,126.8578063,37.50476255,126.8569579,167.0057936806802,,,,249965921,,,,,고척2동
고척로60길,주거지 도로,37.5038984,126.8606482,37.50389,126.86063,37.5038942,126.8606391,1.857403504103996,,,,249663042,,,,,고척1동
고척로60길,주거지 도로,37.5038984,126.8606482,37.5051448,126.8598027,37.5045216,126.86022545,157.38738529210912,,,,249663042,,,,,고척2동
경서로11길,주거지 도로,37.5038984,126.8606482,37.5042096,126.8588666,37.504054,126.8597574,163.52641255714013,,,,249663043,,,,,고척1동
중앙로3길,주거지 도로,37.5008282,126.8623343,37.4999704,126.8628431,37.5003993,126.8625887,105.41616627953104,,,,249663047,,,,,고척1동
중앙로5길,주거지 도로,37.5008282,126.8623343,37.5006279,126.8636431,37.50072805,126.8629887,117.58628783570435,,,,249663044,,,,,고척1동
중앙로5길,주거지 도로,37.5008282,126.8623343,37.5019821,126.8591157,37.50140515,126.860725,320.1000548857685,,,,249663044,,,,,고척1동
중앙로6길,주거지 도로,37.5006279,126.8636431,37.5005398,126.8642407,37.50058385,126.8639419,53.62053023005156,,,,249663422,,,,,고척1동
중앙로5길,주거지 도로,37.5006279,126.8636431,37.5008282,126.8623343,37.50072805,126.8629887,117.58628783570435,,,,249663044,,,,,고척1동
경인로43길,주거지 도로,37.4983119,126.8607312,37.4976099,126.8616273,37.497960899999995,126.86117925,111.09743577559342,,,,249663045,,,,,고척1동
경인로43길,주거지 도로,37.4983119,126.8607312,37.4991544,126.8596558,37.49873315,126.8601935,133.3290595357184,,,,249663045,,,,,고척1동
중앙로3길,주거지 도로,37.4983119,126.8607312,37.4988398,126.8614035,37.498575849999995,126.86106735,83.4462886184059,,,,249663046,,,,,고척1동
중앙로3길,주거지 도로,37.4999704,126.8628431,37.5002861,126.8638409,37.50012825,126.863342,94.76453848450438,,,,249663046,,,,,고척1동
중앙로3길,주거지 도로,37.4999704,126.8628431,37.5008282,126.8623343,37.5003993,126.8625887,105.41616627953104,,,,249663047,,,,,고척1동
중앙로3길,주거지 도로,37.4999704,126.8628431,37.4988398,126.8614035,37.4994051,126.8621233,178.6990363544122,,,,249663046,,,,,고척1동
중앙로1길,주거지 도로,37.4999704,126.8628431,37.4982935,126.8638087,37.499131950000006,126.8633259,204.99917384862795,,,,249663048,,,,,고척1동
중앙로3길,주거지 도로,37.5002861,126.8638409,37.4999704,126.8628431,37.50012825,126.863342,94.76453848450438,,,,249663046,,,,,고척1동
중앙로1길,주거지 도로,37.4982935,126.8638087,37.4978679,126.8633581,37.4980807,126.8635834,61.804610810434774,,,,249663049,,,,,고척1동
중앙로1길,주거지 도로,37.4982935,126.8638087,37.4989382,126.8646229,37.49861585,126.8642158,101.48053185861131,,,,249663049,,,,,고척1동
중앙로1길,주거지 도로,37.4982935,126.8638087,37.4999704,126.8628431,37.499131950000006,126.8633259,204.99917384862795,,,,249663048,,,,,고척1동
중앙로1길,주거지 도로,37.4978679,126.8633581,37.4982935,126.8638087,37.4980807,126.8635834,61.804610810434774,,,,249663049,,,,,고척1동
경인로,주거지 도로,37.4978679,126.8633581,37.4973462,126.8640144,37.49760705,126.86368625,81.96017831574008,,,,250076016,,,,,고척1동
중앙로1길,주거지 도로,37.4978679,126.8633581,37.4976074,126.8628876,37.497737650000005,126.86312285,50.67433751088996,,,,249663049,,,,,고척1동
경인로43길,주거지 도로,37.4972292,126.8621133,37.4976099,126.8616273,37.49741955,126.8618703,60.25160548537429,,,,249663045,,,,,고척1동
중앙로1길,주거지 도로,37.4972292,126.8621133,37.4976074,126.8628876,37.4974183,126.86250045,80.21612318925132,,,,249663049,,,,,고척1동
중앙로1길,주거지 도로,37.4972292,126.8621133,37.4967355,126.862741,37.49698235,126.86242715,77.975561337033,,,,1258921434,,,,,고척1동
중앙로1길,주거지 도로,37.4989382,126.8646229,37.4982935,126.8638087,37.49861585,126.8642158,101.48053185861131,,,,249663049,,,,,고척1동
경인로40길,주거지 도로,37.4953407,126.8589772,37.4954937,126.8590359,37.4954172,126.85900655,17.783572758394392,,,,249663051,,,,,개봉1동
개봉로23가길,주거지 도로,37.4953407,126.8589772,37.4952191,126.8579237,37.4952799,126.85845045,102.56705277392024,,,,"[249663056, 520732836]",,,,,개봉1동
개봉로23가길,주거지 도로,37.4953407,126.8589772,37.4947825,126.8606197,37.4950616,126.85979845,158.01041950539772,,,,520732837,,,,,개봉1동
개봉로23가길,주거지 도로,37.4942143,126.8620033,37.4947825,126.8606197,37.4944984,126.8613115,137.44802072235484,,,,520732837,,,,,개봉1동
경인로42길,주거지 도로,37.4947825,126.8606197,37.4966103,126.8612574,37.4956964,126.86093855,210.9970930358534,,,,"[1258921410, 249663053]",,,,,개봉1동
개봉로23가길,주거지 도로,37.4947825,126.8606197,37.4942143,126.8620033,37.4944984,126.8613115,137.44802072235484,,,,520732837,,,,,개봉1동
개봉로23가길,주거지 도로,37.4947825,126.8606197,37.4953407,126.8589772,37.4950616,126.85979845,158.0104195053977,,,,520732837,,,,,개봉1동
경인로38길,주거지 도로,37.4955616,126.8571382,37.4959595,126.8572358,37.49576055,126.857187,45.074582993409656,,,,249663054,,,,,개봉1동
개봉로23가길,주거지 도로,37.4955616,126.8571382,37.4952191,126.8579237,37.49539035,126.85753095,79.46402413665855,,,,249663056,,,,,개봉1동
개봉로23가길,주거지 도로,37.4955616,126.8571382,37.4958348,126.8565337,37.4956982,126.85683595,61.4202196550483,,,,249663056,,,,,개봉1동
고척로27가길,주거지 도로,37.5038193,126.847935,37.5039753,126.8483929,37.503897300000006,126.84816395,43.959628069391094,,,,249663421,,,,,고척2동
고척로27가길,주거지 도로,37.5038193,126.847935,37.5037269,126.8476493,37.5037731,126.84779215,27.21618626988353,,,,249663421,,,,,개봉1동
고척로31길,주거지 도로,37.5038193,126.847935,37.5045257,126.8475203,37.5041725,126.84772765,86.64888947863626,,,,249962175,,,,,고척2동
고척로31길,주거지 도로,37.5038193,126.847935,37.5035204,126.8480818,37.50366985,126.8480084,35.66985128865056,,,,249962175,,,,,고척2동
고척로33길,주거지 도로,37.5040775,126.8485281,37.504731,126.8481821,37.50440425,126.8483551,78.81557039959738,,,,249662834,,,True,,고척2동
고척로33길,주거지 도로,37.5040775,126.8485281,37.5042527,126.8487283,37.5041651,126.8486282,26.29451858905188,,,,250092779,,,,,고척2동
고척로27가길,주거지 도로,37.5040775,126.8485281,37.5039753,126.8483929,37.5040264,126.8484605,17.87618894191619,,,,249663421,,,,,고척2동
경인로47길,주거지 도로,37.5001007,126.8670053,37.500438,126.8666171,37.50026935,126.8668112,50.78854680214428,,,,249663425,,,True,,고척1동
경인로47길,주거지 도로,37.5001007,126.8670053,37.4996642,126.8675308,37.49988245,126.86726805,67.831303569049,,,,465796461,,,,,고척1동
중앙로8길,주거지 도로,37.50211,126.8627827,37.502333,126.8633577,37.502221500000005,126.8630702,56.47000727030458,,,,249663423,,,,,고척1동
중앙로8길,주거지 도로,37.5025792,126.8640536,37.502333,126.8633577,37.5024561,126.86370565,67.21582553720299,,,,249663423,,,,,고척1동
경인로47길,주거지 도로,37.5025792,126.8640536,37.5034812,126.8637824,37.5030302,126.863918,105.03391169848813,,,,465797961,,,,,고척1동
중앙로8길,주거지 도로,37.5025792,126.8640536,37.5029137,126.864336,37.50274645,126.8641948,44.782104700215385,,,,465797962,,,,,고척1동
경인로47길,주거지 도로,37.5025792,126.8640536,37.5020431,126.8645069,37.50231115,126.86428025,72.06749547582976,,,,679003907,,,,,고척1동
중앙로8길,주거지 도로,37.502333,126.8633577,37.5025792,126.8640536,37.5024561,126.86370565,67.21582553720299,,,,249663423,,,,,고척1동
중앙로8길,주거지 도로,37.502333,126.8633577,37.50211,126.8627827,37.502221500000005,126.8630702,56.47000727030458,,,,249663423,,,,,고척1동
중앙로8길,주거지 도로,37.502333,126.8633577,37.5016455,126.8646329,37.50198925,126.8639953,136.00875176381032,,,,799721507,,,,,고척1동
중앙로6길,주거지 도로,37.5016455,126.8646329,37.5017433,126.8647992,37.501694400000005,126.86471605,18.261335598952964,,,,249663426,,,,,고척1동
중앙로6길,주거지 도로,37.5016455,126.8646329,37.5005398,126.8642407,37.50109265,126.8644368,127.72370806083931,,,,249663426,,,,,고척1동
중앙로8길,주거지 도로,37.5016455,126.8646329,37.502333,126.8633577,37.50198925,126.8639953,136.00875176381032,,,,799721507,,,,,고척1동
중앙로6길,주거지 도로,37.5005398,126.8642407,37.5006279,126.8636431,37.50058385,126.8639419,53.62053023005156,,,,249663422,,,,,고척1동
중앙로6길,주거지 도로,37.5005398,126.8642407,37.5002014,126.8664673,37.5003706,126.865354,199.99470996421297,,,,249663422,,,,,고척1동
중앙로6길,주거지 도로,37.5005398,126.8642407,37.5016455,126.8646329,37.50109265,126.8644368,127.72370806083931,,,,249663426,,,,,고척1동
중앙로6길,주거지 도로,37.500438,126.8666171,37.5002014,126.8664673,37.500319700000006,126.8665422,29.44117712804859,,,,249663427,,,,,고척1동
경인로47길,주거지 도로,37.500438,126.8666171,37.5013209,126.8654161,37.50087945,126.8660166,144.52832565066558,,,,679003907,,,,,고척1동
중앙로6길,주거지 도로,37.5017433,126.8647992,37.5016455,126.8646329,37.501694400000005,126.86471605,18.261335598952964,,,,249663426,,,,,고척1동
경인로47길,주거지 도로,37.5017433,126.8647992,37.5020431,126.8645069,37.5018932,126.86465305,42.14478736312996,,,,679003907,,,,,고척1동
경인로47길,주거지 도로,37.5017433,126.8647992,37.5013209,126.8654161,37.501532100000006,126.86510765,71.88647681383785,,,,679003907,,,,,고척1동
경인로47길,주거지 도로,37.5002014,126.8664673,37.500438,126.8666171,37.500319700000006,126.8665422,29.44117712804859,,,,249663427,,,,,고척1동
중앙로6길,주거지 도로,37.5002014,126.8664673,37.5005398,126.8642407,37.5003706,126.865354,199.99470996421292,,,,249663422,,,,,고척1동
중앙로6길,주거지 도로,37.5002014,126.8664673,37.5001007,126.8670053,37.50015105,126.8667363,48.768120494306395,,,,679003908,,,True,,고척1동
경인로47다길,주거지 도로,37.5034812,126.8637824,37.5036415,126.8644714,37.50356135,126.8641269,63.33841273191953,,,,249965925,,,,,고척1동
경인로47길,주거지 도로,37.5034812,126.8637824,37.5038223,126.8635945,37.50365175,126.86368845,41.39224513684767,,,,465797961,,,,,고척1동
경인로47길,주거지 도로,37.5034812,126.8637824,37.5025792,126.8640536,37.5030302,126.863918,105.03391169848813,,,,465797961,,,,,고척1동
경인로47길,주거지 도로,37.5042392,126.8633647,37.5038223,126.8635945,37.50403075,126.8634796,50.59558430533168,,,,465797961,,,,,고척1동
경인로47길,주거지 도로,37.5042392,126.8633647,37.5043235,126.8631807,37.50428135,126.8632727,18.743327466616098,,,,520805739,,,,,고척1동
경인로47길,주거지 도로,37.5042392,126.8633647,37.5049834,126.8635679,37.5046113,126.8634663,84.9058368930319,,,,250076000,,,,,고척1동
중앙로,주거지 도로,37.5043235,126.8631807,37.5035226,126.8619632,37.50392305,126.86257195,139.5186140703787,,,,249663429,,,,,고척1동
경인로47길,주거지 도로,37.5043235,126.8631807,37.5052869,126.8622035,37.5048052,126.8626921,137.5001664333376,,,,520805739,,,,,고척1동
경인로47길,주거지 도로,37.5043235,126.8631807,37.5042392,126.8633647,37.50428135,126.8632727,18.743327466616098,,,,520805739,,,,,고척1동
중앙로12길,주거지 도로,37.5052869,126.8622035,37.5053655,126.8623715,37.5053262,126.8622875,17.204678868553554,,,,250107489,,,,,고척2동
경인로47길,주거지 도로,37.5052869,126.8622035,37.5043235,126.8631807,37.5048052,126.8626921,137.5001664333376,,,,520805739,,,,,고척1동
중앙로12길,주거지 도로,37.5052869,126.8622035,37.5047571,126.8612469,37.505022,126.8617252,102.91910562695796,,,,250107489,,,,,고척1동
목동남로,주거지 도로,37.5070967,126.8609445,37.5064348,126.8613828,37.50676575,126.86116365,83.1367206885422,,,,465797963,,,,,고척2동
중앙로,주거지 도로,37.5035226,126.8619632,37.5043235,126.8631807,37.50392305,126.86257195,139.5186140703787,,,,249663429,,,,,고척1동
경인로46길,주거지 도로,37.4956055,126.8652193,37.4977456,126.8648063,37.496675550000006,126.8650128,240.75512066704331,,,,"[1258921411, 249663431]",,,,,고척1동
고척로37길,주거지 도로,37.5030614,126.8504651,37.5035542,126.8504911,37.5033078,126.8504781,54.84491461877491,,,,249664746,,,,,고척2동
고척로41가길,주거지 도로,37.5045433,126.850463,37.5045739,126.850563,37.5045586,126.850513,9.45464713199862,,,,249962168,,,,,고척2동
고척로37길,주거지 도로,37.5045433,126.850463,37.5040757,126.8505073,37.504309500000005,126.85048515,52.196111825078574,,,,249664746,,,,,고척2동
고척로41가길,주거지 도로,37.5045433,126.850463,37.504547,126.850122,37.50454515,126.8502925,31.536039013846477,,,,249962168,,,,,고척2동
고척로39길,주거지 도로,37.5046692,126.850874,37.505174,126.8507055,37.5049216,126.85078975,58.06588072870249,,,,249664748,,,,,고척2동
고척로41가길,주거지 도로,37.5046692,126.850874,37.5045739,126.850563,37.50462155,126.8507185,29.40929660637414,,,,249962168,,,,,고척2동
고척로41가길,주거지 도로,37.5046692,126.850874,37.5047031,126.8513242,37.50468615,126.8510991,39.89129552349199,,,,249962168,,,,,고척2동
고척로39길,주거지 도로,37.5046692,126.850874,37.5040685,126.8509951,37.504368850000006,126.85093455,67.88589024085161,,,,249664748,,,,,고척2동
고척로39길,주거지 도로,37.5054806,126.8506031,37.5052467,126.8506812,37.50536365,126.85064215,26.9054907245026,,,,249664748,,,,,고척2동
고척로39길,주거지 도로,37.5054806,126.8506031,37.5052207,126.8513492,37.50535065,126.85097615,71.87953129001434,,,,465801838,,,,,고척2동
고척로39길,주거지 도로,37.5054806,126.8506031,37.5054254,126.8502386,37.505453,126.85042085,32.73337228594769,,,,465801838,,,,,고척2동
"['고척로27다길', '고척로39길']",주거지 도로,37.5054806,126.8506031,37.5059542,126.8498497,37.505717399999995,126.8502264,103.34502451831034,,,,"[249664748, 465801053]",,,,,고척2동
고척로41길,주거지 도로,37.5052467,126.8506812,37.5050339,126.8512397,37.5051403,126.85096045,54.653672410015176,,,,249664747,,,,,고척2동
고척로39길,주거지 도로,37.5052467,126.8506812,37.505174,126.8507055,37.50521035,126.85069335,8.363243975054926,,,,249664748,,,,,고척2동
고척로39길,주거지 도로,37.5052467,126.8506812,37.5054806,126.8506031,37.50536365,126.85064215,26.9054907245026,,,,249664748,,,,,고척2동
고척로41가길,주거지 도로,37.5047031,126.8513242,37.5046692,126.850874,37.50468615,126.8510991,39.89129552349199,,,,249962168,,,,,고척2동
고척로41길,주거지 도로,37.5047031,126.8513242,37.5033744,126.8512816,37.50403875,126.8513029,153.18658156470931,,,,249664747,,,,,고척2동
고척로41길,주거지 도로,37.5047031,126.8513242,37.5050339,126.8512397,37.5048685,126.85128195,43.37722500475522,,,,249664747,,,,,고척2동
고척로39길,주거지 도로,37.5040685,126.8509951,37.5040757,126.8505073,37.5040721,126.8507512,43.03734866886575,,,,252891366,,,,,고척2동
고척로39길,주거지 도로,37.5040685,126.8509951,37.5032516,126.8509612,37.50366005,126.85097815,92.51122007998724,,,,249664748,,,,,고척2동
고척로39길,주거지 도로,37.5040685,126.8509951,37.5046692,126.850874,37.504368850000006,126.85093455,67.88589024085161,,,,249664748,,,,,고척2동
고척로39길,주거지 도로,37.5032516,126.8509612,37.5040685,126.8509951,37.50366005,126.85097815,92.51122007998724,,,,249664748,,,,,고척2동
고척로40길,주거지 도로,37.5032516,126.8509612,37.5025026,126.8510156,37.5028771,126.8509884,84.81896311803256,,,,250092766,,,,,고척2동
고척로33라길,주거지 도로,37.5071991,126.8491919,37.5069743,126.8485131,37.5070867,126.8488525,64.88427628058773,,,,249662841,,,,,고척2동
고척로33라길,주거지 도로,37.5071991,126.8491919,37.5074519,126.8499552,37.5073255,126.84957355,72.96183831928776,,,,249662841,,,,,고척2동
고척로27다길,주거지 도로,37.5071991,126.8491919,37.5065778,126.8495182,37.506888450000005,126.84935505,74.84144686711153,,,,249664750,,,,,고척2동
고척로27다길,주거지 도로,37.5062738,126.8496779,37.5059542,126.8498497,37.506114,126.8497638,38.63421791298256,,,,249664750,,,,,고척2동
고척로27다길,주거지 도로,37.5062738,126.8496779,37.5065778,126.8495182,37.5064258,126.84959805,36.62114394211951,,,,249664750,,,,,고척2동
고척로27다길,주거지 도로,37.5062738,126.8496779,37.50606,126.8490077,37.5061669,126.8493428,63.719186224995,,,,465801847,,,,,고척2동
고척로27다길,주거지 도로,37.5062738,126.8496779,37.5063805,126.8499772,37.50632715,126.84982755,28.944519836375928,,,,465801848,,,,,고척2동
고척로33라길,주거지 도로,37.5073062,126.8483336,37.5076622,126.8495329,37.5074842,126.84893325,112.95182862759754,,,,249664751,,,,,고척2동
고척로33라길,주거지 도로,37.5073062,126.8483336,37.5076149,126.8481666,37.507460550000005,126.8482501,37.35323807707276,,,,520805720,,,,,고척2동
고척로33라길,주거지 도로,37.5073062,126.8483336,37.5069743,126.8485131,37.507140250000006,126.84842335,40.15874197833874,,,,520805720,,,,,고척2동
고척로33라길,주거지 도로,37.5076622,126.8495329,37.5073062,126.8483336,37.5074842,126.84893325,112.95182862759754,,,,249664751,,,,,고척2동
고척로51길,주거지 도로,37.5076622,126.8495329,37.5078086,126.8495513,37.5077354,126.8495421,16.3596685619182,,,,520805721,,,,,고척2동
고척로51길,주거지 도로,37.5076622,126.8495329,37.5075288,126.8498597,37.5075955,126.8496963,33.11834785008045,,,,520805721,,,,,고척2동
고척로51길,주거지 도로,37.5078086,126.8495513,37.5079181,126.8495655,37.507863349999994,126.8495584,12.240117941082248,,,,520805721,,,,,고척2동
고척로51길,주거지 도로,37.5078086,126.8495513,37.5076622,126.8495329,37.5077354,126.8495421,16.3596685619182,,,,520805721,,,,,고척2동
고척로27바길,주거지 도로,37.5078086,126.8495513,37.5076149,126.8481666,37.50771175,126.84885895,125.38046313969524,,,,249662838,,,,,고척2동
고척로31길,주거지 도로,37.5024738,126.8489321,37.5031679,126.8482712,37.50282085,126.84860165,97.11619151919236,,,,249962175,,,,,고척2동
경인로,주거지 도로,37.4976999,126.852821,37.4962608,126.8516261,37.49698035,126.85222355,305.32702026639856,,,,249664754,,,,,개봉1동
경인로,주거지 도로,37.4962608,126.8516261,37.4976999,126.852821,37.49698035,126.85222355,305.32702026639856,,,,249664754,,,,,개봉1동
목동남로,주거지 도로,37.5104028,126.8671285,37.5099321,126.8683924,37.51016745,126.86776045,123.5685388821864,,,,249664755,,,,,신정7동
목동남로,주거지 도로,37.5099321,126.8683924,37.5104028,126.8671285,37.51016745,126.86776045,123.5685388821864,,,,249664755,,,,,신정7동
목동남로4길,주거지 도로,37.5099321,126.8683924,37.5105556,126.8690414,37.51024385,126.8687169,89.92805583045289,,,,249664756,,,,,신정7동
목동남로4길,주거지 도로,37.5099321,126.8683924,37.5095962,126.8680561,37.509764149999995,126.86822425,48.14633369348765,,,,249664756,,,,,신정7동
목동남로4길,주거지 도로,37.5111242,126.8696878,37.5107874,126.869305,37.5109558,126.8694964,50.42402563051304,,,,249664756,,,,,신정7동
중앙로14나길,주거지 도로,37.505523,126.8648985,37.5048154,126.8647447,37.5051692,126.8648216,80.34092428086745,,,,250075997,,,,,고척1동
목동남로2길,주거지 도로,37.505523,126.8648985,37.5067921,126.8626867,37.50615755,126.8637926,256.26669382968737,,,,465797955,,,,,신정7동
중앙로14나길,주거지 도로,37.505523,126.8648985,37.5053574,126.8666654,37.505440199999995,126.86578195,159.3790177985768,,,,465797957,,,,,고척1동
중앙로14가길,주거지 도로,37.5053574,126.8666654,37.5047605,126.8655653,37.505058950000006,126.86611535,135.34159751232687,,,,250075998,,,,,고척1동
안양천로539길,주거지 도로,37.5053574,126.8666654,37.5049266,126.8700353,37.505142,126.86835035,310.8814983135918,,,,250076003,,,,,신정7동
중앙로14나길,주거지 도로,37.5053574,126.8666654,37.505523,126.8648985,37.505440199999995,126.86578195,159.3790177985768,,,,465797957,,,,,고척1동
중앙로14길,주거지 도로,37.5083678,126.8641765,37.5067921,126.8626867,37.50757995,126.8634316,219.5820283291656,,,,250102625,,,,,신정7동
목동남로4길,주거지 도로,37.5086417,126.864689,37.5085511,126.8645196,37.5085964,126.8646043,18.02113967928258,,,,249664756,,,,,신정7동
목동남로4길,주거지 도로,37.5086417,126.864689,37.5087322,126.8643515,37.50868695,126.86452025,31.42461324697863,,,,908414887,,,,,신정7동
목동남로4길,주거지 도로,37.5086417,126.864689,37.508977,126.8659385,37.50880935,126.86531375,116.81713699991975,,,,249664756,,,,,신정7동
목동남로4길,주거지 도로,37.5086417,126.864689,37.5082173,126.8683778,37.5084295,126.8665334,564.3141868631586,,,,"[908414888, 249664759]",,,,,신정7동
목동남로4길,주거지 도로,37.5091354,126.866895,37.5093139,126.8673772,37.50922465,126.8671361,46.93623406980706,,,,249664756,,,,,신정7동
목동남로4길,주거지 도로,37.5091354,126.866895,37.5091132,126.8667609,37.5091243,126.86682795,12.083291768145276,,,,249664756,,,,,신정7동
목동남로4길,주거지 도로,37.5091354,126.866895,37.5089823,126.86695,37.50905885,126.8669225,17.701723629392113,,,,250107492,,,,,신정7동
고척로19길,주거지 도로,37.503686,126.8424406,37.5039082,126.8431569,37.5037971,126.84279875,67.84549731988062,,,,249665842,,,,,개봉1동
고척로21나길,주거지 도로,37.503686,126.8424406,37.5035857,126.8423418,37.50363585,126.8423912,14.15432395305643,,,,249665843,,,,,개봉1동
고척로21나길,주거지 도로,37.503686,126.8424406,37.5041528,126.8422126,37.5039194,126.8423266,55.66622130534728,,,,520732852,,,,,개봉1동
고척로21나길,주거지 도로,37.503686,126.8424406,37.5032498,126.8426536,37.5034679,126.8425471,52.01547091023567,,,,520732852,,,,,개봉1동
고척로19길,주거지 도로,37.5042247,126.8441772,37.5041855,126.844051,37.5042051,126.8441141,11.955288713082917,,,,249665842,,,,,개봉1동
고척로19길,주거지 도로,37.5042247,126.8441772,37.5047409,126.8439505,37.504482800000005,126.84406385,60.78270830636974,,,,520732849,,,,,개봉1동
고척로19길,주거지 도로,37.5042247,126.8441772,37.5034999,126.8444955,37.5038623,126.84433635,85.34517859407443,,,,520732849,,,,,개봉1동
고척로21나길,주거지 도로,37.5024773,126.8412496,37.5018816,126.8417627,37.50217945,126.84150615,80.2266537788141,,,,249665843,,,,,개봉1동
고척로21나길,주거지 도로,37.5024773,126.8412496,37.5035857,126.8423418,37.503031500000006,126.8417957,156.4381950110827,,,,249665843,,,,,개봉1동
고척로21나길,주거지 도로,37.5024773,126.8412496,37.502149,126.8409798,37.502313150000006,126.8411147,43.57855128469258,,,,465774963,,,,,개봉1동
고척로21나길,주거지 도로,37.5024773,126.8412496,37.5022971,126.8407166,37.5023872,126.8409831,54.66369730593631,,,,465774964,,,,,개봉1동
고척로21나길,주거지 도로,37.5018816,126.8417627,37.5019271,126.8419338,37.50190435,126.84184825,15.91892915085691,,,,249662852,,,,,개봉1동
고척로21나길,주거지 도로,37.5018816,126.8417627,37.5018421,126.8416141,37.50186185,126.8416884,13.824975931681378,,,,249662852,,,,,개봉1동
고척로21나길,주거지 도로,37.5018816,126.8417627,37.5024773,126.8412496,37.50217945,126.84150615,80.2266537788141,,,,249665843,,,,,개봉1동
고척로19길,주거지 도로,37.5021216,126.8451811,37.5028149,126.8448495,37.50246825,126.8450153,82.45468074549015,,,,249662851,,,,,개봉1동
고척로19길,주거지 도로,37.5021216,126.8451811,37.5019915,126.8452433,37.502056550000006,126.8452122,15.472091916211742,,,,249662851,,,,,개봉1동
고척로21가길,주거지 도로,37.5021216,126.8451811,37.5020225,126.8448721,37.50207205,126.8450266,29.401402689511727,,,,249665845,,,,,개봉1동
고척로21가길,주거지 도로,37.5021216,126.8451811,37.5022429,126.84556,37.50218225,126.84537055,36.04328538732293,,,,249665845,,,,,개봉1동
고척로21가길,주거지 도로,37.501574,126.8434738,37.5014981,126.8432098,37.50153605,126.8433418,24.770893448749952,,,,249665845,,,,,개봉1동
고척로21가길,주거지 도로,37.501574,126.8434738,37.5016414,126.843684,37.501607699999994,126.8435789,20.00010365549602,,,,249665845,,,,,개봉1동
고척로21가길,주거지 도로,37.501574,126.8434738,37.5022485,126.8431427,37.50191125,126.84330825,80.48766308348468,,,,465774951,,,,,개봉1동
고척로21가길,주거지 도로,37.5012855,126.8427836,37.5007799,126.8416345,37.5010327,126.84220905,119.5746481308602,,,,249665845,,,,,개봉1동
고척로21가길,주거지 도로,37.5012855,126.8427836,37.5014154,126.8429218,37.50135045,126.8428527,18.92998093755468,,,,249665845,,,,,개봉1동
고척로21가길,주거지 도로,37.5012855,126.8427836,37.500386,126.8427528,37.50083575,126.8427682,100.05687586731544,,,,465774952,,,,,개봉1동
고척로21가길,주거지 도로,37.500386,126.8427528,37.5012855,126.8427836,37.50083575,126.8427682,100.05687586731544,,,,465774952,,,,,개봉1동
고척로20길,주거지 도로,37.5002088,126.8461402,37.5000691,126.8462078,37.50013895,126.846174,16.639306694950754,,,,249665846,,,,,개봉1동
고척로20길,주거지 도로,37.5002088,126.8461402,37.5008146,126.8458243,37.5005117,126.84598225,72.89881540204938,,,,249665846,,,,,개봉1동
고척로18가길,주거지 도로,37.5002088,126.8461402,37.5000719,126.8456899,37.50014035,126.84591505,42.54088424690609,,,,465772804,,,,,개봉1동
고척로18가길,주거지 도로,37.5002088,126.8461402,37.5004223,126.8468415,37.50031555,126.84649085,66.26491703955452,,,,465772804,,,,,개봉1동
고척로20길,주거지 도로,37.4990074,126.8467212,37.4980956,126.8471899,37.498551500000005,126.84695555,109.4948718889107,,,,249665846,,,,,개봉1동
고척로20길,주거지 도로,37.4990074,126.8467212,37.4992955,126.8465866,37.49915145,126.8466539,34.165127320787015,,,,249665846,,,,,개봉1동
고척로18나길,주거지 도로,37.4990074,126.8467212,37.4992083,126.8473973,37.49910785,126.84705925,63.690407913468555,,,,249665849,,,,,개봉1동
고척로18나길,주거지 도로,37.4990074,126.8467212,37.4987284,126.8457771,37.4988679,126.84624915,88.87724578783906,,,,249665849,,,,,개봉1동
고척로20길,주거지 도로,37.4980956,126.8471899,37.4990074,126.8467212,37.498551500000005,126.84695555,109.4948718889107,,,,249665846,,,,,개봉1동
고척로22길,주거지 도로,37.4980956,126.8471899,37.4978562,126.8469813,37.4979759,126.8470856,32.36598417200343,,,,520732856,,,,,개봉1동
고척로22길,주거지 도로,37.4980956,126.8471899,37.4992083,126.8473973,37.49865195,126.8472936,131.5665485331485,,,,520732856,,,,,개봉1동
고척로18길,주거지 도로,37.499929,126.8452197,37.4996476,126.8453504,37.499788300000006,126.84528505,33.3470149661903,,,,249665848,,,,,개봉1동
고척로18가길,주거지 도로,37.499929,126.8452197,37.5000719,126.8456899,37.50000045,126.8454548,44.41896719640431,,,,465772804,,,,,개봉1동
고척로18가길,주거지 도로,37.499929,126.8452197,37.4997442,126.844612,37.4998366,126.84491585,57.41291375074858,,,,465772804,,,,,개봉1동
고척로18길,주거지 도로,37.499929,126.8452197,37.5009199,126.8447261,37.50042445,126.8449729,118.475309894941,,,,249665848,,,,,개봉1동
고척로18길,주거지 도로,37.4979954,126.8461173,37.4982825,126.845984,37.49813895,126.84605065,34.02113051194635,,,,249665848,,,,,개봉1동
고척로18길,주거지 도로,37.4979954,126.8461173,37.4978883,126.8462633,37.49794185,126.8461903,17.54193390263901,,,,465772811,,,,,오류1동
고척로18길,주거지 도로,37.4979954,126.8461173,37.4975311,126.8451665,37.497763250000006,126.8456419,98.70978075856664,,,,249665848,,,,,오류1동
고척로18길,주거지 도로,37.4987284,126.8457771,37.4996476,126.8453504,37.499188,126.84556375,108.92178793848784,,,,249665848,,,,,개봉1동
고척로18길,주거지 도로,37.4987284,126.8457771,37.4982825,126.845984,37.49850545,126.84588055,52.8347984318419,,,,249665848,,,,,개봉1동
고척로18나길,주거지 도로,37.4987284,126.8457771,37.4990074,126.8467212,37.4988679,126.84624915,88.87724578783906,,,,249665849,,,,,개봉1동
고척로16가길,주거지 도로,37.4987284,126.8457771,37.4986897,126.8453266,37.49870905,126.84555185,39.99976044275195,,,,249998697,,,,,개봉1동
고척로22길,주거지 도로,37.5015148,126.8464161,37.5004459,126.8469183,37.500980350000006,126.8466672,126.84445668529284,,,,249665852,,,,,개봉1동
고척로21길,주거지 도로,37.5015148,126.8464161,37.5018385,126.8462569,37.50167665,126.8463365,38.636592598374854,,,,520732854,,,,,개봉1동
고척로21길,주거지 도로,37.5051046,126.8446532,37.503773,126.8453066,37.5044388,126.8449799,158.89000885737784,,,,249665854,,,,,개봉1동
고척로21길,주거지 도로,37.5051046,126.8446532,37.506577,126.8439665,37.5058408,126.84430985,174.60963732067165,,,,249665854,,,,,신정3동
고척로21라길,주거지 도로,37.5051046,126.8446532,37.5047409,126.8439505,37.504922750000006,126.84430185,76.94363567252725,,,,250296105,,,,,개봉1동
고척로21라길,주거지 도로,37.5044116,126.8425043,37.5043887,126.8424189,37.504400149999995,126.8424616,7.952006101435331,,,,250296105,,,,,개봉1동
고척로19길,주거지 도로,37.5044116,126.8425043,37.5042796,126.8427372,37.50434559999999,126.84262075,25.24905066055263,,,,250296112,,,,,개봉1동
고척로21라길,주거지 도로,37.5044116,126.8425043,37.5047409,126.8439505,37.50457625,126.8432274,133.24838219366637,,,,250296105,,,,,개봉1동
고척로52길,주거지 도로,37.5022587,126.8560735,37.5019792,126.8559942,37.50211895,126.85603385,31.856578538616617,,,,465798228,,,,,개봉1동
고척로52라길,주거지 도로,37.5022587,126.8560735,37.5023669,126.8556029,37.5023128,126.8558382,43.22191431159371,,,,250073617,,,,,고척2동
고척로52길,주거지 도로,37.5022587,126.8560735,37.5035319,126.8564305,37.5028953,126.856252,145.0339563925108,,,,465798228,,,,,고척2동
고척로52마길,주거지 도로,37.5005656,126.8557268,37.5007512,126.8551574,37.500658400000006,126.8554421,54.30472654452703,,,,249675080,,,,,개봉1동
고척로52길,주거지 도로,37.5005656,126.8557268,37.5002177,126.8556827,37.50039165,126.85570475,38.879894749766166,,,,465798228,,,,,개봉1동
고척로52길,주거지 도로,37.5005656,126.8557268,37.5003908,126.8553303,37.5004782,126.85552855,40.015503318706635,,,,465798755,,,,,개봉1동
고척로52길,주거지 도로,37.5005656,126.8557268,37.5014173,126.8558349,37.50099145,126.85578085,95.18375346364546,,,,465798228,,,,,개봉1동
고척로52마길,주거지 도로,37.5014606,126.8529804,37.5013258,126.8533942,37.501393199999995,126.8531873,39.4611107942762,,,,249675080,,,,,고척2동
경인로35나길,주거지 도로,37.5014606,126.8529804,37.5014191,126.852837,37.50143985,126.8529087,13.465468146964383,,,,252231428,,,,,고척2동
"['경인로35다길', '고척로52마길']",주거지 도로,37.5014606,126.8529804,37.5026226,126.8527061,37.5020416,126.85284325,153.9521196544639,,,,"[249675080, 249962198]",,,,,고척2동
경인로33길,3차로,37.5011086,126.8508901,37.5007471,126.8510679,37.50092785,126.850979,43.14873294320497,,,,240327208,,,,,고척2동
경인로33길,3차로,37.5011086,126.8508901,37.5014016,126.850746,37.5012551,126.85081805,34.97224679685576,,,,240327208,,,,,고척2동
경인로35길,주거지 도로,37.5011086,126.8508901,37.5012674,126.8513913,37.501188,126.8511407,47.60928727062789,,,,249663035,,,,,고척2동
경인로33마길,주거지 도로,37.5011086,126.8508901,37.5010322,126.8506803,37.5010704,126.8507852,20.36427395594982,,,,249675185,,,,,고척2동
경인로35길,주거지 도로,37.5011086,126.8508901,37.5023839,126.8519027,37.50174625,126.8513964,170.4912981475959,,,,249675081,,,,,고척2동
경인로35길,주거지 도로,37.5023839,126.8519027,37.5027595,126.8516983,37.5025717,126.8518005,45.49086897960428,,,,465798600,,,,,고척2동
경인로35길,주거지 도로,37.5023839,126.8519027,37.5022653,126.8519673,37.502324599999994,126.851935,14.366311478963553,,,,465798600,,,,,고척2동
경인로35길,주거지 도로,37.5023839,126.8519027,37.5030326,126.8524016,37.50270825,126.85215215,101.8217767459916,,,,249675081,,,,,고척2동
경인로35길,주거지 도로,37.5023839,126.8519027,37.5011086,126.8508901,37.50174625,126.8513964,170.4912981475959,,,,249675081,,,,,고척2동
고척로30길,주거지 도로,37.5005631,126.8493929,37.5002674,126.8495408,37.50041525,126.84946685,35.37442241553208,,,,249663037,,,,,개봉1동
고척로30길,주거지 도로,37.5005631,126.8493929,37.5008145,126.8492651,37.5006888,126.849329,30.14224008316955,,,,249663037,,,,,개봉1동
경인로33마길,주거지 도로,37.5005631,126.8493929,37.5007666,126.8499515,37.50066485,126.8496722,54.224668276538296,,,,249675185,,,,,개봉1동
중앙로29길,주거지 도로,37.5175282,126.8540917,37.5173466,126.853338,37.517437400000006,126.85371485,69.50988440806896,,,,249677859,,,,,신정3동
중앙로29가길,주거지 도로,37.5183094,126.849791,37.5171798,126.8502856,37.5177446,126.8500383,132.96990062028536,,,,"[465792756, 249677860]",,,,,신정3동
중앙로29길,주거지 도로,37.516552,126.8505644,37.5159927,126.8485979,37.516272349999994,126.84958115,184.25811662220664,,,,249677859,,,,,신정3동
중앙로29길,주거지 도로,37.516552,126.8505644,37.5173466,126.853338,37.5169493,126.8519512,260.10830527491976,,,,249677859,,,,,신정3동
중앙로29길,주거지 도로,37.516552,126.8505644,37.5155313,126.8510052,37.51604165,126.8507848,119.97084517333644,,,,249677861,,,,,신정3동
중앙로29가길,주거지 도로,37.516552,126.8505644,37.5171798,126.8502856,37.5168659,126.850425,74.01381212253115,,,,465792756,,,,,신정3동
신월로20길,주거지 도로,37.5180279,126.8456441,37.5175303,126.846996,37.5177791,126.84632005,131.4450020940043,,,,249677862,,,,,신월2동
신월로20길,주거지 도로,37.5180279,126.8456441,37.5194397,126.844796,37.5187338,126.84522005,173.89395702540438,,,,249677862,,,,,신월6동
남부순환로83길,주거지 도로,37.5180279,126.8456441,37.5165285,126.8433556,37.5172782,126.84449985,272.3381543975879,,,,252231432,,,,,신월6동
신월로24길,주거지 도로,37.5180279,126.8456441,37.5194441,126.8467498,37.518736,126.84619695,185.2236098403397,,,,465787984,,,,,신월2동
신월로20길,주거지 도로,37.516976,126.8485021,37.5175303,126.846996,37.51725315,126.84774905,146.43601813034306,,,,249677862,,,,,신월2동
중앙로29길,주거지 도로,37.516976,126.8485021,37.5170632,126.8485069,37.5170196,126.8485045,9.705448706891088,,,,465787977,,,,,신정3동
중앙로29길,주거지 도로,37.516976,126.8485021,37.5159927,126.8485979,37.51648435,126.84855,111.18972873354028,,,,465787977,,,,,신정3동
남부순환로83길,주거지 도로,37.5156547,126.8409614,37.5154906,126.8403774,37.51557265,126.8406694,54.64456767162139,,,,252231432,,,,,신월6동
신월로10길,주거지 도로,37.5156547,126.8409614,37.5166989,126.8404988,37.5161768,126.8407301,123.06980902993496,,,,517213073,,,,,신월6동
신월로10길,주거지 도로,37.5156547,126.8409614,37.5145573,126.841437,37.515106,126.8411992,129.0341531847182,,,,517213073,,,,,신월6동
남부순환로83길,주거지 도로,37.5156547,126.8409614,37.5165285,126.8433556,37.5160916,126.8421585,233.46135952901724,,,,252231432,,,,,신월6동
신월로20길,주거지 도로,37.5194397,126.844796,37.5200577,126.8444247,37.5197487,126.84461035,76.12201479719081,,,,249677862,,,,,신월6동
남부순환로79길,주거지 도로,37.5194397,126.844796,37.5186631,126.8439071,37.519051399999995,126.84435155,116.6317923699932,,,,249677865,,,,,신월6동
남부순환로79길,주거지 도로,37.5194397,126.844796,37.5199439,126.8453677,37.5196918,126.84508185,75.40190159989527,,,,249677865,,,,,신월2동
신월로20길,주거지 도로,37.5194397,126.844796,37.5180279,126.8456441,37.5187338,126.84522005,173.89395702540438,,,,249677862,,,,,신월6동
신월로16길,주거지 도로,37.5175612,126.8426459,37.5183734,126.8422714,37.5179673,126.84245865,96.1629328597564,,,,377211689,,,,,신월6동
남부순환로79길,주거지 도로,37.5175612,126.8426459,37.5170458,126.8415552,37.5173035,126.84210055,113.34761266100584,,,,249677865,,,,,신월6동
남부순환로79길,주거지 도로,37.5175612,126.8426459,37.5186631,126.8439071,37.51811215,126.8432765,165.48476150833443,,,,249677865,,,,,신월6동
신월로16길,주거지 도로,37.5175612,126.8426459,37.5165285,126.8433556,37.517044850000005,126.84300075,133.43668945775545,,,,377211689,,,,,신월6동
남부순환로79길,주거지 도로,37.5166989,126.8404988,37.5165135,126.8399028,37.5166062,126.8402008,56.46368104590117,,,,249677865,,,,,신월6동
신월로10길,주거지 도로,37.5166989,126.8404988,37.5173133,126.840229,37.5170061,126.8403639,72.34370367069194,,,,517213073,,,,,신월6동
신월로10길,주거지 도로,37.5166989,126.8404988,37.5156547,126.8409614,37.5161768,126.8407301,123.06980902993496,,,,517213073,,,,,신월6동
남부순환로79길,주거지 도로,37.5166989,126.8404988,37.5170458,126.8415552,37.51687235,126.841027,100.84065154272326,,,,249677865,,,,,신월6동
오목로4길,주거지 도로,37.5208909,126.8411727,37.5209243,126.8418441,37.5209076,126.8415084,59.32865748484508,,,,249677868,,,,,신월4동
신월로15길,주거지 도로,37.5208909,126.8411727,37.5204796,126.8413522,37.52068525,126.84126245,48.39684555328656,,,,249677869,,,,,신월4동
오목로4길,주거지 도로,37.5208909,126.8411727,37.52157,126.8400039,37.52123045,126.8405883,150.7663677254194,,,,249677868,,,,,신월4동
신월로16길,주거지 도로,37.5183734,126.8422714,37.5175612,126.8426459,37.5179673,126.84245865,96.1629328597564,,,,377211689,,,,,신월6동
신월로15길,주거지 도로,37.5183734,126.8422714,37.5197179,126.8416846,37.51904565,126.841978,158.2059069350479,,,,249677869,,,,,신월4동
신월로,3차로,37.5183734,126.8422714,37.517683,126.8412536,37.5180282,126.8417625,118.55005733614848,,,,517213075,,6,,,신월4동
신월로,3차로,37.5183734,126.8422714,37.518757,126.8427976,37.5185652,126.8425345,63.032731425347095,,,,517213075,,6,,,신월6동
신월로15길,주거지 도로,37.5197179,126.8416846,37.5204796,126.8413522,37.52009875,126.8415184,89.6271523746805,,,,249677869,,,,,신월4동
신월로15길,주거지 도로,37.5197179,126.8416846,37.5183734,126.8422714,37.51904565,126.841978,158.2059069350479,,,,249677869,,,,,신월4동
남부순환로75길,주거지 도로,37.5197179,126.8416846,37.5191694,126.8394132,37.51944365,126.8405489,209.40386730164084,,,,249677872,,,,,신월4동
남부순환로75길,주거지 도로,37.5197179,126.8416846,37.51986,126.8423123,37.519788950000006,126.84199845,57.56995652068411,,,,249677872,,,,,신월4동
남부순환로85길,주거지 도로,37.5145573,126.841437,37.5147235,126.8419968,37.514640400000005,126.8417169,52.71948213426141,,,,249677873,,,,,신월6동
신월로10길,주거지 도로,37.5145573,126.841437,37.5156547,126.8409614,37.515106,126.8411992,129.0341531847182,,,,517213073,,,,,신월6동
"['남부순환로', '남부순환로85길']",주거지 도로,37.5145573,126.841437,37.5150195,126.8405632,37.5147884,126.8410001,130.02038945078817,,,,"[249677873, 624211589]",,,,,신월6동
신월로10길,주거지 도로,37.5145573,126.841437,37.5114361,126.8428911,37.5129967,126.84216405,370.16205640195113,,,,517213073,,,,,신정3동
신월로20길,주거지 도로,37.5175303,126.846996,37.516976,126.8485021,37.51725315,126.84774905,146.43601813034306,,,,249677862,,,,,신월2동
신월로20길,주거지 도로,37.5175303,126.846996,37.5180279,126.8456441,37.5177791,126.84632005,131.4450020940043,,,,249677862,,,,,신월2동
남부순환로85길,주거지 도로,37.5175303,126.846996,37.5147235,126.8419968,37.5161269,126.8444964,674.6048427969968,,,,249677877,,,,,신월6동
고척로21가길,주거지 도로,37.5007384,126.8416353,37.5007799,126.8416345,37.50075915,126.8416349,4.615135591836105,,,,249678032,,,,,개봉1동
개봉로24길,주거지 도로,37.4965538,126.8565397,37.4964921,126.857243,37.49652295,126.85689135,62.4973547840365,,,,249678033,,,,,개봉1동
경인로38길,주거지 도로,37.4964728,126.8573616,37.4959595,126.8572358,37.496216149999995,126.8572987,58.14542950233956,,,,249663054,,,,,개봉1동
경인로38길,주거지 도로,37.4964728,126.8573616,37.4966119,126.8573957,37.49654235,126.85737865,15.757077637356112,,,,249663054,,,,,개봉1동
개봉로24길,주거지 도로,37.4964728,126.8573616,37.4962921,126.8582102,37.49638245,126.8577859,77.51406225391688,,,,249678033,,,,,개봉1동
개봉로24길,주거지 도로,37.4964728,126.8573616,37.4964921,126.857243,37.49648245,126.8573023,10.680849701521163,,,,249678033,,,,,개봉1동
개봉로24길,주거지 도로,37.4961908,126.8586858,37.4962921,126.8582102,37.49624145,126.858448,43.4437834378354,,,,249678033,,,,,개봉1동
중앙로49길,주거지 도로,37.5223877,126.849817,37.5226635,126.8498606,37.5225256,126.8498388,30.907713216101747,,,,465783549,,,,,신월2동
신월로,3차로,37.5223877,126.849817,37.5224751,126.8476113,37.5224314,126.84871415,195.7593503607078,,,,517213075,,6,,,신정3동
신월로,3차로,37.5223877,126.849817,37.52227,126.85063,37.52232885,126.8502235,73.17318111254,,,,517213075,,6,,,신정3동
중앙로43길,주거지 도로,37.5173466,126.853338,37.517993,126.8530423,37.5176698,126.85319015,76.46160196521744,,,,249726134,,,,,신정3동
중앙로29길,주거지 도로,37.5173466,126.853338,37.516552,126.8505644,37.5169493,126.8519512,260.10830527491976,,,,249677859,,,,,신정3동
중앙로29길,주거지 도로,37.5173466,126.853338,37.5175282,126.8540917,37.517437400000006,126.85371485,69.50988440806896,,,,249677859,,,,,신정3동
중앙로23길,주거지 도로,37.5173466,126.853338,37.5159792,126.8539737,37.5166629,126.85365585,162.15845570105554,,,,250076098,,,,,신정3동
신월로,3차로,37.5220455,126.8510931,37.52227,126.85063,37.52215775,126.85086155,48.15715378945505,,,,517213075,,6,,,신정3동
신월로,3차로,37.5220455,126.8510931,37.5216381,126.8516815,37.5218418,126.8513873,68.88335845930999,,,,517213075,,6,,,신월2동
중앙로29길,주거지 도로,37.5221024,126.8467985,37.5212485,126.8479422,37.52167545,126.84737035,138.52453567715958,,,,249677879,,,,,신정3동
신월로,3차로,37.5221024,126.8467985,37.5214846,126.8460825,37.5217935,126.8464405,93.3084477965001,,,,517213075,,6,,,신월2동
신월로,3차로,37.5221024,126.8467985,37.5224751,126.8476113,37.52228875,126.8472049,84.59256999531351,,,,517213075,,6,,,신정3동
중앙로29길,주거지 도로,37.5170632,126.8485069,37.516976,126.8485021,37.5170196,126.8485045,9.705448706891088,,,,465787977,,,,,신정3동
중앙로29길,주거지 도로,37.5170632,126.8485069,37.5212485,126.8479422,37.51915585,126.84822455,493.6610392438638,,,,"[465787977, 249677879]",,,,,신월2동
신월로24길,주거지 도로,37.5198444,126.8470704,37.5194441,126.8467498,37.51964425,126.8469101,52.73267873435216,,,,465787984,,,,,신월2동
신월로22길,주거지 도로,37.5198444,126.8470704,37.5203626,126.8458424,37.5201035,126.8464564,127.59486948705728,,,,249726143,,,,,신월2동
신월로24길,주거지 도로,37.5198444,126.8470704,37.5206959,126.8471611,37.52027015,126.84711575,95.01990892147708,,,,465787984,,,,,신월2동
중앙로52길,주거지 도로,37.5251538,126.8503443,37.5253791,126.8510233,37.52526645,126.8506838,64.90853161242103,,,,280799106,,,,,신정4동
중앙로51길,주거지 도로,37.5251538,126.8503443,37.5250415,126.8494564,37.52509765,126.84990035,81.49812189681407,,,,249726158,,,,,신월2동
중앙로51길,주거지 도로,37.5250415,126.8494564,37.5247489,126.8486485,37.5248952,126.84905245,78.32412334412611,,,,249726158,,,,,신월2동
중앙로51길,주거지 도로,37.5250415,126.8494564,37.5251538,126.8503443,37.52509765,126.84990035,81.49812189681407,,,,249726158,,,,,신월2동
중앙로51길,주거지 도로,37.5250415,126.8494564,37.5259002,126.8492187,37.525470850000005,126.84933755,97.84102009843085,,,,284187885,,,,,신월2동
중앙로51길,주거지 도로,37.5247489,126.8486485,37.5245712,126.8481628,37.524660049999994,126.84840565,47.17080218916059,,,,249726158,,,,,신월2동
중앙로51길,주거지 도로,37.5247489,126.8486485,37.5250415,126.8494564,37.5248952,126.84905245,78.32412334412611,,,,249726158,,,,,신월2동
중앙로51가길,주거지 도로,37.5245712,126.8481628,37.5256861,126.8478661,37.52512865,126.84801445,126.70250143763704,,,,249726147,,,,,신월2동
중앙로51길,주거지 도로,37.5245712,126.8481628,37.524486,126.8476351,37.5245286,126.84789895,47.49134602466737,,,,249726158,,,,,신월2동
중앙로51길,주거지 도로,37.5245712,126.8481628,37.5247489,126.8486485,37.524660049999994,126.84840565,47.17080218916059,,,,249726158,,,,,신월2동
중앙로51길,주거지 도로,37.524486,126.8476351,37.5243786,126.8470607,37.5244323,126.8473479,52.0439681562534,,,,249726158,,,,,신월2동
중앙로51길,주거지 도로,37.524486,126.8476351,37.5245712,126.8481628,37.5245286,126.84789895,47.49134602466737,,,,249726158,,,,,신월2동
중앙로51길,주거지 도로,37.524486,126.8476351,37.5255813,126.8473104,37.52503365,126.84747275,125.11281713516064,,,,465786254,,,,,신월2동
중앙로51길,주거지 도로,37.5243786,126.8470607,37.5242801,126.8465051,37.52432935,126.8467829,50.20663112148878,,,,249726158,,,,,신월2동
중앙로51길,주거지 도로,37.5243786,126.8470607,37.524486,126.8476351,37.5244323,126.8473479,52.0439681562534,,,,249726158,,,,,신월2동
오목로19길,주거지 도로,37.5243786,126.8470607,37.5254918,126.8467859,37.5249352,126.8469233,126.1323030104516,,,,465785556,,,,,신월2동
오목로19길,주거지 도로,37.5243786,126.8470607,37.5232801,126.8474383,37.52382935,126.8472495,127.0436479316979,,,,465785556,,,,,신월2동
오목로19길,주거지 도로,37.5232801,126.8474383,37.5243786,126.8470607,37.52382935,126.8472495,127.0436479316979,,,,465785556,,,,,신월2동
중앙로51가길,주거지 도로,37.5275988,126.847962,37.5270885,126.8480152,37.52734365,126.8479886,56.93646135416262,,,,249726147,,,,,신월2동
중앙로51가길,주거지 도로,37.5270885,126.8480152,37.5265567,126.8476343,37.5268226,126.84782475,68.00771559410134,,,,249726147,,,,,신월2동
중앙로51가길,주거지 도로,37.5270885,126.8480152,37.5275988,126.847962,37.52734365,126.8479886,56.93646135416262,,,,249726147,,,,,신월2동
중앙로57길,주거지 도로,37.5270885,126.8480152,37.5272612,126.8490527,37.527174849999994,126.84853395,93.58624584998869,,,,285493162,,,,,신월2동
중앙로57길,주거지 도로,37.5270885,126.8480152,37.5267737,126.8461451,37.5269311,126.84708015,168.5977677286989,,,,285493162,,,,,신월2동
중앙로51가길,주거지 도로,37.5265567,126.8476343,37.5256861,126.8478661,37.5261214,126.8477502,98.94111117154344,,,,249726147,,,,,신월2동
중앙로51가길,주거지 도로,37.5265567,126.8476343,37.5270885,126.8480152,37.5268226,126.84782475,68.00771559410134,,,,249726147,,,,,신월2동
중앙로55길,주거지 도로,37.5265567,126.8476343,37.5264613,126.8470671,37.526509,126.8473507,51.13140970740609,,,,249726148,,,,,신월2동
중앙로55길,주거지 도로,37.5265567,126.8476343,37.5266596,126.8482129,37.52660815,126.8479236,52.29133147017318,,,,249726148,,,,,신월2동
중앙로55길,주거지 도로,37.525839,126.8433693,37.5256301,126.8420609,37.52573455,126.8427151,117.6982611993202,,,,249726148,,,,,신월2동
중앙로55길,주거지 도로,37.525839,126.8433693,37.5259046,126.8437589,37.5258718,126.8435641,35.123227036350684,,,,249726148,,,,,신월2동
중앙로55길,주거지 도로,37.525839,126.8433693,37.5253892,126.8434968,37.5256141,126.84343305,51.2638108361797,,,,249726151,,,,,신월2동
중앙로55길,주거지 도로,37.525839,126.8433693,37.5262943,126.8432497,37.52606665,126.8433095,51.71408012742573,,,,465786253,,,,,신월2동
중앙로55길,주거지 도로,37.5256301,126.8420609,37.5255667,126.8410725,37.5255984,126.8415667,87.44839964718436,,,,249726148,,,,,신월2동
중앙로55길,주거지 도로,37.5256301,126.8420609,37.525839,126.8433693,37.52573455,126.8427151,117.6982611993202,,,,249726148,,,,,신월2동
오목로9길,주거지 도로,37.5256301,126.8420609,37.5251979,126.8421793,37.525414,126.8421201,49.17969473510325,,,,249726153,,,,,신월2동
오목로9길,주거지 도로,37.5267662,126.8431258,37.5262943,126.8432497,37.52653025,126.84318775,53.59844578138067,,,,249726150,,,,,신월2동
월정로6길,주거지 도로,37.5245781,126.8437267,37.5246954,126.8444723,37.52463675,126.8440995,67.03406540851242,,,,377211702,,,,,신월2동
월정로6길,주거지 도로,37.5245781,126.8437267,37.5249637,126.8436174,37.5247709,126.84367205,43.946908787891026,,,,465786252,,,,,신월2동
월정로6길,주거지 도로,37.5245781,126.8437267,37.5243777,126.8425189,37.5244779,126.8431228,108.81952742322434,,,,377211702,,,,,신월2동
오목로9길,주거지 도로,37.5243777,126.8425189,37.5236753,126.8429426,37.524026500000005,126.84273075,86.58132897158177,,,,249726153,,,,,신월2동
오목로9길,주거지 도로,37.5243777,126.8425189,37.5247286,126.8423154,37.52455315,126.84241715,42.94764267457441,,,,249726153,,,,,신월2동
월정로6길,주거지 도로,37.5243777,126.8425189,37.5245781,126.8437267,37.5244779,126.8431228,108.81952742322434,,,,377211702,,,,,신월2동
월정로6길,주거지 도로,37.5246954,126.8444723,37.5248238,126.8452099,37.5247596,126.8448411,66.59574254978475,,,,377211702,,,,,신월2동
월정로6길,주거지 도로,37.5246954,126.8444723,37.5245781,126.8437267,37.52463675,126.8440995,67.03406540851242,,,,377211702,,,,,신월2동
오목로11길,주거지 도로,37.5246954,126.8444723,37.5243308,126.8445748,37.5245131,126.84452355,41.53721360851816,,,,465786251,,,,,신월2동
중앙로51길,주거지 도로,37.5239721,126.8446756,37.5236753,126.8429426,37.5238237,126.8438091,156.35399189226845,,,,249726158,,,,,신월2동
중앙로51길,주거지 도로,37.5239721,126.8446756,37.5240961,126.8454296,37.5240341,126.8450526,67.90870539902532,,,,249726158,,,,,신월2동
오목로11길,주거지 도로,37.5239721,126.8446756,37.5235672,126.8447959,37.523769650000006,126.84473575,46.25596285075461,,,,465786251,,,,,신월2동
오목로11길,주거지 도로,37.5239721,126.8446756,37.5243308,126.8445748,37.524151450000005,126.8446252,40.86426983449233,,,,465786251,,,,,신월2동
오목로11길,주거지 도로,37.5227078,126.8450088,37.5231592,126.844897,37.5229335,126.8449529,51.152671517097104,,,,465786251,,,,,신월2동
중앙로55길,주거지 도로,37.5261845,126.8454224,37.5260914,126.8448691,37.52613795,126.84514575,49.87947767200884,,,,249726148,,,,,신월2동
중앙로55길,주거지 도로,37.5261845,126.8454224,37.5263277,126.8462734,37.5262561,126.8458479,76.71692408473719,,,,249726148,,,,,신월2동
오목로15길,주거지 도로,37.5261845,126.8454224,37.525741,126.8455391,37.52596275,126.84548075,50.37740451970827,,,,249726155,,,,,신월2동
오목로15길,주거지 도로,37.5241816,126.8459496,37.5252997,126.8456553,37.52474065,126.84580245,127.00728584242354,,,,249726155,,,,,신월2동
중앙로51길,주거지 도로,37.5241816,126.8459496,37.5240961,126.8454296,37.52413885,126.8456896,46.83313766042044,,,,249726158,,,,,신월2동
중앙로51길,주거지 도로,37.5241816,126.8459496,37.5242801,126.8465051,37.524230849999995,126.84622735,50.19808785880492,,,,249726158,,,,,신월2동
오목로15길,주거지 도로,37.5241816,126.8459496,37.5229969,126.8462712,37.52358925,126.8461104,134.7513124065337,,,,249726155,,,,,신월2동
오목로15길,주거지 도로,37.5229969,126.8462712,37.5241816,126.8459496,37.52358925,126.8461104,134.75131240653369,,,,249726155,,,,,신월2동
오목로9길,주거지 도로,37.5236753,126.8429426,37.5233035,126.8431669,37.5234894,126.84305475,45.8308874945436,,,,249726153,,,,,신월2동
오목로9길,주거지 도로,37.5236753,126.8429426,37.5243777,126.8425189,37.524026500000005,126.84273075,86.58132897158177,,,,249726153,,,,,신월2동
중앙로51길,주거지 도로,37.5236753,126.8429426,37.5239721,126.8446756,37.5238237,126.8438091,156.35399189226845,,,,249726158,,,,,신월2동
오리로17길,주거지 도로,37.4987728,126.8285568,37.4984599,126.8285691,37.49861635,126.82856295,34.80985794632944,,,,249727070,,,,,수궁동
오리로21길,주거지 도로,37.4987728,126.8285568,37.4987552,126.8281615,37.498763999999994,126.82835915,34.93080590539031,,,,249727073,,,,,수궁동
오리로21길,주거지 도로,37.4987728,126.8285568,37.4988061,126.8291305,37.49878945,126.82884365,50.75179810051268,,,,249727073,,,,,수궁동
오리로21길,주거지 도로,37.4986948,126.8275442,37.4985355,126.8271093,37.498615150000006,126.82732675,42.25796059592595,,,,249727073,,,,,수궁동
오리로21가길,주거지 도로,37.4986948,126.8275442,37.4990206,126.8273296,37.4988577,126.8274369,40.87577623489801,,,,249727075,,,,,수궁동
오리로21길,주거지 도로,37.4986948,126.8275442,37.4987321,126.8277445,37.49871345,126.82764435,18.165673277264126,,,,249727073,,,,,수궁동
오리로21길,주거지 도로,37.4985355,126.8271093,37.4986948,126.8275442,37.498615150000006,126.82732675,42.25796059592595,,,,249727073,,,,,수궁동
오리로21길,주거지 도로,37.4985355,126.8271093,37.4980735,126.8265463,37.4983045,126.8268278,71.84130522611181,,,,249727073,,,,,수궁동
오리로21길,주거지 도로,37.4985355,126.8271093,37.4980003,126.8272482,37.4982679,126.82717875,62.80611718736739,,,,465717147,,,,,수궁동
오리로21길,주거지 도로,37.4980735,126.8265463,37.4956745,126.8251937,37.496874,126.82587,306.6611902203703,,,,249727073,,,,,수궁동
오리로21길,주거지 도로,37.4980735,126.8265463,37.4985355,126.8271093,37.4983045,126.8268278,71.84130522611181,,,,249727073,,,,,수궁동
오리로17길,주거지 도로,37.4980735,126.8265463,37.4980003,126.8272482,37.4980369,126.82689725,63.335401306112715,,,,249855046,,,,,수궁동
부일로9길,주거지 도로,37.4971078,126.8220363,37.497737,126.821875,37.497422400000005,126.82195565,71.82556947549321,,,,520936071,,,,,수궁동
부일로9길,주거지 도로,37.4971078,126.8220363,37.497737,126.821875,37.497422400000005,126.82195565,156.94396345069947,,,,"[799721517, 250369015]",,,,,수궁동
부일로9길,주거지 도로,37.4971078,126.8220363,37.4969221,126.8231768,37.49701495,126.82260655,102.71250863796342,,,,520936071,,,,,수궁동
부일로9길,주거지 도로,37.4954724,126.8254343,37.4931915,126.827146,37.49433195,126.82629015,313.4258375815128,,,,249727069,,,,,수궁동
부일로7길,주거지 도로,37.4954724,126.8254343,37.4943001,126.824816,37.49488624999999,126.82512515,141.30734712261682,,,,249855050,,,,,수궁동
부일로9길,주거지 도로,37.4954724,126.8254343,37.4956745,126.8251937,37.495573449999995,126.825314,30.91227652181395,,,,520936072,,,,,수궁동
오리로17길,주거지 도로,37.4953453,126.8303215,37.4963141,126.8291598,37.4958297,126.82974065,187.5522995167125,,,,249727070,,,,,수궁동
부일로,3차로,37.4932024,126.8304752,37.4932038,126.8312419,37.4932031,126.83085855,67.64230241098323,,,,520936073,,,,,수궁동
부일로,주거지 도로,37.4932024,126.8304752,37.4948472,126.8290742,37.494024800000005,126.8297747,240.5728166102474,,,,249727071,30.0,,,,수궁동
부일로,3차로,37.4932024,126.8304752,37.4931915,126.827146,37.49319695,126.8288106,293.7230182039455,,,,520936073,,,,,수궁동
부일로,주거지 도로,37.4948472,126.8290742,37.4950085,126.8289888,37.49492785,126.8290315,19.453959803248942,,,,249727071,30.0,,,,수궁동
부일로,주거지 도로,37.4948472,126.8290742,37.4932024,126.8304752,37.494024800000005,126.8297747,240.57281661024743,,,,249727071,30.0,,,,수궁동
부일로,주거지 도로,37.4948472,126.8290742,37.4947468,126.8282646,37.494797000000005,126.8286694,88.90021618951292,,,,"[473365494, 473365486]",,,,,수궁동
오리로21길,주거지 도로,37.4956745,126.8251937,37.4980735,126.8265463,37.496874,126.82587,306.66119022037026,,,,249727073,,,,,수궁동
부일로9길,주거지 도로,37.4956745,126.8251937,37.4962785,126.8242506,37.4959765,126.82472215,106.92806409793384,,,,520936071,,,,,수궁동
부일로9길,주거지 도로,37.4956745,126.8251937,37.4954724,126.8254343,37.495573449999995,126.825314,30.91227652181395,,,,520936072,,,,,수궁동
오리로23길,주거지 도로,37.5007233,126.8290116,37.5008076,126.82877,37.50076545,126.8288908,23.283284870304986,,,,249727074,,,,,수궁동
오리로23길,주거지 도로,37.5008076,126.82877,37.5008818,126.8281884,37.5008447,126.8284792,51.965589955064935,,,,249727074,,,,,수궁동
오리로23길,주거지 도로,37.5008076,126.82877,37.5007233,126.8290116,37.50076545,126.8288908,23.283284870304986,,,,249727074,,,,,수궁동
오리로23길,주거지 도로,37.5008818,126.8281884,37.5008076,126.82877,37.5008447,126.8284792,51.965589955064935,,,,249727074,,,,,수궁동
오리로23길,주거지 도로,37.5008818,126.8281884,37.5003428,126.8273443,37.5006123,126.82776635,100.94158639383174,,,,249727074,,,,,수궁동
오리로23길,주거지 도로,37.5008818,126.8281884,37.5027837,126.8265863,37.501832750000005,126.82738735,262.3073640990655,,,,465717155,,,,,수궁동
오리로23길,주거지 도로,37.5002957,126.8271045,37.5003428,126.8273443,37.50031925,126.8272244,22.099620514856017,,,,249727074,,,,,수궁동
오리로21가길,주거지 도로,37.5002957,126.8271045,37.4997939,126.8271527,37.5000448,126.8271286,55.9594726567606,,,,249727075,,,,,수궁동
오리로21가길,주거지 도로,37.5002957,126.8271045,37.5020266,126.8250423,37.50116115,126.8260734,273.31162985354405,,,,465717150,,,,,수궁동
오리로21가길,주거지 도로,37.4992595,126.8271685,37.4992337,126.8271855,37.4992466,126.827177,3.237177122936499,,,,249727075,,,,,수궁동
오리로21가길,주거지 도로,37.4992595,126.8271685,37.4993641,126.8271808,37.4993118,126.82717465,11.681510662468748,,,,249727075,,,,,수궁동
오리로21가길,주거지 도로,37.4992595,126.8271685,37.4991306,126.8267143,37.49919505,126.8269414,42.5550004598458,,,,465717149,,,,,수궁동
오리로,주거지 도로,37.502472,126.8290625,37.5021342,126.829667,37.5023031,126.82936475,66.89179997289794,,,,249727076,,,,,수궁동
오리로22가길,주거지 도로,37.5005511,126.8296047,37.5013308,126.8296926,37.50094095,126.82964865,87.04487543364796,,,,465717152,,,,,수궁동
오리로22가길,주거지 도로,37.5005511,126.8296047,37.4999164,126.8298704,37.50023375,126.82973755,76.34036484739146,,,,465717152,,,,,수궁동
오리로22나길,주거지 도로,37.4999164,126.8298704,37.4999444,126.8303869,37.4999304,126.83012865,45.67036819137341,,,,249727080,,,,,수궁동
오리로22가길,주거지 도로,37.4999164,126.8298704,37.4989499,126.8299856,37.49943315,126.829928,119.60624543636472,,,,465717152,,,,,수궁동
오리로22가길,주거지 도로,37.4999164,126.8298704,37.5005511,126.8296047,37.50023375,126.82973755,76.34036484739146,,,,465717152,,,,,수궁동
오리로22길,주거지 도로,37.4989499,126.8299856,37.4989396,126.829671,37.49894475,126.8298283,27.77707945120428,,,,249727081,,,,,수궁동
오리로22길,주거지 도로,37.4989499,126.8299856,37.4988533,126.8304626,37.4989016,126.8302241,43.917615452186496,,,,249727081,,,,,수궁동
오리로22가길,주거지 도로,37.4989499,126.8299856,37.4999164,126.8298704,37.49943315,126.829928,119.6062454363647,,,,465717152,,,,,수궁동
부일로17길,주거지 도로,37.4989499,126.8299856,37.4986504,126.830065,37.49880015,126.8300253,34.03161390998917,,,,465721748,,,,,수궁동
오리로22길,주거지 도로,37.4989234,126.8291227,37.4989396,126.829671,37.4989315,126.82939685,48.40359917035225,,,,249727081,,,,,수궁동
오리로22길,주거지 도로,37.4989396,126.829671,37.4989499,126.8299856,37.49894475,126.8298283,27.77707945120428,,,,249727081,,,,,수궁동
오리로22길,주거지 도로,37.4989396,126.829671,37.4989234,126.8291227,37.4989315,126.82939685,48.40359917035225,,,,249727081,,,,,수궁동
부일로11길,주거지 도로,37.4989396,126.829671,37.4976921,126.8297889,37.49831585,126.82972995,139.1052583996141,,,,249727082,,,,,수궁동
부일로11길,주거지 도로,37.4976921,126.8297889,37.4989396,126.829671,37.49831585,126.82972995,139.1052583996141,,,,249727082,,,,,수궁동
오리로,주거지 도로,37.4976921,126.8297889,37.4977079,126.8302334,37.4977,126.83001115,39.252997256097046,,,,465721739,,,,,수궁동
오리로,주거지 도로,37.4976921,126.8297889,37.4976595,126.8292102,37.4976758,126.82949955,51.18129361174682,,,,465721739,,,,,수궁동
부일로11길,주거지 도로,37.4976921,126.8297889,37.4966975,126.8302071,37.4971948,126.829998,117.83153922177716,,,,249727082,,,,,수궁동
부일로11길,주거지 도로,37.4932122,126.8322128,37.4934973,126.8320498,37.49335475,126.8321313,34.81094680861953,,,,249727082,,,,,수궁동
부일로,3차로,37.4932122,126.8322128,37.4932164,126.8325114,37.493214300000005,126.8323621,26.348126466631346,,,,520936073,,,,,수궁동
부일로,3차로,37.4932122,126.8322128,37.4932059,126.8317628,37.49320905,126.8319878,39.707436035754135,,,,520936073,,,,,수궁동
오리로,주거지 도로,37.4951031,126.8304572,37.4952377,126.8310546,37.4951704,126.8307559,54.788170735389755,,,,249727083,,,,,수궁동
부일로11길,주거지 도로,37.4952377,126.8310546,37.494484,126.8314856,37.494860849999995,126.8312701,92.0302754051976,,,,249727082,,,,,수궁동
오리로,주거지 도로,37.4952377,126.8310546,37.4951031,126.8304572,37.4951704,126.8307559,54.788170735389755,,,,249727083,,,,,수궁동
부일로15길,주거지 도로,37.4952377,126.8310546,37.4953039,126.8315082,37.4952708,126.8312814,40.68915377273513,,,,249727084,,,,,수궁동
부일로11길,주거지 도로,37.4952377,126.8310546,37.4966975,126.8302071,37.4959676,126.83063085,178.71674635585134,,,,249727082,,,,,수궁동
부일로15길,주거지 도로,37.4949548,126.8322396,37.494723,126.8321797,37.494838900000005,126.83220965,26.311181709099017,,,,465721753,,,,,수궁동
부일로15길,주거지 도로,37.4949548,126.8322396,37.4942552,126.8333389,37.494605,126.83278925,130.53604277013062,,,,249727084,,,,,수궁동
부일로15길,주거지 도로,37.4949548,126.8322396,37.4953039,126.8315082,37.49512935,126.8318739,76.2465925393426,,,,249727084,,,,,수궁동
부일로15길,주거지 도로,37.4939863,126.8336931,37.4941825,126.8332763,37.494084400000006,126.8334847,42.75652630251875,,,,465721752,,,,,수궁동
부일로15길,주거지 도로,37.4939863,126.8336931,37.4936838,126.834083,37.49383505,126.83388805,48.30192976161822,,,,249727084,,,,,수궁동
부일로15길,주거지 도로,37.4939863,126.8336931,37.4942552,126.8333389,37.49412075,126.833516,43.68019165429939,,,,249727084,,,,,수궁동
부일로,3차로,37.4932417,126.8343256,37.493249,126.8348514,37.493245349999995,126.8345885,46.3957909373384,,,,520936073,,,,,수궁동
부일로,3차로,37.4932417,126.8343256,37.4932256,126.8331715,37.49323365,126.83374855,101.83619168494938,,,,520936073,,,,,수궁동
부일로15길,주거지 도로,37.4932417,126.8343256,37.4936548,126.8341022,37.49344825,126.8342139,50.026523719906166,,,,249727084,,,,,수궁동
신정로,주거지 도로,37.512705,126.8564524,37.5120789,126.8554161,37.512391949999994,126.85593425,120.80103856856772,,,,465792772,,,,,신정3동
고척로33라길,주거지 도로,37.5079223,126.8480343,37.5076149,126.8481666,37.5077686,126.84810045,36.11858779388735,,,,520805720,,,,,고척2동
고척로51길,주거지 도로,37.5079223,126.8480343,37.5078836,126.8469435,37.50790295,126.8474889,97.21679202643276,,,,520805719,,,,,고척2동
고척로51길,주거지 도로,37.5079223,126.8480343,37.5079181,126.8495655,37.5079202,126.8487999,148.40497182444315,,,,520805721,,,,,고척2동
고척로45길,주거지 도로,37.5040205,126.852967,37.5047914,126.8532028,37.504405950000006,126.8530849,97.08086323046147,,,,249662846,,,,,고척2동
고척로51길,주거지 도로,37.5074519,126.8499552,37.5075288,126.8498597,37.50749035,126.84990745,12.00331768573459,,,,520805721,,,,,고척2동
고척로33라길,주거지 도로,37.5074519,126.8499552,37.5071991,126.8491919,37.5073255,126.84957355,72.96183831928776,,,,249662841,,,,,고척2동
고척로51길,주거지 도로,37.5074519,126.8499552,37.5075333,126.8517677,37.5074926,126.85086145,163.3384102483797,,,,520805722,,,,,고척2동
고척로51길,주거지 도로,37.5075333,126.8517677,37.5069438,126.8531293,37.50723855,126.8524485,137.7356334296707,,,,249858015,,,,,고척2동
고척로51길,주거지 도로,37.5075333,126.8517677,37.5074519,126.8499552,37.5074926,126.85086145,163.33841024837972,,,,520805722,,,,,고척2동
고척로27바길,주거지 도로,37.5068353,126.8458733,37.5069787,126.8462766,37.506907,126.84607495,38.9847234332659,,,,249662838,,,,,고척2동
고척로27바길,주거지 도로,37.5068353,126.8458733,37.5066484,126.8453473,37.50674185,126.8456103,50.839709432956944,,,,249662838,,,,,개봉1동
고척로31길,주거지 도로,37.5068353,126.8458733,37.5062408,126.8463006,37.50653805,126.84608695,76.18899811275563,,,,249962175,,,,,개봉1동
신정로14길,주거지 도로,37.5086364,126.8447486,37.5073322,126.8449508,37.5079843,126.8448497,158.48955134001332,,,,152975932,,,,,신정3동
신정로14길,주거지 도로,37.5086364,126.8447486,37.509529,126.843841,37.5090827,126.8442948,133.60500288044514,,,,152975932,,,,,신정3동
신정로14길,주거지 도로,37.5086364,126.8447486,37.5108763,126.8478621,37.50975635,126.84630535,476.7017420741911,,,,152976110,,,,,신정3동
신정로,주거지 도로,37.5104197,126.8464994,37.511053,126.8462196,37.51073635,126.8463595,74.61927182124865,,,,109230760,,,,,신정3동
신월로10길,주거지 도로,37.5114361,126.8428911,37.5109404,126.8431422,37.51118825,126.84301665,59.40270218912184,,,,517213073,,,,,신정3동
신월로10길,주거지 도로,37.5114361,126.8428911,37.5145573,126.841437,37.5129967,126.84216405,370.16205640195113,,,,517213073,,,,,신정3동
중앙로15길,주거지 도로,37.5066844,126.8560349,37.5066907,126.8559736,37.506687549999995,126.85600425,5.45240668710094,,,,520805723,,,,,고척2동
고척로55길,주거지 도로,37.5066844,126.8560349,37.5060178,126.8557452,37.5063511,126.85589005,81.75357128955716,,,,249853989,,,,,고척2동
중앙로15길,주거지 도로,37.5066844,126.8560349,37.5064819,126.8583186,37.50658315,126.85717675,202.8909514596491,,,,520805723,,,,,고척2동
고척로55길,주거지 도로,37.5060178,126.8557452,37.5063467,126.8551562,37.50618225,126.8554507,63.53652760578041,,,,249962209,,,,,고척2동
고척로55길,주거지 도로,37.5060178,126.8557452,37.5058869,126.8559124,37.50595235,126.8558288,20.721607817265102,,,,249962209,,,,,고척2동
고척로55길,주거지 도로,37.5060178,126.8557452,37.5066844,126.8560349,37.5063511,126.85589005,81.75357128955717,,,,249853989,,,,,고척2동
고척로55길,주거지 도로,37.5054989,126.8568241,37.5058869,126.8559124,37.5056929,126.85636825,94.396562789493,,,,249962209,,,,,고척2동
"['경서로7가길', '경서로1가길']",주거지 도로,37.501604,126.8571138,37.5001159,126.8565546,37.50085995,126.8568342,191.60446299958187,,,,"[249853992, 252231768]",,,,,고척1동
경서로7가길,주거지 도로,37.501604,126.8571138,37.502056,126.8574465,37.50183,126.85728015,61.34217791339627,,,,249853992,,,,,고척1동
경서로5길,주거지 도로,37.501604,126.8571138,37.5015731,126.8581508,37.50158855,126.8576323,126.57177674439698,,,,249853996,,,,,고척1동
경서로3길,주거지 도로,37.5001159,126.8565546,37.5002177,126.8556827,37.5001668,126.85611865,77.74471048632137,,,,250092776,,,,,고척1동
경서로3길,주거지 도로,37.5001159,126.8565546,37.4998895,126.8573185,37.5000027,126.85693655,72.33181891862895,,,,250092776,,,,,고척1동
경서로1가길,주거지 도로,37.5001159,126.8565546,37.498808,126.8564483,37.49946195,126.85650145,152.35298258455254,,,,252231768,,,,,고척1동
"['경서로7가길', '경서로1가길']",주거지 도로,37.5001159,126.8565546,37.501604,126.8571138,37.50085995,126.8568342,191.60446299958187,,,,"[252231768, 249853992]",,,,,고척1동
"['경서로7가길', '경서로1가길']",주거지 도로,37.4998895,126.8573185,37.4991544,126.8596558,37.49952195,126.85848715,221.80178391211123,,,,1236411319,,,,,고척1동
경서로3길,주거지 도로,37.4998895,126.8573185,37.5001159,126.8565546,37.5000027,126.85693655,72.33181891862895,,,,250092776,,,,,고척1동
경서로7가길,주거지 도로,37.5027791,126.8581095,37.502393,126.857765,37.50258605,126.85793725,52.599684053159535,,,,249853992,,,,,고척1동
경서로7길,주거지 도로,37.5027791,126.8581095,37.5032382,126.8574095,37.50300865,126.8577595,80.1305212183099,,,,240327644,60.0,,,,고척1동
경서로7길,주거지 도로,37.5027791,126.8581095,37.5019821,126.8591157,37.502380599999995,126.8586126,125.44501755844315,,,,240327644,60.0,,,,고척1동
경서로7가길,주거지 도로,37.502393,126.857765,37.502056,126.8574465,37.5022245,126.85760575,46.83595979697824,,,,249853992,,,,,고척1동
경서로7가길,주거지 도로,37.502393,126.857765,37.5027791,126.8581095,37.50258605,126.85793725,52.599684053159535,,,,249853992,,,,,고척1동
경서로7가길,주거지 도로,37.502393,126.857765,37.5020875,126.8582076,37.50224025,126.8579863,51.75302538191595,,,,249853997,,,,,고척1동
경서로7가길,주거지 도로,37.502056,126.8574465,37.502393,126.857765,37.5022245,126.85760575,46.83595979697824,,,,249853992,,,,,고척1동
경서로5길,주거지 도로,37.502056,126.8574465,37.5016018,126.858109,37.50182890000001,126.85777775,77.24144544728023,,,,249853995,,,,,고척1동
경서로7가길,주거지 도로,37.502056,126.8574465,37.501604,126.8571138,37.50183,126.85728015,61.34217791339627,,,,249853992,,,,,고척1동
경서로5길,주거지 도로,37.5015731,126.8581508,37.5013165,126.8585723,37.5014448,126.85836155,46.86863473773067,,,,249853995,,,,,고척1동
경서로5길,주거지 도로,37.5015731,126.8581508,37.5016018,126.858109,37.50158745,126.8581299,4.87660201577496,,,,249853995,,,,,고척1동
경서로5길,주거지 도로,37.5015731,126.8581508,37.501604,126.8571138,37.50158855,126.8576323,126.57177674439698,,,,249853996,,,,,고척1동
경서로5길,주거지 도로,37.5013165,126.8585723,37.5015731,126.8581508,37.5014448,126.85836155,46.86863473773067,,,,249853995,,,,,고척1동
경서로5길,주거지 도로,37.5016018,126.858109,37.5015731,126.8581508,37.50158745,126.8581299,4.87660201577496,,,,249853995,,,,,고척1동
경서로5길,주거지 도로,37.5016018,126.858109,37.502056,126.8574465,37.50182890000001,126.85777775,77.24144544728023,,,,249853995,,,,,고척1동
경서로7가길,주거지 도로,37.5016018,126.858109,37.5020875,126.8582076,37.50184465,126.8581583,67.19011734369164,,,,249853997,,,,,고척1동
오리로23길,주거지 도로,37.5003428,126.8273443,37.5002957,126.8271045,37.50031925,126.8272244,22.099620514856017,,,,249727074,,,,,수궁동
오리로23길,주거지 도로,37.5003428,126.8273443,37.5008818,126.8281884,37.5006123,126.82776635,100.94158639383171,,,,249727074,,,,,수궁동
오리로17길,주거지 도로,37.4980593,126.8277458,37.4980003,126.8272482,37.4980298,126.827497,44.385457205872285,,,,249855046,,,,,수궁동
오리로17길,주거지 도로,37.4980593,126.8277458,37.4986653,126.8277519,37.4983623,126.82774885,67.38636949671934,,,,465717146,,,,,수궁동
오리로17길,주거지 도로,37.4980593,126.8277458,37.4982034,126.8285892,37.49813135,126.8281675,77.30811520592326,,,,249855046,,,,,수궁동
부일로7길,주거지 도로,37.4943001,126.824816,37.4929402,126.8247592,37.49362015,126.8247876,156.754418874449,,,,249855050,,,,,수궁동
부일로7길,주거지 도로,37.4943001,126.824816,37.4954724,126.8254343,37.49488624999999,126.82512515,141.30734712261685,,,,249855050,,,,,수궁동
부일로7길,주거지 도로,37.4929402,126.8247592,37.4943001,126.824816,37.49362015,126.8247876,156.754418874449,,,,249855050,,,,,수궁동
오리로,주거지 도로,37.5047634,126.8279152,37.5048315,126.8290968,37.50479745,126.828506,110.41002160732126,,,,249855053,,,,,수궁동
오리로22나길,주거지 도로,37.499971,126.8319348,37.499987,126.8311739,37.499979,126.83155435,67.14790095137799,,,,249727080,,,,,수궁동
고척로51길,주거지 도로,37.5075288,126.8498597,37.5074519,126.8499552,37.50749035,126.84990745,12.00331768573459,,,,520805721,,,,,고척2동
고척로51길,주거지 도로,37.5075288,126.8498597,37.5076622,126.8495329,37.5075955,126.8496963,33.11834785008045,,,,520805721,,,,,고척2동
고척로51길,주거지 도로,37.5075288,126.8498597,37.5079181,126.8495655,37.50772345,126.8497126,50.97354337324257,,,,910347436,,,,,고척2동
고척로51길,주거지 도로,37.5079181,126.8495655,37.5078086,126.8495513,37.507863349999994,126.8495584,12.240117941082248,,,,520805721,,,,,고척2동
고척로51길,주거지 도로,37.5079181,126.8495655,37.5079223,126.8480343,37.5079202,126.8487999,148.40497182444312,,,,520805721,,,,,고척2동
고척로51길,주거지 도로,37.5079181,126.8495655,37.5075288,126.8498597,37.50772345,126.8497126,50.97354337324257,,,,910347436,,,,,고척2동
고척로45길,주거지 도로,37.5047914,126.8532028,37.5040205,126.852967,37.504405950000006,126.8530849,97.08086323046147,,,,249662846,,,,,고척2동
고척로45길,주거지 도로,37.5047914,126.8532028,37.5050686,126.8534279,37.50493,126.85331535,36.68029142798371,,,,249662846,,,,,고척2동
고척로,주거지 도로,37.5047914,126.8532028,37.5042453,126.8535536,37.50451835,126.8533782,68.81884827474596,,,,250092777,,,,,고척2동
중앙로29길,주거지 도로,37.5155313,126.8510052,37.516552,126.8505644,37.51604165,126.8507848,119.97084517333644,,,,249677861,,,,,신정3동
중앙로25길,주거지 도로,37.5155313,126.8510052,37.5159792,126.8539737,37.51575525,126.85248945,267.1768474473375,,,,"[249677881, 465787133]",,,,,신정3동
"['중앙로25길', '중앙로29길']",주거지 도로,37.5155313,126.8510052,37.5159927,126.8485979,37.515761999999995,126.84980155,264.6504029706974,,,,"[465787977, 249677881]",,,,,신정3동
중앙로29길,주거지 도로,37.5159927,126.8485979,37.516552,126.8505644,37.516272349999994,126.84958115,184.25811662220664,,,,249677859,,,,,신정3동
"['중앙로25길', '중앙로29길']",주거지 도로,37.5159927,126.8485979,37.5155313,126.8510052,37.515761999999995,126.84980155,264.6504029706974,,,,"[465787977, 249677881]",,,,,신정3동
중앙로29길,주거지 도로,37.5159927,126.8485979,37.516976,126.8485021,37.51648435,126.84855,111.18972873354028,,,,465787977,,,,,신정3동
중앙로23길,주거지 도로,37.5159792,126.8539737,37.515547,126.8550145,37.5157631,126.8544941,120.78898255352765,,,,250076098,,,,,신정3동
중앙로23길,주거지 도로,37.5159792,126.8539737,37.5173466,126.853338,37.5166629,126.85365585,162.15845570105554,,,,250076098,,,,,신정3동
중앙로25길,주거지 도로,37.5159792,126.8539737,37.5155313,126.8510052,37.51575525,126.85248945,267.1768474473374,,,,"[249677881, 465787133]",,,,,신정3동
목동동로1길,3차로,37.5167809,126.856966,37.5188481,126.8559065,37.5178145,126.85643625,248.35721806453697,,,,37401840,,,,,신정1동
목동동로1길,3차로,37.5167809,126.856966,37.5142263,126.8574638,37.5155036,126.8572149,289.48654100891173,,,,37401840,,,,,신정1동
목동동로1길,주거지 도로,37.5167809,126.856966,37.5183118,126.8542011,37.51754635,126.85558355,401.53402271269624,,,,250076086,,,,,신정1동
고척로51길,주거지 도로,37.5069438,126.8531293,37.5075333,126.8517677,37.50723855,126.8524485,137.73563342967068,,,,249858015,,,,,고척2동
고척로51길,주거지 도로,37.5069438,126.8531293,37.5066999,126.8540194,37.50682185,126.85357435,83.25779001774471,,,,249858015,,,,,고척2동
고척로51길,주거지 도로,37.5069438,126.8531293,37.5072223,126.853563,37.507083050000006,126.85334615,51.3777701346132,,,,249962161,,,,,고척2동
중앙로15길,주거지 도로,37.5075313,126.8538613,37.5073268,126.8543232,37.50742905,126.85409225,46.65943177987251,,,,520805723,,,,,고척2동
고척로51길,주거지 도로,37.5075313,126.8538613,37.5072223,126.853563,37.5073768,126.85371215,43.50371027143541,,,,249962161,,,,,고척2동
중앙로15길,주거지 도로,37.5075313,126.8538613,37.5082066,126.8522829,37.50786895,126.8530721,158.21370052357682,,,,520805723,,,,,고척2동
고척로45길,주거지 도로,37.5072223,126.853563,37.5070745,126.8541392,37.507148400000005,126.8538511,53.4168084477375,,,,249962162,,,,,고척2동
고척로51길,주거지 도로,37.5072223,126.853563,37.5075313,126.8538613,37.5073768,126.85371215,43.50371027143541,,,,249962161,,,,,고척2동
고척로51길,주거지 도로,37.5072223,126.853563,37.5069438,126.8531293,37.507083050000006,126.85334615,51.3777701346132,,,,249962161,,,,,고척2동
고척로55길,주거지 도로,37.5064833,126.8554808,37.5063467,126.8551562,37.506415,126.8553185,32.41217476774827,,,,249663036,,,,,고척2동
중앙로15길,주거지 도로,37.5064833,126.8554808,37.5066907,126.8559736,37.506587,126.8557272,49.20819698914969,,,,465804863,,,,,고척2동
고척로47길,주거지 도로,37.5064833,126.8554808,37.506751,126.854868,37.50661715,126.8551744,61.70873110188425,,,,465804864,,,,,고척2동
고척로,주거지 도로,37.50448,126.8541659,37.5042133,126.8543191,37.50434665,126.8542425,32.58975251860029,,,,249962164,,,,,고척2동
고척로47길,주거지 도로,37.50448,126.8541659,37.5052155,126.8541881,37.50484775,126.854177,88.80782189553923,,,,249962165,,,,,고척2동
고척로52가길,주거지 도로,37.5038459,126.85453,37.5039587,126.8548356,37.5039023,126.8546828,29.73280589845007,,,,249663041,,,,,고척2동
고척로,주거지 도로,37.5038459,126.85453,37.5042133,126.8543191,37.5040296,126.85442455,44.88965291562411,,,,249962164,,,,,고척2동
고척로52가길,주거지 도로,37.5038459,126.85453,37.5035769,126.8538033,37.5037114,126.85416665,70.74019444609357,,,,249663041,,,,,고척2동
고척로51길,주거지 도로,37.5064908,126.8543772,37.5064244,126.8544824,37.506457600000005,126.8544298,11.858555830308708,,,,249858015,,,,,고척2동
고척로51길,주거지 도로,37.5064908,126.8543772,37.5066999,126.8540194,37.50659535,126.8541983,39.20568582451691,,,,249858015,,,,,고척2동
고척로47길,주거지 도로,37.5064908,126.8543772,37.5052155,126.8541881,37.50585315,126.85428265,147.85484183623697,,,,249962165,,,,,고척2동
고척로33길,주거지 도로,37.5038372,126.8486554,37.5040775,126.8485281,37.50395735,126.84859175,28.983926465977547,,,,249662834,,,True,,고척2동
"['고척로33나길', '고척로33가길']",주거지 도로,37.5038372,126.8486554,37.5038883,126.8497156,37.50386275,126.8491855,131.919577805886,,,,"[666023929, 249962167]",,,,,고척2동
고척로41가길,주거지 도로,37.504547,126.850122,37.5045416,126.8500488,37.504544300000006,126.8500854,6.484949118800592,,,,249962168,,,,,고척2동
고척로41가길,주거지 도로,37.504547,126.850122,37.5045433,126.850463,37.50454515,126.8502925,31.536039013846477,,,,249962168,,,,,고척2동
고척로39가길,주거지 도로,37.504547,126.850122,37.5051113,126.8504059,37.504829150000006,126.85026395,82.38616878721584,,,,465801598,,,,,고척2동
고척로41가길,주거지 도로,37.5045354,126.8499655,37.5045416,126.8500488,37.5045385,126.85000715,7.380298844348623,,,,249962168,,,,,고척2동
고척로33가길,주거지 도로,37.5045354,126.8499655,37.504503,126.8498911,37.5045192,126.8499283,7.486779571636102,,,,249965909,,,,,고척2동
고척로33가길,주거지 도로,37.5045354,126.8499655,37.5056062,126.8498041,37.5050708,126.8498848,120.47534989038569,,,,249965909,,,,,고척2동
고척로33가길,주거지 도로,37.5056062,126.8498041,37.5045354,126.8499655,37.5050708,126.8498848,120.47534989038569,,,,249965909,,,,,고척2동
고척로41가길,주거지 도로,37.5045739,126.850563,37.5045433,126.850463,37.5045586,126.850513,9.45464713199862,,,,249962168,,,,,고척2동
고척로41가길,주거지 도로,37.5045739,126.850563,37.5046692,126.850874,37.50462155,126.8507185,29.40929660637414,,,,249962168,,,,,고척2동
고척로41가길,주거지 도로,37.5045739,126.850563,37.5051113,126.8504059,37.5048426,126.85048445,61.34208896320933,,,,249962171,,,,,고척2동
고척로41가길,주거지 도로,37.5051113,126.8504059,37.5045739,126.850563,37.5048426,126.85048445,61.34208896320933,,,,249962171,,,,,고척2동
고척로39가길,주거지 도로,37.5051113,126.8504059,37.505174,126.8507055,37.50514265,126.8505557,27.33215131159483,,,,465801598,,,,,고척2동
고척로39가길,주거지 도로,37.5051113,126.8504059,37.504547,126.850122,37.504829150000006,126.85026395,82.38616878721584,,,,465801598,,,,,고척2동
고척로41가길,주거지 도로,37.5045416,126.8500488,37.5045354,126.8499655,37.5045385,126.85000715,7.380298844348623,,,,249962168,,,,,고척2동
고척로41가길,주거지 도로,37.5045416,126.8500488,37.504547,126.850122,37.504544300000006,126.8500854,6.484949118800592,,,,249962168,,,,,고척2동
고척로35길,주거지 도로,37.5045416,126.8500488,37.5039534,126.8501073,37.504247500000005,126.85007805,65.60820823302313,,,,249962172,,,,,고척2동
고척로35길,주거지 도로,37.5039534,126.8501073,37.5035964,126.8500339,37.5037749,126.8500706,40.22122136025356,,,,249962172,,,,,고척2동
고척로35길,주거지 도로,37.5039534,126.8501073,37.5045416,126.8500488,37.504247500000005,126.85007805,65.60820823302313,,,,249962172,,,,,고척2동
고척로37길,주거지 도로,37.5039534,126.8501073,37.5039485,126.8505091,37.50395095,126.8503082,35.44789904995421,,,,252891367,,,,,고척2동
고척로35길,주거지 도로,37.5035964,126.8500339,37.5039534,126.8501073,37.5037749,126.8500706,40.22122136025356,,,,249962172,,,,,고척2동
고척로37길,주거지 도로,37.5035964,126.8500339,37.5035869,126.8501363,37.50359165,126.8500851,9.094542688406682,,,,249965908,,,,,고척2동
고척로35길,주거지 도로,37.5035964,126.8500339,37.5027645,126.8496905,37.50318045,126.8498622,111.65031627722644,,,,249962172,,,,,고척2동
고척로31길,주거지 도로,37.5045257,126.8475203,37.5051232,126.8471675,37.50482445,126.8473439,73.36662832263056,,,,249962175,,,,,고척2동
고척로31길,주거지 도로,37.5045257,126.8475203,37.5038193,126.847935,37.5041725,126.84772765,86.64888947863626,,,,249962175,,,,,고척2동
고척로27나길,주거지 도로,37.5045257,126.8475203,37.5046231,126.8478342,37.5045744,126.84767725,29.73234733632829,,,,249962188,,,,,고척2동
고척로27나길,주거지 도로,37.5045257,126.8475203,37.5044261,126.8472102,37.5044759,126.84736525,29.511390679991187,,,,249962188,,,,,개봉1동
고척로31길,주거지 도로,37.5056316,126.8466555,37.5062408,126.8463006,37.5059362,126.84647805,74.6241372666692,,,,249962175,,,,,고척2동
고척로27라길,주거지 도로,37.5056316,126.8466555,37.5058261,126.8472557,37.50572885,126.8469556,57.19081820236478,,,,249962182,,,,,고척2동
고척로31길,주거지 도로,37.5056316,126.8466555,37.5051232,126.8471675,37.5053774,126.8469115,72.59626914816417,,,,249962175,,,,,고척2동
고척로27라길,주거지 도로,37.5056316,126.8466555,37.5053826,126.8459648,37.5055071,126.84631015,67.2099547833177,,,,249962182,,,,,개봉1동
고척로31길,주거지 도로,37.5062408,126.8463006,37.5056316,126.8466555,37.5059362,126.84647805,74.6241372666692,,,,249962175,,,,,고척2동
고척로27마길,주거지 도로,37.5062408,126.8463006,37.5063381,126.8466168,37.50628945,126.8464587,29.916765693078997,,,,249962186,,,,,고척2동
고척로27마길,주거지 도로,37.5062408,126.8463006,37.5060511,126.8456387,37.50614595,126.84596965,62.07956041333349,,,,249962186,,,,,개봉1동
고척로31길,주거지 도로,37.5062408,126.8463006,37.5068353,126.8458733,37.50653805,126.84608695,76.18899811275563,,,,249962175,,,,,개봉1동
고척로27바길,주거지 도로,37.5069787,126.8462766,37.5070941,126.8466013,37.5070364,126.84643895,31.384476173149864,,,,249662838,,,,,고척2동
고척로27바길,주거지 도로,37.5069787,126.8462766,37.5068353,126.8458733,37.506907,126.84607495,38.9847234332659,,,,249662838,,,,,고척2동
고척로27마길,주거지 도로,37.5069787,126.8462766,37.5063381,126.8466168,37.5066584,126.8464467,77.29463998904586,,,,249962177,,,,,고척2동
고척로27마길,주거지 도로,37.5063381,126.8466168,37.5060053,126.8467782,37.5061717,126.8466975,39.64993141812973,,,,249962177,,,,,고척2동
고척로27마길,주거지 도로,37.5063381,126.8466168,37.5069787,126.8462766,37.5066584,126.8464467,77.29463998904586,,,,249962177,,,,,고척2동
고척로27마길,주거지 도로,37.5063381,126.8466168,37.5064552,126.8469311,37.50639665,126.84677395,30.6296855407357,,,,249962186,,,,,고척2동
고척로27마길,주거지 도로,37.5063381,126.8466168,37.5062408,126.8463006,37.50628945,126.8464587,29.916765693078997,,,,249962186,,,,,고척2동
고척로27마길,주거지 도로,37.5060053,126.8467782,37.5063381,126.8466168,37.5061717,126.8466975,39.64993141812973,,,,249962177,,,,,고척2동
고척로27바길,주거지 도로,37.5070941,126.8466013,37.5069787,126.8462766,37.5070364,126.84643895,31.384476173149864,,,,249662838,,,,,고척2동
고척로27마길,주거지 도로,37.5070941,126.8466013,37.5064552,126.8469311,37.50677465,126.8467662,76.76814096284606,,,,249962179,,,,,고척2동
고척로27바길,주거지 도로,37.5070941,126.8466013,37.5072199,126.8469553,37.50715700000001,126.8467783,34.24152144416416,,,,249662838,,,,,고척2동
고척로27마길,주거지 도로,37.5058261,126.8472557,37.5064552,126.8469311,37.50614065,126.8470934,75.58597661111058,,,,249962179,,,,,고척2동
고척로27라길,주거지 도로,37.5058261,126.8472557,37.505935,126.8475739,37.50588055,126.8474148,30.569076980665045,,,,249962182,,,,,고척2동
고척로27라길,주거지 도로,37.5058261,126.8472557,37.5056316,126.8466555,37.50572885,126.8469556,57.19081820236478,,,,249962182,,,,,고척2동
고척로27다길,주거지 도로,37.505578,126.8486868,37.5061978,126.8483689,37.505887900000005,126.84852785,74.40524891190209,,,,249962180,,,,,고척2동
고척로27다길,주거지 도로,37.505578,126.8486868,37.5054769,126.8483618,37.50552745,126.8485243,30.793761057987723,,,,465801053,,,,,고척2동
고척로27다길,주거지 도로,37.505578,126.8486868,37.5056825,126.8490227,37.50563025,126.84885475,31.826874421265305,,,,465801053,,,,,고척2동
고척로27다길,주거지 도로,37.505578,126.8486868,37.505187,126.8488964,37.5053825,126.8487916,47.24526316887973,,,,465801844,,,,,고척2동
고척로27마길,주거지 도로,37.5068091,126.848056,37.5069743,126.8485131,37.5068917,126.84828455,44.307557089028585,,,,249962186,,,,,고척2동
고척로27마길,주거지 도로,37.5068091,126.848056,37.5067701,126.8479266,37.5067896,126.8479913,12.21028498625002,,,,249962186,,,,,고척2동
고척로33다길,주거지 도로,37.5068091,126.848056,37.5061978,126.8483689,37.50650345,126.84821245,73.36349463835296,,,,465801843,,,,,고척2동
고척로27길,주거지 도로,37.5053826,126.8459648,37.5048138,126.8462423,37.5050982,126.84610355,67.81945660930585,,,,249662835,,,,,개봉1동
고척로27길,주거지 도로,37.5053826,126.8459648,37.5055101,126.8459026,37.50544635,126.8459337,15.20203110355206,,,,249662835,,,,,개봉1동
고척로27라길,주거지 도로,37.5053826,126.8459648,37.5056316,126.8466555,37.5055071,126.84631015,67.2099547833177,,,,249962182,,,,,개봉1동
고척로33길,주거지 도로,37.505935,126.8475739,37.5065713,126.8472676,37.50625315,126.84742075,75.73673433159122,,,,249662834,,,True,,고척2동
고척로27라길,주거지 도로,37.505935,126.8475739,37.5058261,126.8472557,37.50588055,126.8474148,30.569076980665045,,,,249962182,,,,,고척2동
고척로33다길,주거지 도로,37.505935,126.8475739,37.5059975,126.847763,37.50596625,126.84766845,18.070343373939757,,,,249962183,,,,,고척2동
고척로27다길,주거지 도로,37.5065778,126.8495182,37.5062738,126.8496779,37.5064258,126.84959805,36.62114394211951,,,,249664750,,,,,고척2동
고척로33다길,주거지 도로,37.5065778,126.8495182,37.5063561,126.8488475,37.50646695,126.84918285,64.09260653452127,,,,249962183,,,,,고척2동
고척로27다길,주거지 도로,37.5065778,126.8495182,37.5071991,126.8491919,37.506888450000005,126.84935505,74.84144686711153,,,,249664750,,,,,고척2동
고척로25길,주거지 도로,37.5070112,126.8447193,37.5073322,126.8449508,37.5071717,126.84483505,41.12203962685945,,,,249662854,,,,,개봉1동
고척로27길,주거지 도로,37.5070112,126.8447193,37.5059309,126.845226,37.50647105,126.84497265,128.16977228414507,,,,249962185,,,,,개봉1동
고척로25길,주거지 도로,37.5070112,126.8447193,37.505826,126.8448661,37.5064186,126.8447927,140.9794436491657,,,,249662854,,,,,개봉1동
고척로27길,주거지 도로,37.5053756,126.8455068,37.5059309,126.845226,37.50565325,126.8453664,66.5294840096005,,,,249962185,,,,,개봉1동
고척로27길,주거지 도로,37.5053756,126.8455068,37.5055101,126.8459026,37.50544285,126.8457047,37.98214510916978,,,,250073622,,,,,개봉1동
고척로27길,주거지 도로,37.5053756,126.8455068,37.5053277,126.8453635,37.50535165,126.84543515,13.71690067685154,,,,250073622,,,,,개봉1동
고척로27길,주거지 도로,37.5060511,126.8456387,37.5055101,126.8459026,37.5057806,126.84577065,64.50353032125345,,,,249662835,,,,,개봉1동
고척로27길,주거지 도로,37.5060511,126.8456387,37.5066484,126.8453473,37.50634975,126.845493,71.21729183778348,,,,249662835,,,,,개봉1동
고척로27마길,주거지 도로,37.5060511,126.8456387,37.5062408,126.8463006,37.50614595,126.84596965,62.07956041333349,,,,249962186,,,,,개봉1동
고척로27길,주거지 도로,37.5060511,126.8456387,37.5059309,126.845226,37.505991,126.84543235,38.78026051224583,,,,465803879,,,,,개봉1동
고척로27마길,주거지 도로,37.5064552,126.8469311,37.5058261,126.8472557,37.50614065,126.8470934,75.58597661111058,,,,249962179,,,,,고척2동
고척로27마길,주거지 도로,37.5064552,126.8469311,37.5070941,126.8466013,37.50677465,126.8467662,76.76814096284606,,,,249962179,,,,,고척2동
고척로27마길,주거지 도로,37.5064552,126.8469311,37.5065713,126.8472676,37.50651325,126.84709935,32.368320220119166,,,,249962186,,,,,고척2동
고척로27마길,주거지 도로,37.5064552,126.8469311,37.5063381,126.8466168,37.50639665,126.84677395,30.6296855407357,,,,249962186,,,,,고척2동
고척로33길,주거지 도로,37.5065713,126.8472676,37.5072199,126.8469553,37.5068956,126.84711145,77.2031673765558,,,,249662834,,,True,,고척2동
고척로27마길,주거지 도로,37.5065713,126.8472676,37.5066221,126.8474359,37.5065967,126.84735175,15.883954160753715,,,,249962186,,,,,고척2동
고척로27마길,주거지 도로,37.5065713,126.8472676,37.5064552,126.8469311,37.50651325,126.84709935,32.368320220119166,,,,249962186,,,,,고척2동
고척로27길,주거지 도로,37.5042098,126.846537,37.504131,126.8465754,37.5041704,126.8465562,9.39413449591784,,,,249662835,,,,,개봉1동
고척로27길,주거지 도로,37.5042098,126.846537,37.5045676,126.8463624,37.5043887,126.8464497,42.66273445077758,,,,249662835,,,,,개봉1동
고척로27나길,주거지 도로,37.5042098,126.846537,37.5043393,126.8469399,37.50427455,126.84673845,38.3469267039685,,,,249962188,,,,,개봉1동
고척로33길,주거지 도로,37.504731,126.8481821,37.5053233,126.8478684,37.50502715,126.84802525,71.43794653958602,,,,249662834,,,True,,고척2동
고척로27나길,주거지 도로,37.504731,126.8481821,37.5046725,126.8479936,37.504701749999995,126.84808785,17.854956454230702,,,,249962188,,,,,고척2동
고척로49길,주거지 도로,37.5046827,126.8546947,37.5055521,126.855035,37.5051174,126.85486485,123.64571354401208,,,,249962189,,,,,고척2동
고척로47길,주거지 도로,37.5055521,126.855035,37.505688,126.8553939,37.505620050000005,126.85521445,35.08030409101781,,,,249962191,,,,,고척2동
고척로47길,주거지 도로,37.5055521,126.855035,37.5052155,126.8541881,37.5053838,126.85461155,83.55716073357104,,,,249962191,,,,,고척2동
고척로49길,주거지 도로,37.5055521,126.855035,37.5046827,126.8546947,37.5051174,126.85486485,123.64571354401208,,,,249962189,,,,,고척2동
고척로47길,주거지 도로,37.5052155,126.8541881,37.5055521,126.855035,37.5053838,126.85461155,83.55716073357104,,,,249962191,,,,,고척2동
고척로47길,주거지 도로,37.5052155,126.8541881,37.5064908,126.8543772,37.50585315,126.85428265,147.85484183623697,,,,249962165,,,,,고척2동
고척로47길,주거지 도로,37.5052155,126.8541881,37.50448,126.8541659,37.50484775,126.854177,88.80782189553923,,,,249962165,,,,,고척2동
고척로51길,주거지 도로,37.505688,126.8553939,37.505092,126.8557626,37.50539,126.85557825,73.822598020967,,,,249858015,,,,,고척2동
고척로47길,주거지 도로,37.505688,126.8553939,37.5058869,126.8559124,37.50578745,126.85565315,50.80372454103453,,,,249962191,,,,,고척2동
고척로47길,주거지 도로,37.505688,126.8553939,37.5055521,126.855035,37.505620050000005,126.85521445,35.08030409101781,,,,249962191,,,,,고척2동
고척로51길,주거지 도로,37.505688,126.8553939,37.5061946,126.8547947,37.5059413,126.8550943,77.89546004741666,,,,249858015,,,,,고척2동
고척로47길,주거지 도로,37.5058869,126.8559124,37.505688,126.8553939,37.50578745,126.85565315,50.80372454103453,,,,249962191,,,,,고척2동
고척로55길,주거지 도로,37.5058869,126.8559124,37.5060178,126.8557452,37.50595235,126.8558288,20.721607817265102,,,,249962209,,,,,고척2동
고척로55길,주거지 도로,37.5058869,126.8559124,37.5054989,126.8568241,37.5056929,126.85636825,94.396562789493,,,,249962209,,,,,고척2동
고척로52가길,주거지 도로,37.5039587,126.8548356,37.5038459,126.85453,37.5039023,126.8546828,29.73280589845007,,,,249663041,,,,,고척2동
고척로,주거지 도로,37.5039587,126.8548356,37.5045929,126.8544603,37.5042758,126.85464795,77.9041894210096,,,,249962192,,,,,고척2동
고척로52가길,주거지 도로,37.5039587,126.8548356,37.5042031,126.8554969,37.5040809,126.85516625,64.35432993215471,,,,249663041,,,,,고척2동
고척로,주거지 도로,37.5045929,126.8544603,37.5039587,126.8548356,37.5042758,126.85464795,77.9041894210096,,,,249962192,,,,,고척2동
고척로48길,주거지 도로,37.5045929,126.8544603,37.5042133,126.8543191,37.504403100000005,126.8543897,44.435972027078726,,,,249962194,,,,,고척2동
고척로,주거지 도로,37.5042133,126.8543191,37.5038459,126.85453,37.5040296,126.85442455,44.88965291562411,,,,249962164,,,,,고척2동
고척로,주거지 도로,37.5042133,126.8543191,37.50448,126.8541659,37.50434665,126.8542425,32.58975251860029,,,,249962164,,,,,고척2동
고척로48길,주거지 도로,37.5042133,126.8543191,37.5035769,126.8538033,37.5038951,126.8540612,85.08595762181965,,,,249962194,,,,,고척2동
고척로48길,주거지 도로,37.5042133,126.8543191,37.5045929,126.8544603,37.504403100000005,126.8543897,44.435972027078726,,,,249962194,,,,,고척2동
고척로52가길,주거지 도로,37.5035769,126.8538033,37.5038459,126.85453,37.5037114,126.85416665,70.74019444609357,,,,249663041,,,,,고척2동
고척로52가길,주거지 도로,37.5035769,126.8538033,37.5030326,126.8524016,37.50330475,126.85310245,137.66622830770956,,,,249663041,,,,,고척2동
고척로48길,주거지 도로,37.5035769,126.8538033,37.5032648,126.8537609,37.50342085,126.8537821,36.83900263630258,,,,249962194,,,,,고척2동
고척로48길,주거지 도로,37.5035769,126.8538033,37.5042133,126.8543191,37.5038951,126.8540612,85.08595762181965,,,,249962194,,,,,고척2동
고척로48길,주거지 도로,37.5027478,126.8541379,37.5031082,126.8538751,37.502928,126.8540065,46.29699007367648,,,,249962194,,,,,고척2동
경인로35다길,주거지 도로,37.5026226,126.8527061,37.5022653,126.8519673,37.50244395,126.8523367,76.327834540716,,,,249962197,,,,,고척2동
경인로35다길,주거지 도로,37.5026226,126.8527061,37.5031082,126.8538751,37.502865400000005,126.8532906,116.407416724377,,,,249962197,,,,,고척2동
"['경인로35다길', '고척로52마길']",주거지 도로,37.5026226,126.8527061,37.5014606,126.8529804,37.5020416,126.85284325,153.9521196544639,,,,"[249675080, 249962198]",,,,,고척2동
고척로48길,주거지 도로,37.5031082,126.8538751,37.5027478,126.8541379,37.502928,126.8540065,46.29699007367648,,,,249962194,,,,,고척2동
고척로48길,주거지 도로,37.5031082,126.8538751,37.5032648,126.8537609,37.5031865,126.853818,20.117213383599413,,,,249962194,,,,,고척2동
경인로35다길,주거지 도로,37.5031082,126.8538751,37.5026226,126.8527061,37.502865400000005,126.8532906,116.407416724377,,,,249962197,,,,,고척2동
경인로33길,3차로,37.5007471,126.8510679,37.500448,126.851215,37.500597549999995,126.85114145,35.700378385419725,,,,240327208,,,,,개봉1동
경인로33길,3차로,37.5007471,126.8510679,37.5011086,126.8508901,37.50092785,126.850979,43.14873294320497,,,,240327208,,,,,고척2동
경인로33라길,주거지 도로,37.5007471,126.8510679,37.5005231,126.8514722,37.5006351,126.85127005,45.73093582649422,,,,249962200,,,,,개봉1동
경인로33길,주거지 도로,37.4999637,126.852095,37.4998047,126.8515314,37.4998842,126.8518132,52.76911255608879,,,,249962201,,,,,개봉1동
경인로35길,주거지 도로,37.4999637,126.852095,37.5001089,126.8525052,37.500036300000005,126.8523001,39.6250863301156,,,,465800502,,,,,고척2동
경인로33라길,주거지 도로,37.4999637,126.852095,37.4994591,126.8527711,37.4997114,126.85243305,81.88772674874521,,,,465800504,,,,,고척2동
경인로33라길,주거지 도로,37.4999637,126.852095,37.5001742,126.851828,37.50006895,126.8519615,33.45554326201805,,,,249962200,,,,,개봉1동
경인로35가길,주거지 도로,37.4994591,126.8527711,37.4995617,126.8528996,37.499510400000005,126.85283535,16.08292405801393,,,,252891378,,,,,고척2동
경인로35가길,주거지 도로,37.4994591,126.8527711,37.4993141,126.8525824,37.4993866,126.85267675,23.174823453991525,,,,252891378,,,,,개봉1동
경인로33라길,주거지 도로,37.4994591,126.8527711,37.4999637,126.852095,37.4997114,126.85243305,81.88772674874521,,,,465800504,,,,,고척2동
경인로35길,주거지 도로,37.4995617,126.8528996,37.4995029,126.8529781,37.4995323,126.85293885,9.523952991274584,,,,249662861,,,,,개봉1동
경인로35가길,주거지 도로,37.4995617,126.8528996,37.4994591,126.8527711,37.499510400000005,126.85283535,16.08292405801393,,,,252891378,,,,,고척2동
경인로35길,주거지 도로,37.4995617,126.8528996,37.4997847,126.852679,37.4996732,126.8527893,31.57272332724328,,,,249662861,,,,,고척2동
경인로,주거지 도로,37.4978622,126.852714,37.4986226,126.8526379,37.498242399999995,126.85267595,91.79130088023612,,,,249962203,,,,,개봉1동
경인로33가길,주거지 도로,37.4986226,126.8526379,37.4985658,126.8528025,37.4985942,126.8527202,15.834888539889803,,,,249962204,,,,,개봉1동
경인로33가길,주거지 도로,37.4986226,126.8526379,37.498759,126.8521682,37.4986908,126.85240305,44.12483153008276,,,,249962204,,,,,개봉1동
경인로,주거지 도로,37.4986226,126.8526379,37.4978622,126.852714,37.498242399999995,126.85267595,91.79130088023614,,,,249962203,,,,,개봉1동
경인로33가길,주거지 도로,37.4988005,126.8520253,37.498759,126.8521682,37.49877975,126.85209675,13.424461658696154,,,,249962204,,,,,개봉1동
경인로33길,3차로,37.4988005,126.8520253,37.4979691,126.8524264,37.4983848,126.85222585,98.9880161065112,,,,520732846,,,,,개봉1동
경인로33길,3차로,37.4988005,126.8520253,37.4992415,126.8518084,37.499021,126.85191685,52.63801108918886,,,,520732846,,,,,개봉1동
경인로33가길,주거지 도로,37.4982935,126.8535907,37.4984517,126.8531327,37.4983726,126.8533617,44.067560610168655,,,,249962204,,,,,개봉1동
경인로35길,주거지 도로,37.4992655,126.8533217,37.4990413,126.8531574,37.4991534,126.85323955,28.83719982625099,,,,249962206,,,,,개봉1동
경인로35길,주거지 도로,37.4992655,126.8533217,37.5002402,126.8537983,37.49975285,126.85356,116.25124930187474,,,,249965918,,,,,개봉1동
경인로35길,주거지 도로,37.4992655,126.8533217,37.4995029,126.8529781,37.4993842,126.8531499,40.31586356175948,,,,249662861,,,,,개봉1동
경인로35길,주거지 도로,37.4992655,126.8533217,37.4991667,126.8535197,37.4992161,126.8534207,20.634944903781484,,,,249662861,,,,,개봉1동
경인로33가길,주거지 도로,37.4985658,126.8528025,37.4984517,126.8531327,37.49850875,126.8529676,31.772884726884744,,,,249962204,,,,,개봉1동
경인로33가길,주거지 도로,37.4985658,126.8528025,37.4986226,126.8526379,37.4985942,126.8527202,15.834888539889803,,,,249962204,,,,,개봉1동
경인로35길,주거지 도로,37.4985658,126.8528025,37.498775,126.8529603,37.4986704,126.8528814,27.109266538620872,,,,249962206,,,,,개봉1동
고척로47길,주거지 도로,37.5070218,126.8550968,37.506751,126.854868,37.5068864,126.8549824,36.24956290794281,,,,249962207,,,,,고척2동
중앙로15길,주거지 도로,37.5070218,126.8550968,37.5066907,126.8559736,37.50685625,126.8555352,85.6573695998386,,,,520805723,,,,,고척2동
중앙로15길,주거지 도로,37.5070218,126.8550968,37.5073268,126.8543232,37.5071743,126.85471,76.23205206333294,,,,520805723,,,,,고척2동
고척로47길,주거지 도로,37.506751,126.854868,37.5065876,126.854675,37.5066693,126.8547715,24.898823180864113,,,,249962207,,,,,고척2동
고척로47길,주거지 도로,37.506751,126.854868,37.5064833,126.8554808,37.50661715,126.8551744,61.70873110188425,,,,465804864,,,,,고척2동
고척로47길,주거지 도로,37.506751,126.854868,37.5070745,126.8541392,37.50691275,126.8545036,73.66629094439506,,,,465804864,,,,,고척2동
고척로47길,주거지 도로,37.506751,126.854868,37.5070218,126.8550968,37.5068864,126.8549824,36.24956290794281,,,,249962207,,,,,고척2동
고척로51길,주거지 도로,37.5064244,126.8544824,37.5064908,126.8543772,37.506457600000005,126.8544298,11.858555830308708,,,,249858015,,,,,고척2동
고척로47길,주거지 도로,37.5064244,126.8544824,37.5065876,126.854675,37.506506,126.8545787,24.85849757281248,,,,249962207,,,,,고척2동
고척로51길,주거지 도로,37.5064244,126.8544824,37.5061946,126.8547947,37.5063095,126.85463855,37.59352929438995,,,,249858015,,,,,고척2동
고척로55길,주거지 도로,37.5063467,126.8551562,37.5064833,126.8554808,37.506415,126.8553185,32.41217476774827,,,,249663036,,,,,고척2동
고척로55길,주거지 도로,37.5063467,126.8551562,37.5061946,126.8547947,37.506270650000005,126.85497545,36.09530932521858,,,,249663036,,,,,고척2동
고척로55길,주거지 도로,37.5063467,126.8551562,37.5065876,126.854675,37.506467150000006,126.8549156,50.19192657399163,,,,249962209,,,,,고척2동
고척로55길,주거지 도로,37.5063467,126.8551562,37.5060178,126.8557452,37.50618225,126.8554507,63.53652760578041,,,,249962209,,,,,고척2동
고척로47길,주거지 도로,37.5065876,126.854675,37.5064244,126.8544824,37.506506,126.8545787,24.85849757281248,,,,249962207,,,,,고척2동
고척로47길,주거지 도로,37.5065876,126.854675,37.506751,126.854868,37.5066693,126.8547715,24.898823180864113,,,,249962207,,,,,고척2동
고척로55길,주거지 도로,37.5065876,126.854675,37.5063467,126.8551562,37.506467150000006,126.8549156,50.19192657399163,,,,249962209,,,,,고척2동
고척로27바길,주거지 도로,37.507427,126.8475905,37.5076149,126.8481666,37.50752095,126.84787855,54.944304453545705,,,,249662838,,,,,고척2동
고척로27마길,주거지 도로,37.507427,126.8475905,37.5067701,126.8479266,37.507098549999995,126.84775855,78.83129259060223,,,,249962222,,,,,고척2동
고척로27바길,주거지 도로,37.507427,126.8475905,37.5073194,126.8472604,37.5073732,126.84742545,31.479887747872706,,,,249662838,,,,,고척2동
고척로27마길,주거지 도로,37.5067701,126.8479266,37.5068091,126.848056,37.5067896,126.8479913,12.21028498625002,,,,249962186,,,,,고척2동
고척로27마길,주거지 도로,37.5067701,126.8479266,37.50668,126.8476279,37.50672505,126.84777725,28.18852953954401,,,,249962186,,,,,고척2동
고척로27마길,주거지 도로,37.5067701,126.8479266,37.507427,126.8475905,37.507098549999995,126.84775855,78.83129259060223,,,,249962222,,,,,고척2동
고척로37길,주거지 도로,37.5035542,126.8504911,37.5030614,126.8504651,37.5033078,126.8504781,54.84491461877491,,,,249664746,,,,,고척2동
고척로37길,주거지 도로,37.5035542,126.8504911,37.5035869,126.8501363,37.503570550000006,126.8503137,31.508397248674935,,,,249965908,,,,,고척2동
고척로37길,주거지 도로,37.5035542,126.8504911,37.5039485,126.8505091,37.50375135,126.8505001,43.87890297921314,,,,249664746,,,,,고척2동
고척로35길,주거지 도로,37.5027645,126.8496905,37.5035964,126.8500339,37.50318045,126.8498622,111.65031627722644,,,,249962172,,,,,고척2동
고척로33길,주거지 도로,37.5035802,126.8495761,37.5033713,126.8489021,37.50347575,126.8492391,63.83200545378394,,,,465801055,,,,,고척2동
고척로33가길,주거지 도로,37.5035802,126.8495761,37.5038883,126.8497156,37.50373425,126.84964585,36.402229152561326,,,,666023929,,,,,고척2동
고척로33가길,주거지 도로,37.5035802,126.8495761,37.5030367,126.8490794,37.503308450000006,126.84932775,83.71437715351024,,,,666023929,,,,,고척2동
고척로33길,주거지 도로,37.5036054,126.8487782,37.5038372,126.8486554,37.503721299999995,126.8487168,27.958806772947217,,,,249662834,,,True,,고척2동
고척로33길,주거지 도로,37.5036054,126.8487782,37.5038883,126.8497156,37.50374685,126.8492469,88.47180487946423,,,,249965910,,,,,고척2동
고척로33길,주거지 도로,37.5036054,126.8487782,37.5035331,126.8485228,37.50356925,126.8486505,23.920959657328773,,,,249965910,,,,,고척2동
고척로33길,주거지 도로,37.5038883,126.8497156,37.5036054,126.8487782,37.50374685,126.8492469,88.47180487946423,,,,249965910,,,,,고척2동
고척로33가길,주거지 도로,37.5038883,126.8497156,37.5035802,126.8495761,37.50373425,126.84964585,36.402229152561326,,,,666023929,,,,,고척2동
"['고척로33나길', '고척로33가길']",주거지 도로,37.5038883,126.8497156,37.5038372,126.8486554,37.50386275,126.8491855,131.919577805886,,,,"[666023929, 249962167]",,,,,고척2동
고척로33길,주거지 도로,37.5030367,126.8490794,37.5033713,126.8489021,37.503204,126.84899075,40.35954700021829,,,,249662834,,,True,,고척2동
고척로33가길,주거지 도로,37.5030367,126.8490794,37.5035802,126.8495761,37.503308450000006,126.84932775,83.71437715351024,,,,666023929,,,,,고척2동
고척로27길,주거지 도로,37.5028319,126.847219,37.5029408,126.8475421,37.50288635,126.84738055,30.967473950782463,,,,249965912,,,,,개봉1동
고척로31길,주거지 도로,37.5028319,126.847219,37.503238,126.8470198,37.50303495,126.8471194,48.45524293338482,,,,249662837,,,True,,개봉1동
고척로,주거지 도로,37.5021139,126.8479931,37.5029408,126.8475421,37.502527349999994,126.8477676,100.18531845754391,,,,249965913,,,,,개봉1동
고척로27길,주거지 도로,37.5030493,126.8478999,37.5031679,126.8482712,37.5031086,126.84808555,35.30885232671838,,,,249965912,,,,,개봉1동
고척로27길,주거지 도로,37.5030493,126.8478999,37.5029408,126.8475421,37.50299505,126.847721,33.79001093461555,,,,249965912,,,,,개봉1동
고척로,주거지 도로,37.5030493,126.8478999,37.5022513,126.8483516,37.5026503,126.84812575,97.26965145463808,,,,249965914,,,,,개봉1동
고척로,주거지 도로,37.5022513,126.8483516,37.5030493,126.8478999,37.5026503,126.84812575,97.26965145463808,,,,249965914,,,,,개봉1동
고척로30길,주거지 도로,37.5011381,126.8491005,37.5008145,126.8492651,37.5009763,126.8491828,38.80201909143442,,,,249663037,,,,,개봉1동
고척로30길,주거지 도로,37.5011381,126.8491005,37.5017007,126.8488143,37.5014194,126.8489574,67.46087705220867,,,,249663037,,,,,개봉1동
경인로33바길,주거지 도로,37.5011381,126.8491005,37.5012661,126.8494625,37.5012021,126.8492815,34.962267553461416,,,,465798430,,,,,개봉1동
경인로33바길,주거지 도로,37.5011381,126.8491005,37.5009967,126.8487305,37.5010674,126.8489155,36.229409446988065,,,,465798430,,,,,개봉1동
경인로33길,3차로,37.501673,126.8506125,37.5014016,126.850746,37.501537299999995,126.85067925,32.394811653788985,,,,240327208,,,,,고척2동
경인로33바길,주거지 도로,37.501673,126.8506125,37.5014299,126.8499252,37.501551449999994,126.85026885,66.38323559370757,,,,465798430,,,,,고척2동
경인로33길,3차로,37.501673,126.8506125,37.5028887,126.8500145,37.50228085,126.8503135,145.1081826920294,,,,240327208,,,,,고척2동
경인로33길,주거지 도로,37.4992415,126.8518084,37.4991188,126.8514423,37.49918015,126.85162535,35.06021784944961,,,,249965917,,,,,개봉1동
경인로33길,3차로,37.4992415,126.8518084,37.4988005,126.8520253,37.499021,126.85191685,52.63801108918886,,,,520732846,,,,,개봉1동
경인로33길,3차로,37.4992415,126.8518084,37.4998047,126.8515314,37.4995231,126.8516699,67.22373440118412,,,,520732846,,,,,개봉1동
고척로52마길,주거지 도로,37.501063,126.8542006,37.5009534,126.8545369,37.5010082,126.85436875,32.07260245740056,,,,249675080,,,,,개봉1동
고척로52마길,주거지 도로,37.501063,126.8542006,37.50116,126.8539029,37.5011115,126.85405175,28.390467785865727,,,,249675080,,,,,개봉1동
경인로35길,주거지 도로,37.501063,126.8542006,37.5002402,126.8537983,37.5006516,126.85399945,98.13336438528329,,,,249965918,,,,,개봉1동
고척로52라길,주거지 도로,37.501063,126.8542006,37.5018056,126.8545947,37.5014343,126.85439765,89.59368346853512,,,,249965919,,,,,개봉1동
고척로52라길,주거지 도로,37.5025125,126.8549698,37.5018056,126.8545947,37.50215905,126.85478225,85.28455713527207,,,,249965919,,,,,개봉1동
고척로52라길,주거지 도로,37.5025125,126.8549698,37.5024369,126.8552987,37.5024747,126.85513425,30.206887762965348,,,,250073617,,,,,고척2동
고척로52라길,주거지 도로,37.5025125,126.8549698,37.5019078,126.8542782,37.50221015,126.854624,114.07370406547318,,,,250073617,,,,,개봉1동
경서로9길,주거지 도로,37.5042089,126.8574903,37.5037474,126.8578858,37.50397815,126.85768805,62.05285002364863,,,,249965920,,,,,고척1동
경서로11길,주거지 도로,37.5042089,126.8574903,37.5042096,126.8588666,37.50420925,126.85817845,122.06636183166138,,,,249663043,,,,,고척1동
경서로11길,주거지 도로,37.5042089,126.8574903,37.5037829,126.8564483,37.5039959,126.8569693,103.8553891543934,,,,249663043,,,,,고척1동
경서로9길,주거지 도로,37.5036178,126.8579969,37.5037474,126.8578858,37.503682600000005,126.85794135,17.427617778429003,,,,249965920,,,,,고척1동
경서로7길,주거지 도로,37.5036178,126.8579969,37.5034089,126.8576736,37.50351335,126.85783525,36.78200277571001,,,,250073615,,,,,고척1동
경서로7길,주거지 도로,37.5036178,126.8579969,37.5042096,126.8588666,37.5039137,126.85843175,101.07436811669388,,,,250073615,,,,,고척1동
경서로9길,주거지 도로,37.5036178,126.8579969,37.5027792,126.8597253,37.5031985,126.8588611,179.2043334148499,,,,249965920,,,,,고척1동
경서로9길,주거지 도로,37.5027792,126.8597253,37.5036178,126.8579969,37.5031985,126.8588611,179.2043334148499,,,,249965920,,,,,고척1동
고척로52나길,주거지 도로,37.5055279,126.8589088,37.5057438,126.8594533,37.50563585,126.85918105,53.69607398540848,,,,249965921,,,,,고척2동
고척로52나길,주거지 도로,37.5055279,126.8589088,37.5054169,126.8586259,37.5054724,126.85876735,27.840278653979723,,,,249965921,,,,,고척2동
고척로,주거지 도로,37.5055279,126.8589088,37.5060657,126.8583031,37.5057968,126.85860595,83.22132084278496,,,,250073612,,,,,고척2동
고척로60길,주거지 도로,37.5057438,126.8594533,37.5051448,126.8598027,37.50544429999999,126.859628,73.39114219850016,,,,249663042,,,,,고척2동
고척로60길,주거지 도로,37.5057438,126.8594533,37.5059514,126.8593322,37.5058476,126.85939275,25.4359178275029,,,,249663042,,,,,고척2동
고척로52나길,주거지 도로,37.5057438,126.8594533,37.5055279,126.8589088,37.50563585,126.85918105,53.69607398540848,,,,249965921,,,,,고척2동
경인로15길,주거지 도로,37.4954256,126.8387973,37.4957235,126.8384811,37.49557455,126.8386392,43.30641952520676,,,,249965926,,,,,오류1동
경인로15가길,주거지 도로,37.4954256,126.8387973,37.4950865,126.8383333,37.495256049999995,126.8385653,55.65482016201712,,,,465765098,,,,,오류1동
경인로15길,주거지 도로,37.4954256,126.8387973,37.4950041,126.8395657,37.49521485,126.8391815,84.91190346024825,,,,249965926,,,,,오류1동
경인로15길,주거지 도로,37.4964078,126.8372776,37.4961782,126.8378727,37.496293,126.83757515,58.3789972707452,,,,249965926,,,,,오류1동
경인로15길,주거지 도로,37.4964078,126.8372776,37.4965912,126.836545,37.4964995,126.8369113,68.26053460326433,,,,249965926,,,,,오류1동
경인로15길,주거지 도로,37.4964078,126.8372776,37.4966752,126.83715,37.4965415,126.8372138,31.844724826160643,,,,250073650,,,,,오류1동
경인로15길,주거지 도로,37.4965912,126.836545,37.4967213,126.8363503,37.49665625,126.83644765,22.456964093146517,,,,249965926,,,,,오류1동
경인로15길,주거지 도로,37.4965912,126.836545,37.4964078,126.8372776,37.4964995,126.8369113,68.26053460326433,,,,249965926,,,,,오류1동
경인로15길,주거지 도로,37.4965912,126.836545,37.4963012,126.8359995,37.496446199999994,126.83627225,58.69384892379295,,,,910291657,,,,,수궁동
고척로12길,주거지 도로,37.4985639,126.8431172,37.498551,126.84304,37.49855745,126.8430786,6.959901826846294,,,,465772806,,,,,오류1동
경인로25길,주거지 도로,37.4985639,126.8431172,37.4978282,126.8430947,37.49819605,126.84310595,81.8314560099835,,,,185580442,,,,,오류1동
고척로16길,주거지 도로,37.4985639,126.8431172,37.49861,126.8442097,37.49858695,126.84366345,97.80487590881876,,,,249998686,,,,,오류1동
경인로19길,주거지 도로,37.4978282,126.8430947,37.4974198,126.8423908,37.497624,126.84274275,86.29353497679229,,,,185580419,,,,,오류1동
경인로25길,주거지 도로,37.4978282,126.8430947,37.4974375,126.843456,37.49763285,126.84327535,55.55494296973468,,,,185580442,,,,,오류1동
경인로25길,주거지 도로,37.4978282,126.8430947,37.4985639,126.8431172,37.49819605,126.84310595,81.8314560099835,,,,185580442,,,,,오류1동
고척로10길,주거지 도로,37.4986839,126.8420446,37.4978363,126.8416587,37.4982601,126.84185165,115.72266727909226,,,,"[249998688, 465767260]",,,,,오류1동
고척로12길,주거지 도로,37.498707,126.842712,37.4992786,126.8427221,37.4989928,126.84271705,63.56535481806827,,,,249998695,,,,,오류1동
고척로12길,주거지 도로,37.498707,126.842712,37.4987267,126.8424227,37.49871685,126.84256735,25.61544972974264,,,,465772806,,,,,오류1동
고척로12길,주거지 도로,37.498707,126.842712,37.498551,126.84304,37.498629,126.842876,41.452469743715994,,,,465772806,,,,,오류1동
고척로12길,주거지 도로,37.498551,126.84304,37.4985639,126.8431172,37.49855745,126.8430786,6.959901826846294,,,,465772806,,,,,오류1동
고척로12길,주거지 도로,37.498551,126.84304,37.498707,126.842712,37.498629,126.842876,41.452469743715994,,,,465772806,,,,,오류1동
고척로12길,주거지 도로,37.498551,126.84304,37.4989761,126.8431971,37.49876355,126.84311855,53.75990383112632,,,,465772808,,,,,오류1동
고척로,3차로,37.5001807,126.8427177,37.5008101,126.8444142,37.500495400000005,126.84356595,165.38560075875696,,,,37399208,,,,,개봉1동
고척로,3차로,37.5001807,126.8427177,37.4999111,126.8422082,37.5000459,126.84246295,54.03265667083823,,,,37399208,,,,,개봉1동
고척로12길,주거지 도로,37.5001807,126.8427177,37.4998758,126.8429638,37.50002825,126.84284075,40.25881179886703,,,,249998695,,,,,개봉1동
고척로12길,주거지 도로,37.4996599,126.8430302,37.4994677,126.8428923,37.4995638,126.84296125,24.705490756402217,,,,249998695,,,,,오류1동
고척로12길,주거지 도로,37.4996599,126.8430302,37.4998758,126.8429638,37.49976785,126.842997,25.31941046728937,,,,249998695,,,,,개봉1동
고척로12길,주거지 도로,37.4996599,126.8430302,37.4997333,126.8438867,37.4996966,126.84345845,82.52970063902754,,,,249998696,,,,,오류1동
고척로12길,주거지 도로,37.4992786,126.8427221,37.498707,126.842712,37.4989928,126.84271705,63.56535481806827,,,,249998695,,,,,오류1동
고척로12길,주거지 도로,37.4992786,126.8427221,37.4994677,126.8428923,37.49937315,126.8428072,25.83745876119053,,,,249998695,,,,,오류1동
고척로,주거지 도로,37.4992786,126.8427221,37.4994278,126.8414407,37.4993532,126.8420814,117.95847882630584,,,,465772807,,,,,오류1동
고척로12길,주거지 도로,37.4997333,126.8438867,37.4993862,126.8438497,37.49955975,126.8438682,38.73358792079421,,,,465772805,,,,,오류1동
고척로12길,주거지 도로,37.4997333,126.8438867,37.4995158,126.844473,37.49962455,126.84417985,58.94867513407869,,,,249998696,,,,,오류1동
고척로12길,주거지 도로,37.4997333,126.8438867,37.4996599,126.8430302,37.4996966,126.84345845,82.52970063902754,,,,249998696,,,,,오류1동
고척로12길,주거지 도로,37.4993862,126.8438497,37.4997333,126.8438867,37.49955975,126.8438682,38.73358792079421,,,,465772805,,,,,오류1동
부일로19길,주거지 도로,37.4932707,126.8364067,37.493563,126.8364004,37.49341685,126.83640355,32.507075077663664,,,,249998698,,,,,수궁동
부일로,3차로,37.4932707,126.8364067,37.493283,126.8372916,37.49327685,126.83684915,78.08222294898741,,,,520936073,,,,,수궁동
부일로,3차로,37.4932707,126.8364067,37.493249,126.8348514,37.49325985,126.83562905,137.23748461144334,,,,520936073,,,,,수궁동
개봉로3길,주거지 도로,37.4864145,126.856498,37.4863623,126.8557151,37.4863884,126.85610655,69.32110364586306,,,,249998708,,,,,개봉3동
개봉로,주거지 도로,37.4864145,126.856498,37.4865016,126.8571584,37.48645805,126.8568282,59.12789028698556,,,,465750900,,,,,개봉3동
개봉로3길,주거지 도로,37.4860635,126.8507951,37.4863847,126.8510029,37.4862241,126.850899,40.14710773037775,,,,252616608,,,,,개봉3동
개봉로3길,주거지 도로,37.4860635,126.8507951,37.4860913,126.851247,37.4860774,126.85102105,39.992337879780784,,,,520731341,,,,,개봉3동
개봉로3길,주거지 도로,37.4860635,126.8507951,37.4847832,126.8506773,37.485423350000005,126.8507362,144.95847689294158,,,,252616608,,,,,개봉3동
개봉로11길,주거지 도로,37.4880739,126.8507376,37.4878996,126.8518439,37.487986750000005,126.85129075,101.13449147081914,,,,249998709,,,,,개봉3동
개봉로17길,주거지 도로,37.4916543,126.8559679,37.4916263,126.8552463,37.4916403,126.8556071,63.74059252719732,,,,249998710,,,,,개봉2동
개봉로18길,주거지 도로,37.4916543,126.8559679,37.49153,126.8566754,37.49159215,126.85632165,66.96603862812908,,,,1209015199,,,,,개봉2동
개봉로15길,주거지 도로,37.4900049,126.8561397,37.4899513,126.8553969,37.4899781,126.8557683,65.80682874268746,,,,249998711,,,,,개봉3동
개봉로16길,주거지 도로,37.4900049,126.8561397,37.4900381,126.8568053,37.4900215,126.8564725,58.840996969270506,,,,1209015192,,,,,개봉3동
개봉로17나길,주거지 도로,37.4928882,126.8552918,37.4929817,126.8545784,37.492934950000006,126.8549351,63.79286971712125,,,,249998712,,,,,개봉2동
개봉로17가길,주거지 도로,37.4928882,126.8552918,37.4916263,126.8552463,37.49225725,126.85526905,140.37448620831208,,,,249998731,,,,,개봉2동
개봉로17가길,주거지 도로,37.4928882,126.8552918,37.4930819,126.8553287,37.49298505,126.85531025,21.783131466601052,,,,249998731,,,,,개봉2동
개봉로2길,주거지 도로,37.4904853,126.8612683,37.4888663,126.8599048,37.4896758,126.86058655,216.6516197456894,,,,520731352,,,,,개봉2동
개봉로2길,주거지 도로,37.4904853,126.8612683,37.4913856,126.863604,37.49093545,126.86243615,232.8807788222698,,,,"[520731353, 1303868852]",,4,,,개봉3동
개봉로2길,주거지 도로,37.4904853,126.8612683,37.4920627,126.8604122,37.491274,126.86084025,194.76237098533443,,,,"[947244160, 947244161, 565082128, 565082129, 249998714]",,"['1', '2', '3']",,,개봉2동
개봉로17나길,주거지 도로,37.4931739,126.8529387,37.4931091,126.8535211,37.4931415,126.8532299,51.8850514122112,,,,249998712,,,,,개봉2동
개봉로17마길,주거지 도로,37.4931739,126.8529387,37.4921563,126.8530599,37.4926651,126.8529993,113.65623958199758,,,,249998715,,,,,개봉2동
개봉로17나길,주거지 도로,37.4931739,126.8529387,37.4932853,126.8524076,37.4932296,126.85267315,48.56179404555034,,,,249998712,,,,,개봉2동
개봉로17마길,주거지 도로,37.4913114,126.8531605,37.4917631,126.8531067,37.49153725,126.8531336,50.45060657760406,,,,249998715,,,,,개봉2동
개봉로17길,주거지 도로,37.4913114,126.8531605,37.4912685,126.8525957,37.491289949999995,126.8528781,50.058574751951184,,,,520731356,,,,,개봉2동
개봉로17길,주거지 도로,37.4913114,126.8531605,37.4914188,126.8536529,37.4913651,126.8534067,46.1951063724066,,,,249998710,,,,,개봉2동
개봉로15길,주거지 도로,37.4913114,126.8531605,37.4898076,126.8532883,37.4905595,126.8532244,167.60281681471167,,,,249998716,,,,,개봉2동
개봉로11길,주거지 도로,37.4879252,126.8535012,37.4878904,126.8529859,37.4879078,126.85324355,45.629949961765654,,,,249998709,,,,,개봉3동
개봉로11길,주거지 도로,37.4879252,126.8535012,37.4879602,126.8540187,37.487942700000005,126.85375995,45.82522457577066,,,,249998709,,,,,개봉3동
개봉로11길,주거지 도로,37.4879252,126.8535012,37.4898076,126.8532883,37.4888664,126.85339475,210.15479993795543,,,,249998717,,,,,개봉3동
개봉로11길,주거지 도로,37.4879252,126.8535012,37.486742,126.8535838,37.4873336,126.8535425,131.76772281558868,,,,249998733,,,,,개봉3동
개봉로3길,주거지 도로,37.486152,126.852233,37.4862399,126.8536624,37.486195949999995,126.8529477,126.49884052638076,,,,249998708,,,,,개봉3동
개봉로1나길,주거지 도로,37.486152,126.852233,37.4856551,126.8522844,37.48590355,126.8522587,55.43865195451583,,,,249998718,,,,,개봉3동
개봉로3길,주거지 도로,37.486152,126.852233,37.486637,126.8521901,37.4863945,126.85221155,54.062289687879264,,,,252838497,,,,,개봉3동
개봉로3길,주거지 도로,37.486152,126.852233,37.4860913,126.851247,37.48612165,126.85174,87.2595482465352,,,,520731341,,,,,개봉3동
개봉로1나길,주거지 도로,37.483908,126.8534154,37.4837593,126.8539434,37.48383365,126.8536794,49.43580969211141,,,,249998718,,,,,개봉3동
개봉로3가길,주거지 도로,37.483908,126.8534154,37.4843541,126.8536451,37.48413105,126.85353025,53.58498885691632,,,,249998723,,,,,개봉3동
개봉로1나길,주거지 도로,37.483908,126.8534154,37.4856551,126.8522844,37.48478155,126.8528499,231.49799761427124,,,,249998718,,,,,개봉3동
개봉로3가길,주거지 도로,37.483908,126.8534154,37.4829521,126.8525827,37.48343005,126.85299905,132.36895492264762,,,,249998723,,,,,개봉3동
개봉로1나길,주거지 도로,37.4837593,126.8539434,37.483908,126.8534154,37.48383365,126.8536794,49.43580969211141,,,,249998718,,,,,개봉3동
개봉로1길,주거지 도로,37.4837593,126.8539434,37.4824529,126.8529335,37.4831061,126.85343845,173.65859826371175,,,,249998720,,,True,,개봉3동
개봉로1라길,주거지 도로,37.4818808,126.8501114,37.482053,126.8501847,37.4819669,126.85014805,20.210672760730297,,,,465746585,,,,,개봉3동
개봉로1길,주거지 도로,37.4818808,126.8501114,37.4817427,126.8462975,37.48181175,126.84820445,363.03973796665855,,,,520731354,,,,,광명3동
개봉로1길,주거지 도로,37.4817427,126.8462975,37.4818808,126.8501114,37.48181175,126.84820445,363.03973796665855,,,,520731354,,,,,광명3동
개봉로11길,주거지 도로,37.4879602,126.8540187,37.4879252,126.8535012,37.487942700000005,126.85375995,45.82522457577066,,,,249998709,,,,,개봉3동
개봉로11길,주거지 도로,37.4879602,126.8540187,37.4879968,126.8545597,37.4879785,126.8542892,47.90625439083819,,,,249998709,,,,,개봉3동
개봉로11길,주거지 도로,37.4879602,126.8540187,37.486782,126.8541348,37.4873711,126.85407675,131.40991773291535,,,,249998722,,,,,개봉3동
개봉로11길,주거지 도로,37.4879602,126.8540187,37.4898359,126.8537966,37.48889805,126.85390765,209.4871551924514,,,,249998724,,,,,개봉3동
개봉로3길,주거지 도로,37.4862721,126.854185,37.4862399,126.8536624,37.486256,126.8539237,46.249486804129525,,,,249998708,,,,,개봉3동
개봉로3길,주거지 도로,37.4862721,126.854185,37.4863535,126.8555072,37.4863128,126.8548461,117.0124805752069,,,,249998708,,,,,개봉3동
개봉로3가길,주거지 도로,37.4862721,126.854185,37.4857928,126.8542264,37.48603245,126.8542057,53.4208397357952,,,,249998723,,,,,개봉3동
개봉로3길,주거지 도로,37.4862721,126.854185,37.486782,126.8541348,37.48652705,126.8541599,56.87111876116504,,,,465746594,,,,,개봉3동
개봉로17나길,주거지 도로,37.4931091,126.8535211,37.493053,126.8540258,37.49308105,126.85377345,44.96207685449129,,,,249998712,,,,,개봉2동
개봉로17나길,주거지 도로,37.4931091,126.8535211,37.4931739,126.8529387,37.4931415,126.8532299,51.8850514122112,,,,249998712,,,,,개봉2동
개봉로17라길,주거지 도로,37.4931091,126.8535211,37.493506,126.853572,37.49330755,126.85354655,44.36120622443441,,,,465740965,,,,,개봉2동
개봉로17라길,주거지 도로,37.4931091,126.8535211,37.4914188,126.8536529,37.492263949999995,126.853587,188.3124114351859,,,,465740965,,,,,개봉2동
개봉로17라길,주거지 도로,37.4939402,126.8536504,37.493506,126.853572,37.4937231,126.8536112,48.77384394782131,,,,465740965,,,,,개봉2동
개봉로19길,주거지 도로,37.4939402,126.8536504,37.4938611,126.8542741,37.49390065,126.85396225,55.72395776933928,,,,520731360,,,,,개봉2동
개봉로19길,주거지 도로,37.4939402,126.8536504,37.4944088,126.8518663,37.4941745,126.85275835,166.93474790809125,,,,520731360,,,,,개봉2동
개봉로16가길,주거지 도로,37.4905437,126.8577851,37.4905728,126.8582919,37.49055825000001,126.8580385,44.830951043990545,,,,1209015200,,,,,개봉2동
개봉로18길,주거지 도로,37.4905437,126.8577851,37.4910184,126.8574331,37.49078105,126.8576091,66.63401499615415,,,,249998725,,,True,,개봉2동
개봉로12길,주거지 도로,37.4900381,126.8568053,37.4886413,126.8569502,37.4893397,126.85687775,155.8425618291826,,,,249998727,,,True,,개봉3동
개봉로16길,주거지 도로,37.4900381,126.8568053,37.4900049,126.8561397,37.4900215,126.8564725,58.840996969270506,,,,1209015192,,,,,개봉3동
개봉로12길,주거지 도로,37.4881562,126.8570005,37.4881688,126.8572147,37.4881625,126.8571076,18.95093636984985,,,,65372761,,2,,,개봉3동
개봉로12길,주거지 도로,37.4881562,126.8570005,37.4881402,126.8567294,37.4881482,126.85686495,23.985495821782013,,,,65372761,,2,,,개봉3동
개봉로10길,주거지 도로,37.4881562,126.8570005,37.4876813,126.8570458,37.48791875,126.85702315,52.957589083738974,,,,250375636,,,True,,개봉3동
개봉로12길,주거지 도로,37.4881562,126.8570005,37.4886413,126.8569502,37.48839875,126.85697535,54.12299681324723,,,,1209015193,,,True,,개봉3동
개봉로16길,주거지 도로,37.4900897,126.8578406,37.4900639,126.8573244,37.4900768,126.8575825,45.63392749762992,,,,249998726,,,True,,개봉3동
개봉로16길,주거지 도로,37.4900897,126.8578406,37.4887071,126.8579883,37.4893984,126.85791445,154.2896362646842,,,,249998728,,,True,,개봉3동
개봉로14길,주거지 도로,37.4887071,126.8579883,37.4887367,126.8585083,37.4887219,126.8582483,45.997671810570104,,,,249998729,,,True,,개봉3동
개봉로14길,주거지 도로,37.488768,126.8590588,37.4890921,126.8590206,37.48893005,126.8590397,36.19558682932863,,,,249998729,,,True,,개봉3동
개봉로2길,주거지 도로,37.488768,126.8590588,37.4883905,126.8595236,37.48857925,126.8592912,62.07931902507907,,,,465750921,,,,,개봉3동
개봉로14길,주거지 도로,37.4886413,126.8569502,37.4886751,126.8574848,37.4886582,126.8572175,47.3174654411848,,,,249998729,,,True,,개봉3동
개봉로16길,주거지 도로,37.4900639,126.8573244,37.4900381,126.8568053,37.490051,126.85706485,45.88930326552829,,,,249998726,,,True,,개봉3동
개봉로14길,주거지 도로,37.4886751,126.8574848,37.4887071,126.8579883,37.4886911,126.85773655,44.56625633791157,,,,249998729,,,True,,개봉3동
개봉로16길,주거지 도로,37.4886751,126.8574848,37.4900639,126.8573244,37.4893695,126.8574046,155.07483405005118,,,,249998730,,,True,,개봉3동
개봉로17가길,주거지 도로,37.4937144,126.855449,37.4933011,126.8553704,37.49350775,126.8554097,46.47715517399664,,,,249998731,,,,,개봉2동
개봉로3길,주거지 도로,37.4863623,126.8557151,37.4863535,126.8555072,37.4863579,126.85561115,18.369742962507765,,,,249998708,,,,,개봉3동
개봉로3길,주거지 도로,37.4863623,126.8557151,37.4864145,126.856498,37.4863884,126.85610655,69.32110364586306,,,,249998708,,,,,개봉3동
개봉로11길,주거지 도로,37.4863623,126.8557151,37.4868711,126.8556601,37.4866167,126.8556876,56.783801504174996,,,,465746598,,,,,개봉3동
개봉로5길,주거지 도로,37.4868711,126.8556601,37.4868565,126.8554628,37.4868638,126.85556145,17.483809203627274,,,,249998732,,,,,개봉3동
개봉로11길,주거지 도로,37.4868711,126.8556601,37.4863623,126.8557151,37.4866167,126.8556876,56.783801504174996,,,,465746598,,,,,개봉3동
개봉로11길,주거지 도로,37.4868711,126.8556601,37.4870458,126.8556434,37.48695845,126.85565175,19.481584091053243,,,,465746598,,,,,개봉3동
개봉로3길,주거지 도로,37.4860913,126.851247,37.4860635,126.8507951,37.4860774,126.85102105,39.992337879780784,,,,520731341,,,,,개봉3동
개봉로5길,주거지 도로,37.4860913,126.851247,37.486637,126.8521901,37.48636415,126.85171855,124.46879058630635,,,,249998732,,,,,개봉3동
개봉로3길,주거지 도로,37.4860913,126.851247,37.486152,126.852233,37.48612165,126.85174,87.2595482465352,,,,520731341,,,,,개봉3동
개봉로3길,주거지 도로,37.4863847,126.8510029,37.4860635,126.8507951,37.4862241,126.850899,40.14710773037775,,,,252616608,,,,,개봉3동
개봉로5길,주거지 도로,37.486742,126.8535838,37.4867058,126.8530869,37.4867239,126.85333535,44.0272098353476,,,,249998732,,,,,개봉3동
개봉로5길,주거지 도로,37.486742,126.8535838,37.486782,126.8541348,37.486762,126.8538593,48.81921498810617,,,,249998732,,,,,개봉3동
개봉로11길,주거지 도로,37.486742,126.8535838,37.4879252,126.8535012,37.4873336,126.8535425,131.76772281558868,,,,249998733,,,,,개봉3동
개봉로17나길,주거지 도로,37.4940232,126.8507751,37.4942592,126.8505031,37.4941412,126.8506391,35.55975338781371,,,,249998712,,,,,개봉2동
개봉로17나길,주거지 도로,37.4940232,126.8507751,37.4937206,126.8513151,37.4938719,126.8510451,58.67348568104853,,,,249998712,,,,,개봉2동
개봉로17아길,주거지 도로,37.4940232,126.8507751,37.4930934,126.8508663,37.4935583,126.8508207,103.70180246685408,,,,249998734,,,,,개봉2동
개봉로17길,주거지 도로,37.4911517,126.8510566,37.4911287,126.8508104,37.4911402,126.8509335,21.87164021434449,,,,520731356,,,,,개봉2동
개봉로17길,주거지 도로,37.4911517,126.8510566,37.4911926,126.8515956,37.49117215,126.8513261,47.77155221937588,,,,520731356,,,,,개봉2동
개봉로17아길,주거지 도로,37.4911517,126.8510566,37.4930934,126.8508663,37.492122550000005,126.85096145,216.5593051859898,,,,249998734,,,,,개봉2동
개봉로15길,주거지 도로,37.4911517,126.8510566,37.4898367,126.8511851,37.4904942,126.85112085,146.6603981208881,,,,249998735,,,,,개봉2동
개봉로15길,주거지 도로,37.4898367,126.8511851,37.4898652,126.8517138,37.48985095,126.85144945,46.75418696581923,,,,520731359,,,,,개봉3동
개봉로15길,주거지 도로,37.4898367,126.8511851,37.4911517,126.8510566,37.4904942,126.85112085,146.6603981208881,,,,249998735,,,,,개봉2동
"['개봉로15길', '개봉로17길']",주거지 도로,37.4898367,126.8511851,37.4906295,126.8506242,37.4902331,126.85090465,125.87804168857986,,,,"[520731356, 520731359]",,,,,개봉2동
개봉로17바길,주거지 도로,37.4937206,126.8513151,37.4920335,126.8515023,37.49287705,126.8514087,188.3228361768216,,,,249998736,,,,,개봉2동
개봉로17바길,주거지 도로,37.4937206,126.8513151,37.4940687,126.8516222,37.49389465,126.85146865,47.2472067763837,,,,249998736,,,,,개봉2동
개봉로17나길,주거지 도로,37.4937206,126.8513151,37.4934601,126.8518794,37.493590350000005,126.85159725,57.71154774820328,,,,249998712,,,,,개봉2동
개봉로17나길,주거지 도로,37.4937206,126.8513151,37.4940232,126.8507751,37.4938719,126.8510451,58.67348568104853,,,,249998712,,,,,개봉2동
개봉로15길,주거지 도로,37.4898652,126.8517138,37.4911926,126.8515956,37.4905289,126.8516547,147.96830616661148,,,,465740966,,,,,개봉2동
개봉로15길,주거지 도로,37.4898652,126.8517138,37.4898926,126.8522214,37.489878899999994,126.8519676,44.88852968903598,,,,520731357,,,,,개봉3동
개봉로15길,주거지 도로,37.4898652,126.8517138,37.4898367,126.8511851,37.48985095,126.85144945,46.75418696581923,,,,520731359,,,,,개봉3동
경서로1길,주거지 도로,37.4988487,126.8542526,37.4990596,126.854889,37.49895415,126.8545708,60.84311391980032,,,,520805727,,,,,개봉1동
경인로35길,주거지 도로,37.4988487,126.8542526,37.4989279,126.8541158,37.4988883,126.8541842,15.080725198612225,,,,249662861,,,,,개봉1동
경인로35길,주거지 도로,37.4988487,126.8542526,37.4978402,126.8553154,37.498344450000005,126.854784,146.27167778660487,,,,249662861,,,,,개봉1동
신월로,3차로,37.5145678,126.8311568,37.5151918,126.8333148,37.5148798,126.8322358,202.5871038182367,,,,910050343,,8,,,신정3동
신정이펜2로,주거지 도로,37.5145678,126.8311568,37.5128991,126.8319396,37.51373345,126.8315482,198.0807100760537,,,,250002678,,,,,신정3동
신정이펜2로,주거지 도로,37.5145678,126.8311568,37.5154185,126.8314237,37.51499315,126.83129025,100.07700946668166,,,,250002678,,,,,신정3동
신월로,3차로,37.5145678,126.8311568,37.5140024,126.8286676,37.5142851,126.8299122,228.37206397406544,,,,910050343,,8,,,신정3동
신정이펜1로,주거지 도로,37.5140024,126.8286676,37.5111351,126.8328163,37.51256875,126.83074195,563.6249307859723,,,,250002677,,,,,신정3동
신정이펜1로,주거지 도로,37.5140024,126.8286676,37.5159884,126.8279213,37.5149954,126.82829445,234.147973810947,,,,250002677,,,,,신정3동
신월로,3차로,37.5140024,126.8286676,37.5145678,126.8311568,37.5142851,126.8299122,228.37206397406544,,,,910050343,,8,,,신정3동
신정이펜2로,주거지 도로,37.5111351,126.8328163,37.5122285,126.8322729,37.5116818,126.8325446,130.68708986215162,,,,517213065,,,,,신정3동
신정이펜1로,주거지 도로,37.5111351,126.8328163,37.5140024,126.8286676,37.51256875,126.83074195,563.6249307859724,,,,250002677,,,,,신정3동
신정이펜1로,주거지 도로,37.5111351,126.8328163,37.5119249,126.8357114,37.51152999999999,126.83426385,270.03943258238735,,,,517213064,,,,,신정3동
신정로7길,주거지 도로,37.5128991,126.8319396,37.51328,126.8331745,37.51308955,126.83255705,116.8651311402105,,,,250002679,,,,,신정3동
